1 0
2 1
3 1
4 2
5 2
6 2
7 2
8 3
9 3
10 3
11 3
12 3
13 3
14 3
15 3
16 4
17 4
18 4
19 4
20 4
21 4
22 4
23 4
24 4
25 4
26 4
27 4
28 4
29 4
30 4
31 4
32 5
33 5
34 5
35 5
36 5
37 5
38 5
39 5
40 5
41 5
42 5
43 5
44 5
45 5
46 5
47 5
48 5
49 5
50 5
51 5
52 5
53 5
54 5
55 5
56 5
57 5
58 5
59 5
60 5
61 5
62 5
63 5
64 6
65 6
66 6
67 6
68 6
69 6
70 6
71 6
72 6
73 6
74 6
75 6
76 6
77 6
78 6
79 6
80 6
81 6
82 6
83 6
84 6
85 6
86 6
87 6
88 6
89 6
90 6
91 6
92 6
93 6
94 6
95 6
96 6
97 6
98 6
99 6
100 6
101 6
102 6
103 6
104 6
105 6
106 6
107 6
108 6
109 6
110 6
111 6
112 6
113 6
114 6
115 6
116 6
117 6
118 6
119 6
120 6
121 6
122 6
123 6
124 6
125 6
126 6
127 6
128 7
129 7
130 7
131 7
132 7
133 7
134 7
135 7
136 7
137 7
138 7
139 7
140 7
141 7
142 7
143 7
144 7
145 7
146 7
147 7
148 7
149 7
150 7
151 7
152 7
153 7
154 7
155 7
156 7
157 7
158 7
159 7
160 7
161 7
162 7
163 7
164 7
165 7
166 7
167 7
168 7
169 7
170 7
171 7
172 7
173 7
174 7
175 7
176 7
177 7
178 7
179 7
180 7
181 7
182 7
183 7
184 7
185 7
186 7
187 7
188 7
189 7
190 7
191 7
192 7
193 7
194 7
195 7
196 7
197 7
198 7
199 7
200 7
201 7
202 7
203 7
204 7
205 7
206 7
207 7
208 7
209 7
210 7
211 7
212 7
213 7
214 7
215 7
216 7
217 7
218 7
219 7
220 7
221 7
222 7
223 7
224 7
225 7
226 7
227 7
228 7
229 7
230 7
231 7
232 7
233 7
234 7
235 7
236 7
237 7
238 7
239 7
240 7
241 7
242 7
243 7
244 7
245 7
246 7
247 7
248 7
249 7
250 7
251 7
252 7
253 7
254 7
255 7
256 8
257 8
258 8
259 8
260 8
261 8
262 8
263 8
264 8
265 8
266 8
267 8
268 8
269 8
270 8
271 8
272 8
273 8
274 8
275 8
276 8
277 8
278 8
279 8
280 8
281 8
282 8
283 8
284 8
285 8
286 8
287 8
288 8
289 8
290 8
291 8
292 8
293 8
294 8
295 8
296 8
297 8
298 8
299 8
300 8
301 8
302 8
303 8
304 8
305 8
306 8
307 8
308 8
309 8
310 8
311 8
312 8
313 8
314 8
315 8
316 8
317 8
318 8
319 8
320 8
321 8
322 8
323 8
324 8
325 8
326 8
327 8
328 8
329 8
330 8
331 8
332 8
333 8
334 8
335 8
336 8
337 8
338 8
339 8
340 8
341 8
342 8
343 8
344 8
345 8
346 8
347 8
348 8
349 8
350 8
351 8
352 8
353 8
354 8
355 8
356 8
357 8
358 8
359 8
360 8
361 8
362 8
363 8
364 8
365 8
366 8
367 8
368 8
369 8
370 8
371 8
372 8
373 8
374 8
375 8
376 8
377 8
378 8
379 8
380 8
381 8
382 8
383 8
384 8
385 8
386 8
387 8
388 8
389 8
390 8
391 8
392 8
393 8
394 8
395 8
396 8
397 8
398 8
399 8
400 8
401 8
402 8
403 8
404 8
405 8
406 8
407 8
408 8
409 8
410 8
411 8
412 8
413 8
414 8
415 8
416 8
417 8
418 8
419 8
420 8
421 8
422 8
423 8
424 8
425 8
426 8
427 8
428 8
429 8
430 8
431 8
432 8
433 8
434 8
435 8
436 8
437 8
438 8
439 8
440 8
441 8
442 8
443 8
444 8
445 8
446 8
447 8
448 8
449 8
450 8
451 8
452 8
453 8
454 8
455 8
456 8
457 8
458 8
459 8
460 8
461 8
462 8
463 8
464 8
465 8
466 8
467 8
468 8
469 8
470 8
471 8
472 8
473 8
474 8
475 8
476 8
477 8
478 8
479 8
480 8
481 8
482 8
483 8
484 8
485 8
486 8
487 8
488 8
489 8
490 8
491 8
492 8
493 8
494 8
495 8
496 8
497 8
498 8
499 8
500 8
501 8
502 8
503 8
504 8
505 8
506 8
507 8
508 8
509 8
510 8
511 8
512 9
513 9
514 9
515 9
516 9
517 9
518 9
519 9
520 9
521 9
522 9
523 9
524 9
525 9
526 9
527 9
528 9
529 9
530 9
531 9
532 9
533 9
534 9
535 9
536 9
537 9
538 9
539 9
540 9
541 9
542 9
543 9
544 9
545 9
546 9
547 9
548 9
549 9
550 9
551 9
552 9
553 9
554 9
555 9
556 9
557 9
558 9
559 9
560 9
561 9
562 9
563 9
564 9
565 9
566 9
567 9
568 9
569 9
570 9
571 9
572 9
573 9
574 9
575 9
576 9
577 9
578 9
579 9
580 9
581 9
582 9
583 9
584 9
585 9
586 9
587 9
588 9
589 9
590 9
591 9
592 9
593 9
594 9
595 9
596 9
597 9
598 9
599 9
600 9
601 9
602 9
603 9
604 9
605 9
606 9
607 9
608 9
609 9
610 9
611 9
612 9
613 9
614 9
615 9
616 9
617 9
618 9
619 9
620 9
621 9
622 9
623 9
624 9
625 9
626 9
627 9
628 9
629 9
630 9
631 9
632 9
633 9
634 9
635 9
636 9
637 9
638 9
639 9
640 9
641 9
642 9
643 9
644 9
645 9
646 9
647 9
648 9
649 9
650 9
651 9
652 9
653 9
654 9
655 9
656 9
657 9
658 9
659 9
660 9
661 9
662 9
663 9
664 9
665 9
666 9
667 9
668 9
669 9
670 9
671 9
672 9
673 9
674 9
675 9
676 9
677 9
678 9
679 9
680 9
681 9
682 9
683 9
684 9
685 9
686 9
687 9
688 9
689 9
690 9
691 9
692 9
693 9
694 9
695 9
696 9
697 9
698 9
699 9
700 9
701 9
702 9
703 9
704 9
705 9
706 9
707 9
708 9
709 9
710 9
711 9
712 9
713 9
714 9
715 9
716 9
717 9
718 9
719 9
720 9
721 9
722 9
723 9
724 9
725 9
726 9
727 9
728 9
729 9
730 9
731 9
732 9
733 9
734 9
735 9
736 9
737 9
738 9
739 9
740 9
741 9
742 9
743 9
744 9
745 9
746 9
747 9
748 9
749 9
750 9
751 9
752 9
753 9
754 9
755 9
756 9
757 9
758 9
759 9
760 9
761 9
762 9
763 9
764 9
765 9
766 9
767 9
768 9
769 9
770 9
771 9
772 9
773 9
774 9
775 9
776 9
777 9
778 9
779 9
780 9
781 9
782 9
783 9
784 9
785 9
786 9
787 9
788 9
789 9
790 9
791 9
792 9
793 9
794 9
795 9
796 9
797 9
798 9
799 9
800 9
801 9
802 9
803 9
804 9
805 9
806 9
807 9
808 9
809 9
810 9
811 9
812 9
813 9
814 9
815 9
816 9
817 9
818 9
819 9
820 9
821 9
822 9
823 9
824 9
825 9
826 9
827 9
828 9
829 9
830 9
831 9
832 9
833 9
834 9
835 9
836 9
837 9
838 9
839 9
840 9
841 9
842 9
843 9
844 9
845 9
846 9
847 9
848 9
849 9
850 9
851 9
852 9
853 9
854 9
855 9
856 9
857 9
858 9
859 9
860 9
861 9
862 9
863 9
864 9
865 9
866 9
867 9
868 9
869 9
870 9
871 9
872 9
873 9
874 9
875 9
876 9
877 9
878 9
879 9
880 9
881 9
882 9
883 9
884 9
885 9
886 9
887 9
888 9
889 9
890 9
891 9
892 9
893 9
894 9
895 9
896 9
897 9
898 9
899 9
900 9
901 9
902 9
903 9
904 9
905 9
906 9
907 9
908 9
909 9
910 9
911 9
912 9
913 9
914 9
915 9
916 9
917 9
918 9
919 9
920 9
921 9
922 9
923 9
924 9
925 9
926 9
927 9
928 9
929 9
930 9
931 9
932 9
933 9
934 9
935 9
936 9
937 9
938 9
939 9
940 9
941 9
942 9
943 9
944 9
945 9
946 9
947 9
948 9
949 9
950 9
951 9
952 9
953 9
954 9
955 9
956 9
957 9
958 9
959 9
960 9
961 9
962 9
963 9
964 9
965 9
966 9
967 9
968 9
969 9
970 9
971 9
972 9
973 9
974 9
975 9
976 9
977 9
978 9
979 9
980 9
981 9
982 9
983 9
984 9
985 9
986 9
987 9
988 9
989 9
990 9
991 9
992 9
993 9
994 9
995 9
996 9
997 9
998 9
999 9
1000 9
1001 9
1002 9
1003 9
1004 9
1005 9
1006 9
1007 9
1008 9
1009 9
1010 9
1011 9
1012 9
1013 9
1014 9
1015 9
1016 9
1017 9
1018 9
1019 9
1020 9
1021 9
1022 9
1023 9
1024 10
1025 10
1026 10
1027 10
1028 10
1029 10
1030 10
1031 10
1032 10
1033 10
1034 10
1035 10
1036 10
1037 10
1038 10
1039 10
1040 10
1041 10
1042 10
1043 10
1044 10
1045 10
1046 10
1047 10
1048 10
1049 10
1050 10
1051 10
1052 10
1053 10
1054 10
1055 10
1056 10
1057 10
1058 10
1059 10
1060 10
1061 10
1062 10
1063 10
1064 10
1065 10
1066 10
1067 10
1068 10
1069 10
1070 10
1071 10
1072 10
1073 10
1074 10
1075 10
1076 10
1077 10
1078 10
1079 10
1080 10
1081 10
1082 10
1083 10
1084 10
1085 10
1086 10
1087 10
1088 10
1089 10
1090 10
1091 10
1092 10
1093 10
1094 10
1095 10
1096 10
1097 10
1098 10
1099 10
1100 10
1101 10
1102 10
1103 10
1104 10
1105 10
1106 10
1107 10
1108 10
1109 10
1110 10
1111 10
1112 10
1113 10
1114 10
1115 10
1116 10
1117 10
1118 10
1119 10
1120 10
1121 10
1122 10
1123 10
1124 10
1125 10
1126 10
1127 10
1128 10
1129 10
1130 10
1131 10
1132 10
1133 10
1134 10
1135 10
1136 10
1137 10
1138 10
1139 10
1140 10
1141 10
1142 10
1143 10
1144 10
1145 10
1146 10
1147 10
1148 10
1149 10
1150 10
1151 10
1152 10
1153 10
1154 10
1155 10
1156 10
1157 10
1158 10
1159 10
1160 10
1161 10
1162 10
1163 10
1164 10
1165 10
1166 10
1167 10
1168 10
1169 10
1170 10
1171 10
1172 10
1173 10
1174 10
1175 10
1176 10
1177 10
1178 10
1179 10
1180 10
1181 10
1182 10
1183 10
1184 10
1185 10
1186 10
1187 10
1188 10
1189 10
1190 10
1191 10
1192 10
1193 10
1194 10
1195 10
1196 10
1197 10
1198 10
1199 10
1200 10
1201 10
1202 10
1203 10
1204 10
1205 10
1206 10
1207 10
1208 10
1209 10
1210 10
1211 10
1212 10
1213 10
1214 10
1215 10
1216 10
1217 10
1218 10
1219 10
1220 10
1221 10
1222 10
1223 10
1224 10
1225 10
1226 10
1227 10
1228 10
1229 10
1230 10
1231 10
1232 10
1233 10
1234 10
1235 10
1236 10
1237 10
1238 10
1239 10
1240 10
1241 10
1242 10
1243 10
1244 10
1245 10
1246 10
1247 10
1248 10
1249 10
1250 10
1251 10
1252 10
1253 10
1254 10
1255 10
1256 10
1257 10
1258 10
1259 10
1260 10
1261 10
1262 10
1263 10
1264 10
1265 10
1266 10
1267 10
1268 10
1269 10
1270 10
1271 10
1272 10
1273 10
1274 10
1275 10
1276 10
1277 10
1278 10
1279 10
1280 10
1281 10
1282 10
1283 10
1284 10
1285 10
1286 10
1287 10
1288 10
1289 10
1290 10
1291 10
1292 10
1293 10
1294 10
1295 10
1296 10
1297 10
1298 10
1299 10
1300 10
1301 10
1302 10
1303 10
1304 10
1305 10
1306 10
1307 10
1308 10
1309 10
1310 10
1311 10
1312 10
1313 10
1314 10
1315 10
1316 10
1317 10
1318 10
1319 10
1320 10
1321 10
1322 10
1323 10
1324 10
1325 10
1326 10
1327 10
1328 10
1329 10
1330 10
1331 10
1332 10
1333 10
1334 10
1335 10
1336 10
1337 10
1338 10
1339 10
1340 10
1341 10
1342 10
1343 10
1344 10
1345 10
1346 10
1347 10
1348 10
1349 10
1350 10
1351 10
1352 10
1353 10
1354 10
1355 10
1356 10
1357 10
1358 10
1359 10
1360 10
1361 10
1362 10
1363 10
1364 10
1365 10
1366 10
1367 10
1368 10
1369 10
1370 10
1371 10
1372 10
1373 10
1374 10
1375 10
1376 10
1377 10
1378 10
1379 10
1380 10
1381 10
1382 10
1383 10
1384 10
1385 10
1386 10
1387 10
1388 10
1389 10
1390 10
1391 10
1392 10
1393 10
1394 10
1395 10
1396 10
1397 10
1398 10
1399 10
1400 10
1401 10
1402 10
1403 10
1404 10
1405 10
1406 10
1407 10
1408 10
1409 10
1410 10
1411 10
1412 10
1413 10
1414 10
1415 10
1416 10
1417 10
1418 10
1419 10
1420 10
1421 10
1422 10
1423 10
1424 10
1425 10
1426 10
1427 10
1428 10
1429 10
1430 10
1431 10
1432 10
1433 10
1434 10
1435 10
1436 10
1437 10
1438 10
1439 10
1440 10
1441 10
1442 10
1443 10
1444 10
1445 10
1446 10
1447 10
1448 10
1449 10
1450 10
1451 10
1452 10
1453 10
1454 10
1455 10
1456 10
1457 10
1458 10
1459 10
1460 10
1461 10
1462 10
1463 10
1464 10
1465 10
1466 10
1467 10
1468 10
1469 10
1470 10
1471 10
1472 10
1473 10
1474 10
1475 10
1476 10
1477 10
1478 10
1479 10
1480 10
1481 10
1482 10
1483 10
1484 10
1485 10
1486 10
1487 10
1488 10
1489 10
1490 10
1491 10
1492 10
1493 10
1494 10
1495 10
1496 10
1497 10
1498 10
1499 10
1500 10
1501 10
1502 10
1503 10
1504 10
1505 10
1506 10
1507 10
1508 10
1509 10
1510 10
1511 10
1512 10
1513 10
1514 10
1515 10
1516 10
1517 10
1518 10
1519 10
1520 10
1521 10
1522 10
1523 10
1524 10
1525 10
1526 10
1527 10
1528 10
1529 10
1530 10
1531 10
1532 10
1533 10
1534 10
1535 10
1536 10
1537 10
1538 10
1539 10
1540 10
1541 10
1542 10
1543 10
1544 10
1545 10
1546 10
1547 10
1548 10
1549 10
1550 10
1551 10
1552 10
1553 10
1554 10
1555 10
1556 10
1557 10
1558 10
1559 10
1560 10
1561 10
1562 10
1563 10
1564 10
1565 10
1566 10
1567 10
1568 10
1569 10
1570 10
1571 10
1572 10
1573 10
1574 10
1575 10
1576 10
1577 10
1578 10
1579 10
1580 10
1581 10
1582 10
1583 10
1584 10
1585 10
1586 10
1587 10
1588 10
1589 10
1590 10
1591 10
1592 10
1593 10
1594 10
1595 10
1596 10
1597 10
1598 10
1599 10
1600 10
1601 10
1602 10
1603 10
1604 10
1605 10
1606 10
1607 10
1608 10
1609 10
1610 10
1611 10
1612 10
1613 10
1614 10
1615 10
1616 10
1617 10
1618 10
1619 10
1620 10
1621 10
1622 10
1623 10
1624 10
1625 10
1626 10
1627 10
1628 10
1629 10
1630 10
1631 10
1632 10
1633 10
1634 10
1635 10
1636 10
1637 10
1638 10
1639 10
1640 10
1641 10
1642 10
1643 10
1644 10
1645 10
1646 10
1647 10
1648 10
1649 10
1650 10
1651 10
1652 10
1653 10
1654 10
1655 10
1656 10
1657 10
1658 10
1659 10
1660 10
1661 10
1662 10
1663 10
1664 10
1665 10
1666 10
1667 10
1668 10
1669 10
1670 10
1671 10
1672 10
1673 10
1674 10
1675 10
1676 10
1677 10
1678 10
1679 10
1680 10
1681 10
1682 10
1683 10
1684 10
1685 10
1686 10
1687 10
1688 10
1689 10
1690 10
1691 10
1692 10
1693 10
1694 10
1695 10
1696 10
1697 10
1698 10
1699 10
1700 10
1701 10
1702 10
1703 10
1704 10
1705 10
1706 10
1707 10
1708 10
1709 10
1710 10
1711 10
1712 10
1713 10
1714 10
1715 10
1716 10
1717 10
1718 10
1719 10
1720 10
1721 10
1722 10
1723 10
1724 10
1725 10
1726 10
1727 10
1728 10
1729 10
1730 10
1731 10
1732 10
1733 10
1734 10
1735 10
1736 10
1737 10
1738 10
1739 10
1740 10
1741 10
1742 10
1743 10
1744 10
1745 10
1746 10
1747 10
1748 10
1749 10
1750 10
1751 10
1752 10
1753 10
1754 10
1755 10
1756 10
1757 10
1758 10
1759 10
1760 10
1761 10
1762 10
1763 10
1764 10
1765 10
1766 10
1767 10
1768 10
1769 10
1770 10
1771 10
1772 10
1773 10
1774 10
1775 10
1776 10
1777 10
1778 10
1779 10
1780 10
1781 10
1782 10
1783 10
1784 10
1785 10
1786 10
1787 10
1788 10
1789 10
1790 10
1791 10
1792 10
1793 10
1794 10
1795 10
1796 10
1797 10
1798 10
1799 10
1800 10
1801 10
1802 10
1803 10
1804 10
1805 10
1806 10
1807 10
1808 10
1809 10
1810 10
1811 10
1812 10
1813 10
1814 10
1815 10
1816 10
1817 10
1818 10
1819 10
1820 10
1821 10
1822 10
1823 10
1824 10
1825 10
1826 10
1827 10
1828 10
1829 10
1830 10
1831 10
1832 10
1833 10
1834 10
1835 10
1836 10
1837 10
1838 10
1839 10
1840 10
1841 10
1842 10
1843 10
1844 10
1845 10
1846 10
1847 10
1848 10
1849 10
1850 10
1851 10
1852 10
1853 10
1854 10
1855 10
1856 10
1857 10
1858 10
1859 10
1860 10
1861 10
1862 10
1863 10
1864 10
1865 10
1866 10
1867 10
1868 10
1869 10
1870 10
1871 10
1872 10
1873 10
1874 10
1875 10
1876 10
1877 10
1878 10
1879 10
1880 10
1881 10
1882 10
1883 10
1884 10
1885 10
1886 10
1887 10
1888 10
1889 10
1890 10
1891 10
1892 10
1893 10
1894 10
1895 10
1896 10
1897 10
1898 10
1899 10
1900 10
1901 10
1902 10
1903 10
1904 10
1905 10
1906 10
1907 10
1908 10
1909 10
1910 10
1911 10
1912 10
1913 10
1914 10
1915 10
1916 10
1917 10
1918 10
1919 10
1920 10
1921 10
1922 10
1923 10
1924 10
1925 10
1926 10
1927 10
1928 10
1929 10
1930 10
1931 10
1932 10
1933 10
1934 10
1935 10
1936 10
1937 10
1938 10
1939 10
1940 10
1941 10
1942 10
1943 10
1944 10
1945 10
1946 10
1947 10
1948 10
1949 10
1950 10
1951 10
1952 10
1953 10
1954 10
1955 10
1956 10
1957 10
1958 10
1959 10
1960 10
1961 10
1962 10
1963 10
1964 10
1965 10
1966 10
1967 10
1968 10
1969 10
1970 10
1971 10
1972 10
1973 10
1974 10
1975 10
1976 10
1977 10
1978 10
1979 10
1980 10
1981 10
1982 10
1983 10
1984 10
1985 10
1986 10
1987 10
1988 10
1989 10
1990 10
1991 10
1992 10
1993 10
1994 10
1995 10
1996 10
1997 10
1998 10
1999 10
2000 10
2001 10
2002 10
2003 10
2004 10
2005 10
2006 10
2007 10
2008 10
2009 10
2010 10
2011 10
2012 10
2013 10
2014 10
2015 10
2016 10
2017 10
2018 10
2019 10
2020 10
2021 10
2022 10
2023 10
2024 10
2025 10
2026 10
2027 10
2028 10
2029 10
2030 10
2031 10
2032 10
2033 10
2034 10
2035 10
2036 10
2037 10
2038 10
2039 10
2040 10
2041 10
2042 10
2043 10
2044 10
2045 10
2046 10
2047 10
2048 11
2049 11
2050 11
2051 11
2052 11
2053 11
2054 11
2055 11
2056 11
2057 11
2058 11
2059 11
2060 11
2061 11
2062 11
2063 11
2064 11
2065 11
2066 11
2067 11
2068 11
2069 11
2070 11
2071 11
2072 11
2073 11
2074 11
2075 11
2076 11
2077 11
2078 11
2079 11
2080 11
2081 11
2082 11
2083 11
2084 11
2085 11
2086 11
2087 11
2088 11
2089 11
2090 11
2091 11
2092 11
2093 11
2094 11
2095 11
2096 11
2097 11
2098 11
2099 11
2100 11
2101 11
2102 11
2103 11
2104 11
2105 11
2106 11
2107 11
2108 11
2109 11
2110 11
2111 11
2112 11
2113 11
2114 11
2115 11
2116 11
2117 11
2118 11
2119 11
2120 11
2121 11
2122 11
2123 11
2124 11
2125 11
2126 11
2127 11
2128 11
2129 11
2130 11
2131 11
2132 11
2133 11
2134 11
2135 11
2136 11
2137 11
2138 11
2139 11
2140 11
2141 11
2142 11
2143 11
2144 11
2145 11
2146 11
2147 11
2148 11
2149 11
2150 11
2151 11
2152 11
2153 11
2154 11
2155 11
2156 11
2157 11
2158 11
2159 11
2160 11
2161 11
2162 11
2163 11
2164 11
2165 11
2166 11
2167 11
2168 11
2169 11
2170 11
2171 11
2172 11
2173 11
2174 11
2175 11
2176 11
2177 11
2178 11
2179 11
2180 11
2181 11
2182 11
2183 11
2184 11
2185 11
2186 11
2187 11
2188 11
2189 11
2190 11
2191 11
2192 11
2193 11
2194 11
2195 11
2196 11
2197 11
2198 11
2199 11
2200 11
2201 11
2202 11
2203 11
2204 11
2205 11
2206 11
2207 11
2208 11
2209 11
2210 11
2211 11
2212 11
2213 11
2214 11
2215 11
2216 11
2217 11
2218 11
2219 11
2220 11
2221 11
2222 11
2223 11
2224 11
2225 11
2226 11
2227 11
2228 11
2229 11
2230 11
2231 11
2232 11
2233 11
2234 11
2235 11
2236 11
2237 11
2238 11
2239 11
2240 11
2241 11
2242 11
2243 11
2244 11
2245 11
2246 11
2247 11
2248 11
2249 11
2250 11
2251 11
2252 11
2253 11
2254 11
2255 11
2256 11
2257 11
2258 11
2259 11
2260 11
2261 11
2262 11
2263 11
2264 11
2265 11
2266 11
2267 11
2268 11
2269 11
2270 11
2271 11
2272 11
2273 11
2274 11
2275 11
2276 11
2277 11
2278 11
2279 11
2280 11
2281 11
2282 11
2283 11
2284 11
2285 11
2286 11
2287 11
2288 11
2289 11
2290 11
2291 11
2292 11
2293 11
2294 11
2295 11
2296 11
2297 11
2298 11
2299 11
2300 11
2301 11
2302 11
2303 11
2304 11
2305 11
2306 11
2307 11
2308 11
2309 11
2310 11
2311 11
2312 11
2313 11
2314 11
2315 11
2316 11
2317 11
2318 11
2319 11
2320 11
2321 11
2322 11
2323 11
2324 11
2325 11
2326 11
2327 11
2328 11
2329 11
2330 11
2331 11
2332 11
2333 11
2334 11
2335 11
2336 11
2337 11
2338 11
2339 11
2340 11
2341 11
2342 11
2343 11
2344 11
2345 11
2346 11
2347 11
2348 11
2349 11
2350 11
2351 11
2352 11
2353 11
2354 11
2355 11
2356 11
2357 11
2358 11
2359 11
2360 11
2361 11
2362 11
2363 11
2364 11
2365 11
2366 11
2367 11
2368 11
2369 11
2370 11
2371 11
2372 11
2373 11
2374 11
2375 11
2376 11
2377 11
2378 11
2379 11
2380 11
2381 11
2382 11
2383 11
2384 11
2385 11
2386 11
2387 11
2388 11
2389 11
2390 11
2391 11
2392 11
2393 11
2394 11
2395 11
2396 11
2397 11
2398 11
2399 11
2400 11
2401 11
2402 11
2403 11
2404 11
2405 11
2406 11
2407 11
2408 11
2409 11
2410 11
2411 11
2412 11
2413 11
2414 11
2415 11
2416 11
2417 11
2418 11
2419 11
2420 11
2421 11
2422 11
2423 11
2424 11
2425 11
2426 11
2427 11
2428 11
2429 11
2430 11
2431 11
2432 11
2433 11
2434 11
2435 11
2436 11
2437 11
2438 11
2439 11
2440 11
2441 11
2442 11
2443 11
2444 11
2445 11
2446 11
2447 11
2448 11
2449 11
2450 11
2451 11
2452 11
2453 11
2454 11
2455 11
2456 11
2457 11
2458 11
2459 11
2460 11
2461 11
2462 11
2463 11
2464 11
2465 11
2466 11
2467 11
2468 11
2469 11
2470 11
2471 11
2472 11
2473 11
2474 11
2475 11
2476 11
2477 11
2478 11
2479 11
2480 11
2481 11
2482 11
2483 11
2484 11
2485 11
2486 11
2487 11
2488 11
2489 11
2490 11
2491 11
2492 11
2493 11
2494 11
2495 11
2496 11
2497 11
2498 11
2499 11
2500 11
2501 11
2502 11
2503 11
2504 11
2505 11
2506 11
2507 11
2508 11
2509 11
2510 11
2511 11
2512 11
2513 11
2514 11
2515 11
2516 11
2517 11
2518 11
2519 11
2520 11
2521 11
2522 11
2523 11
2524 11
2525 11
2526 11
2527 11
2528 11
2529 11
2530 11
2531 11
2532 11
2533 11
2534 11
2535 11
2536 11
2537 11
2538 11
2539 11
2540 11
2541 11
2542 11
2543 11
2544 11
2545 11
2546 11
2547 11
2548 11
2549 11
2550 11
2551 11
2552 11
2553 11
2554 11
2555 11
2556 11
2557 11
2558 11
2559 11
2560 11
2561 11
2562 11
2563 11
2564 11
2565 11
2566 11
2567 11
2568 11
2569 11
2570 11
2571 11
2572 11
2573 11
2574 11
2575 11
2576 11
2577 11
2578 11
2579 11
2580 11
2581 11
2582 11
2583 11
2584 11
2585 11
2586 11
2587 11
2588 11
2589 11
2590 11
2591 11
2592 11
2593 11
2594 11
2595 11
2596 11
2597 11
2598 11
2599 11
2600 11
2601 11
2602 11
2603 11
2604 11
2605 11
2606 11
2607 11
2608 11
2609 11
2610 11
2611 11
2612 11
2613 11
2614 11
2615 11
2616 11
2617 11
2618 11
2619 11
2620 11
2621 11
2622 11
2623 11
2624 11
2625 11
2626 11
2627 11
2628 11
2629 11
2630 11
2631 11
2632 11
2633 11
2634 11
2635 11
2636 11
2637 11
2638 11
2639 11
2640 11
2641 11
2642 11
2643 11
2644 11
2645 11
2646 11
2647 11
2648 11
2649 11
2650 11
2651 11
2652 11
2653 11
2654 11
2655 11
2656 11
2657 11
2658 11
2659 11
2660 11
2661 11
2662 11
2663 11
2664 11
2665 11
2666 11
2667 11
2668 11
2669 11
2670 11
2671 11
2672 11
2673 11
2674 11
2675 11
2676 11
2677 11
2678 11
2679 11
2680 11
2681 11
2682 11
2683 11
2684 11
2685 11
2686 11
2687 11
2688 11
2689 11
2690 11
2691 11
2692 11
2693 11
2694 11
2695 11
2696 11
2697 11
2698 11
2699 11
2700 11
2701 11
2702 11
2703 11
2704 11
2705 11
2706 11
2707 11
2708 11
2709 11
2710 11
2711 11
2712 11
2713 11
2714 11
2715 11
2716 11
2717 11
2718 11
2719 11
2720 11
2721 11
2722 11
2723 11
2724 11
2725 11
2726 11
2727 11
2728 11
2729 11
2730 11
2731 11
2732 11
2733 11
2734 11
2735 11
2736 11
2737 11
2738 11
2739 11
2740 11
2741 11
2742 11
2743 11
2744 11
2745 11
2746 11
2747 11
2748 11
2749 11
2750 11
2751 11
2752 11
2753 11
2754 11
2755 11
2756 11
2757 11
2758 11
2759 11
2760 11
2761 11
2762 11
2763 11
2764 11
2765 11
2766 11
2767 11
2768 11
2769 11
2770 11
2771 11
2772 11
2773 11
2774 11
2775 11
2776 11
2777 11
2778 11
2779 11
2780 11
2781 11
2782 11
2783 11
2784 11
2785 11
2786 11
2787 11
2788 11
2789 11
2790 11
2791 11
2792 11
2793 11
2794 11
2795 11
2796 11
2797 11
2798 11
2799 11
2800 11
2801 11
2802 11
2803 11
2804 11
2805 11
2806 11
2807 11
2808 11
2809 11
2810 11
2811 11
2812 11
2813 11
2814 11
2815 11
2816 11
2817 11
2818 11
2819 11
2820 11
2821 11
2822 11
2823 11
2824 11
2825 11
2826 11
2827 11
2828 11
2829 11
2830 11
2831 11
2832 11
2833 11
2834 11
2835 11
2836 11
2837 11
2838 11
2839 11
2840 11
2841 11
2842 11
2843 11
2844 11
2845 11
2846 11
2847 11
2848 11
2849 11
2850 11
2851 11
2852 11
2853 11
2854 11
2855 11
2856 11
2857 11
2858 11
2859 11
2860 11
2861 11
2862 11
2863 11
2864 11
2865 11
2866 11
2867 11
2868 11
2869 11
2870 11
2871 11
2872 11
2873 11
2874 11
2875 11
2876 11
2877 11
2878 11
2879 11
2880 11
2881 11
2882 11
2883 11
2884 11
2885 11
2886 11
2887 11
2888 11
2889 11
2890 11
2891 11
2892 11
2893 11
2894 11
2895 11
2896 11
2897 11
2898 11
2899 11
2900 11
2901 11
2902 11
2903 11
2904 11
2905 11
2906 11
2907 11
2908 11
2909 11
2910 11
2911 11
2912 11
2913 11
2914 11
2915 11
2916 11
2917 11
2918 11
2919 11
2920 11
2921 11
2922 11
2923 11
2924 11
2925 11
2926 11
2927 11
2928 11
2929 11
2930 11
2931 11
2932 11
2933 11
2934 11
2935 11
2936 11
2937 11
2938 11
2939 11
2940 11
2941 11
2942 11
2943 11
2944 11
2945 11
2946 11
2947 11
2948 11
2949 11
2950 11
2951 11
2952 11
2953 11
2954 11
2955 11
2956 11
2957 11
2958 11
2959 11
2960 11
2961 11
2962 11
2963 11
2964 11
2965 11
2966 11
2967 11
2968 11
2969 11
2970 11
2971 11
2972 11
2973 11
2974 11
2975 11
2976 11
2977 11
2978 11
2979 11
2980 11
2981 11
2982 11
2983 11
2984 11
2985 11
2986 11
2987 11
2988 11
2989 11
2990 11
2991 11
2992 11
2993 11
2994 11
2995 11
2996 11
2997 11
2998 11
2999 11
3000 11
3001 11
3002 11
3003 11
3004 11
3005 11
3006 11
3007 11
3008 11
3009 11
3010 11
3011 11
3012 11
3013 11
3014 11
3015 11
3016 11
3017 11
3018 11
3019 11
3020 11
3021 11
3022 11
3023 11
3024 11
3025 11
3026 11
3027 11
3028 11
3029 11
3030 11
3031 11
3032 11
3033 11
3034 11
3035 11
3036 11
3037 11
3038 11
3039 11
3040 11
3041 11
3042 11
3043 11
3044 11
3045 11
3046 11
3047 11
3048 11
3049 11
3050 11
3051 11
3052 11
3053 11
3054 11
3055 11
3056 11
3057 11
3058 11
3059 11
3060 11
3061 11
3062 11
3063 11
3064 11
3065 11
3066 11
3067 11
3068 11
3069 11
3070 11
3071 11
3072 11
3073 11
3074 11
3075 11
3076 11
3077 11
3078 11
3079 11
3080 11
3081 11
3082 11
3083 11
3084 11
3085 11
3086 11
3087 11
3088 11
3089 11
3090 11
3091 11
3092 11
3093 11
3094 11
3095 11
3096 11
3097 11
3098 11
3099 11
3100 11
3101 11
3102 11
3103 11
3104 11
3105 11
3106 11
3107 11
3108 11
3109 11
3110 11
3111 11
3112 11
3113 11
3114 11
3115 11
3116 11
3117 11
3118 11
3119 11
3120 11
3121 11
3122 11
3123 11
3124 11
3125 11
3126 11
3127 11
3128 11
3129 11
3130 11
3131 11
3132 11
3133 11
3134 11
3135 11
3136 11
3137 11
3138 11
3139 11
3140 11
3141 11
3142 11
3143 11
3144 11
3145 11
3146 11
3147 11
3148 11
3149 11
3150 11
3151 11
3152 11
3153 11
3154 11
3155 11
3156 11
3157 11
3158 11
3159 11
3160 11
3161 11
3162 11
3163 11
3164 11
3165 11
3166 11
3167 11
3168 11
3169 11
3170 11
3171 11
3172 11
3173 11
3174 11
3175 11
3176 11
3177 11
3178 11
3179 11
3180 11
3181 11
3182 11
3183 11
3184 11
3185 11
3186 11
3187 11
3188 11
3189 11
3190 11
3191 11
3192 11
3193 11
3194 11
3195 11
3196 11
3197 11
3198 11
3199 11
3200 11
3201 11
3202 11
3203 11
3204 11
3205 11
3206 11
3207 11
3208 11
3209 11
3210 11
3211 11
3212 11
3213 11
3214 11
3215 11
3216 11
3217 11
3218 11
3219 11
3220 11
3221 11
3222 11
3223 11
3224 11
3225 11
3226 11
3227 11
3228 11
3229 11
3230 11
3231 11
3232 11
3233 11
3234 11
3235 11
3236 11
3237 11
3238 11
3239 11
3240 11
3241 11
3242 11
3243 11
3244 11
3245 11
3246 11
3247 11
3248 11
3249 11
3250 11
3251 11
3252 11
3253 11
3254 11
3255 11
3256 11
3257 11
3258 11
3259 11
3260 11
3261 11
3262 11
3263 11
3264 11
3265 11
3266 11
3267 11
3268 11
3269 11
3270 11
3271 11
3272 11
3273 11
3274 11
3275 11
3276 11
3277 11
3278 11
3279 11
3280 11
3281 11
3282 11
3283 11
3284 11
3285 11
3286 11
3287 11
3288 11
3289 11
3290 11
3291 11
3292 11
3293 11
3294 11
3295 11
3296 11
3297 11
3298 11
3299 11
3300 11
3301 11
3302 11
3303 11
3304 11
3305 11
3306 11
3307 11
3308 11
3309 11
3310 11
3311 11
3312 11
3313 11
3314 11
3315 11
3316 11
3317 11
3318 11
3319 11
3320 11
3321 11
3322 11
3323 11
3324 11
3325 11
3326 11
3327 11
3328 11
3329 11
3330 11
3331 11
3332 11
3333 11
3334 11
3335 11
3336 11
3337 11
3338 11
3339 11
3340 11
3341 11
3342 11
3343 11
3344 11
3345 11
3346 11
3347 11
3348 11
3349 11
3350 11
3351 11
3352 11
3353 11
3354 11
3355 11
3356 11
3357 11
3358 11
3359 11
3360 11
3361 11
3362 11
3363 11
3364 11
3365 11
3366 11
3367 11
3368 11
3369 11
3370 11
3371 11
3372 11
3373 11
3374 11
3375 11
3376 11
3377 11
3378 11
3379 11
3380 11
3381 11
3382 11
3383 11
3384 11
3385 11
3386 11
3387 11
3388 11
3389 11
3390 11
3391 11
3392 11
3393 11
3394 11
3395 11
3396 11
3397 11
3398 11
3399 11
3400 11
3401 11
3402 11
3403 11
3404 11
3405 11
3406 11
3407 11
3408 11
3409 11
3410 11
3411 11
3412 11
3413 11
3414 11
3415 11
3416 11
3417 11
3418 11
3419 11
3420 11
3421 11
3422 11
3423 11
3424 11
3425 11
3426 11
3427 11
3428 11
3429 11
3430 11
3431 11
3432 11
3433 11
3434 11
3435 11
3436 11
3437 11
3438 11
3439 11
3440 11
3441 11
3442 11
3443 11
3444 11
3445 11
3446 11
3447 11
3448 11
3449 11
3450 11
3451 11
3452 11
3453 11
3454 11
3455 11
3456 11
3457 11
3458 11
3459 11
3460 11
3461 11
3462 11
3463 11
3464 11
3465 11
3466 11
3467 11
3468 11
3469 11
3470 11
3471 11
3472 11
3473 11
3474 11
3475 11
3476 11
3477 11
3478 11
3479 11
3480 11
3481 11
3482 11
3483 11
3484 11
3485 11
3486 11
3487 11
3488 11
3489 11
3490 11
3491 11
3492 11
3493 11
3494 11
3495 11
3496 11
3497 11
3498 11
3499 11
3500 11
3501 11
3502 11
3503 11
3504 11
3505 11
3506 11
3507 11
3508 11
3509 11
3510 11
3511 11
3512 11
3513 11
3514 11
3515 11
3516 11
3517 11
3518 11
3519 11
3520 11
3521 11
3522 11
3523 11
3524 11
3525 11
3526 11
3527 11
3528 11
3529 11
3530 11
3531 11
3532 11
3533 11
3534 11
3535 11
3536 11
3537 11
3538 11
3539 11
3540 11
3541 11
3542 11
3543 11
3544 11
3545 11
3546 11
3547 11
3548 11
3549 11
3550 11
3551 11
3552 11
3553 11
3554 11
3555 11
3556 11
3557 11
3558 11
3559 11
3560 11
3561 11
3562 11
3563 11
3564 11
3565 11
3566 11
3567 11
3568 11
3569 11
3570 11
3571 11
3572 11
3573 11
3574 11
3575 11
3576 11
3577 11
3578 11
3579 11
3580 11
3581 11
3582 11
3583 11
3584 11
3585 11
3586 11
3587 11
3588 11
3589 11
3590 11
3591 11
3592 11
3593 11
3594 11
3595 11
3596 11
3597 11
3598 11
3599 11
3600 11
3601 11
3602 11
3603 11
3604 11
3605 11
3606 11
3607 11
3608 11
3609 11
3610 11
3611 11
3612 11
3613 11
3614 11
3615 11
3616 11
3617 11
3618 11
3619 11
3620 11
3621 11
3622 11
3623 11
3624 11
3625 11
3626 11
3627 11
3628 11
3629 11
3630 11
3631 11
3632 11
3633 11
3634 11
3635 11
3636 11
3637 11
3638 11
3639 11
3640 11
3641 11
3642 11
3643 11
3644 11
3645 11
3646 11
3647 11
3648 11
3649 11
3650 11
3651 11
3652 11
3653 11
3654 11
3655 11
3656 11
3657 11
3658 11
3659 11
3660 11
3661 11
3662 11
3663 11
3664 11
3665 11
3666 11
3667 11
3668 11
3669 11
3670 11
3671 11
3672 11
3673 11
3674 11
3675 11
3676 11
3677 11
3678 11
3679 11
3680 11
3681 11
3682 11
3683 11
3684 11
3685 11
3686 11
3687 11
3688 11
3689 11
3690 11
3691 11
3692 11
3693 11
3694 11
3695 11
3696 11
3697 11
3698 11
3699 11
3700 11
3701 11
3702 11
3703 11
3704 11
3705 11
3706 11
3707 11
3708 11
3709 11
3710 11
3711 11
3712 11
3713 11
3714 11
3715 11
3716 11
3717 11
3718 11
3719 11
3720 11
3721 11
3722 11
3723 11
3724 11
3725 11
3726 11
3727 11
3728 11
3729 11
3730 11
3731 11
3732 11
3733 11
3734 11
3735 11
3736 11
3737 11
3738 11
3739 11
3740 11
3741 11
3742 11
3743 11
3744 11
3745 11
3746 11
3747 11
3748 11
3749 11
3750 11
3751 11
3752 11
3753 11
3754 11
3755 11
3756 11
3757 11
3758 11
3759 11
3760 11
3761 11
3762 11
3763 11
3764 11
3765 11
3766 11
3767 11
3768 11
3769 11
3770 11
3771 11
3772 11
3773 11
3774 11
3775 11
3776 11
3777 11
3778 11
3779 11
3780 11
3781 11
3782 11
3783 11
3784 11
3785 11
3786 11
3787 11
3788 11
3789 11
3790 11
3791 11
3792 11
3793 11
3794 11
3795 11
3796 11
3797 11
3798 11
3799 11
3800 11
3801 11
3802 11
3803 11
3804 11
3805 11
3806 11
3807 11
3808 11
3809 11
3810 11
3811 11
3812 11
3813 11
3814 11
3815 11
3816 11
3817 11
3818 11
3819 11
3820 11
3821 11
3822 11
3823 11
3824 11
3825 11
3826 11
3827 11
3828 11
3829 11
3830 11
3831 11
3832 11
3833 11
3834 11
3835 11
3836 11
3837 11
3838 11
3839 11
3840 11
3841 11
3842 11
3843 11
3844 11
3845 11
3846 11
3847 11
3848 11
3849 11
3850 11
3851 11
3852 11
3853 11
3854 11
3855 11
3856 11
3857 11
3858 11
3859 11
3860 11
3861 11
3862 11
3863 11
3864 11
3865 11
3866 11
3867 11
3868 11
3869 11
3870 11
3871 11
3872 11
3873 11
3874 11
3875 11
3876 11
3877 11
3878 11
3879 11
3880 11
3881 11
3882 11
3883 11
3884 11
3885 11
3886 11
3887 11
3888 11
3889 11
3890 11
3891 11
3892 11
3893 11
3894 11
3895 11
3896 11
3897 11
3898 11
3899 11
3900 11
3901 11
3902 11
3903 11
3904 11
3905 11
3906 11
3907 11
3908 11
3909 11
3910 11
3911 11
3912 11
3913 11
3914 11
3915 11
3916 11
3917 11
3918 11
3919 11
3920 11
3921 11
3922 11
3923 11
3924 11
3925 11
3926 11
3927 11
3928 11
3929 11
3930 11
3931 11
3932 11
3933 11
3934 11
3935 11
3936 11
3937 11
3938 11
3939 11
3940 11
3941 11
3942 11
3943 11
3944 11
3945 11
3946 11
3947 11
3948 11
3949 11
3950 11
3951 11
3952 11
3953 11
3954 11
3955 11
3956 11
3957 11
3958 11
3959 11
3960 11
3961 11
3962 11
3963 11
3964 11
3965 11
3966 11
3967 11
3968 11
3969 11
3970 11
3971 11
3972 11
3973 11
3974 11
3975 11
3976 11
3977 11
3978 11
3979 11
3980 11
3981 11
3982 11
3983 11
3984 11
3985 11
3986 11
3987 11
3988 11
3989 11
3990 11
3991 11
3992 11
3993 11
3994 11
3995 11
3996 11
3997 11
3998 11
3999 11
4000 11
4001 11
4002 11
4003 11
4004 11
4005 11
4006 11
4007 11
4008 11
4009 11
4010 11
4011 11
4012 11
4013 11
4014 11
4015 11
4016 11
4017 11
4018 11
4019 11
4020 11
4021 11
4022 11
4023 11
4024 11
4025 11
4026 11
4027 11
4028 11
4029 11
4030 11
4031 11
4032 11
4033 11
4034 11
4035 11
4036 11
4037 11
4038 11
4039 11
4040 11
4041 11
4042 11
4043 11
4044 11
4045 11
4046 11
4047 11
4048 11
4049 11
4050 11
4051 11
4052 11
4053 11
4054 11
4055 11
4056 11
4057 11
4058 11
4059 11
4060 11
4061 11
4062 11
4063 11
4064 11
4065 11
4066 11
4067 11
4068 11
4069 11
4070 11
4071 11
4072 11
4073 11
4074 11
4075 11
4076 11
4077 11
4078 11
4079 11
4080 11
4081 11
4082 11
4083 11
4084 11
4085 11
4086 11
4087 11
4088 11
4089 11
4090 11
4091 11
4092 11
4093 11
4094 11
4095 11
4096 12
4097 12
4098 12
4099 12
4100 12
4101 12
4102 12
4103 12
4104 12
4105 12
4106 12
4107 12
4108 12
4109 12
4110 12
4111 12
4112 12
4113 12
4114 12
4115 12
4116 12
4117 12
4118 12
4119 12
4120 12
4121 12
4122 12
4123 12
4124 12
4125 12
4126 12
4127 12
4128 12
4129 12
4130 12
4131 12
4132 12
4133 12
4134 12
4135 12
4136 12
4137 12
4138 12
4139 12
4140 12
4141 12
4142 12
4143 12
4144 12
4145 12
4146 12
4147 12
4148 12
4149 12
4150 12
4151 12
4152 12
4153 12
4154 12
4155 12
4156 12
4157 12
4158 12
4159 12
4160 12
4161 12
4162 12
4163 12
4164 12
4165 12
4166 12
4167 12
4168 12
4169 12
4170 12
4171 12
4172 12
4173 12
4174 12
4175 12
4176 12
4177 12
4178 12
4179 12
4180 12
4181 12
4182 12
4183 12
4184 12
4185 12
4186 12
4187 12
4188 12
4189 12
4190 12
4191 12
4192 12
4193 12
4194 12
4195 12
4196 12
4197 12
4198 12
4199 12
4200 12
4201 12
4202 12
4203 12
4204 12
4205 12
4206 12
4207 12
4208 12
4209 12
4210 12
4211 12
4212 12
4213 12
4214 12
4215 12
4216 12
4217 12
4218 12
4219 12
4220 12
4221 12
4222 12
4223 12
4224 12
4225 12
4226 12
4227 12
4228 12
4229 12
4230 12
4231 12
4232 12
4233 12
4234 12
4235 12
4236 12
4237 12
4238 12
4239 12
4240 12
4241 12
4242 12
4243 12
4244 12
4245 12
4246 12
4247 12
4248 12
4249 12
4250 12
4251 12
4252 12
4253 12
4254 12
4255 12
4256 12
4257 12
4258 12
4259 12
4260 12
4261 12
4262 12
4263 12
4264 12
4265 12
4266 12
4267 12
4268 12
4269 12
4270 12
4271 12
4272 12
4273 12
4274 12
4275 12
4276 12
4277 12
4278 12
4279 12
4280 12
4281 12
4282 12
4283 12
4284 12
4285 12
4286 12
4287 12
4288 12
4289 12
4290 12
4291 12
4292 12
4293 12
4294 12
4295 12
4296 12
4297 12
4298 12
4299 12
4300 12
4301 12
4302 12
4303 12
4304 12
4305 12
4306 12
4307 12
4308 12
4309 12
4310 12
4311 12
4312 12
4313 12
4314 12
4315 12
4316 12
4317 12
4318 12
4319 12
4320 12
4321 12
4322 12
4323 12
4324 12
4325 12
4326 12
4327 12
4328 12
4329 12
4330 12
4331 12
4332 12
4333 12
4334 12
4335 12
4336 12
4337 12
4338 12
4339 12
4340 12
4341 12
4342 12
4343 12
4344 12
4345 12
4346 12
4347 12
4348 12
4349 12
4350 12
4351 12
4352 12
4353 12
4354 12
4355 12
4356 12
4357 12
4358 12
4359 12
4360 12
4361 12
4362 12
4363 12
4364 12
4365 12
4366 12
4367 12
4368 12
4369 12
4370 12
4371 12
4372 12
4373 12
4374 12
4375 12
4376 12
4377 12
4378 12
4379 12
4380 12
4381 12
4382 12
4383 12
4384 12
4385 12
4386 12
4387 12
4388 12
4389 12
4390 12
4391 12
4392 12
4393 12
4394 12
4395 12
4396 12
4397 12
4398 12
4399 12
4400 12
4401 12
4402 12
4403 12
4404 12
4405 12
4406 12
4407 12
4408 12
4409 12
4410 12
4411 12
4412 12
4413 12
4414 12
4415 12
4416 12
4417 12
4418 12
4419 12
4420 12
4421 12
4422 12
4423 12
4424 12
4425 12
4426 12
4427 12
4428 12
4429 12
4430 12
4431 12
4432 12
4433 12
4434 12
4435 12
4436 12
4437 12
4438 12
4439 12
4440 12
4441 12
4442 12
4443 12
4444 12
4445 12
4446 12
4447 12
4448 12
4449 12
4450 12
4451 12
4452 12
4453 12
4454 12
4455 12
4456 12
4457 12
4458 12
4459 12
4460 12
4461 12
4462 12
4463 12
4464 12
4465 12
4466 12
4467 12
4468 12
4469 12
4470 12
4471 12
4472 12
4473 12
4474 12
4475 12
4476 12
4477 12
4478 12
4479 12
4480 12
4481 12
4482 12
4483 12
4484 12
4485 12
4486 12
4487 12
4488 12
4489 12
4490 12
4491 12
4492 12
4493 12
4494 12
4495 12
4496 12
4497 12
4498 12
4499 12
4500 12
4501 12
4502 12
4503 12
4504 12
4505 12
4506 12
4507 12
4508 12
4509 12
4510 12
4511 12
4512 12
4513 12
4514 12
4515 12
4516 12
4517 12
4518 12
4519 12
4520 12
4521 12
4522 12
4523 12
4524 12
4525 12
4526 12
4527 12
4528 12
4529 12
4530 12
4531 12
4532 12
4533 12
4534 12
4535 12
4536 12
4537 12
4538 12
4539 12
4540 12
4541 12
4542 12
4543 12
4544 12
4545 12
4546 12
4547 12
4548 12
4549 12
4550 12
4551 12
4552 12
4553 12
4554 12
4555 12
4556 12
4557 12
4558 12
4559 12
4560 12
4561 12
4562 12
4563 12
4564 12
4565 12
4566 12
4567 12
4568 12
4569 12
4570 12
4571 12
4572 12
4573 12
4574 12
4575 12
4576 12
4577 12
4578 12
4579 12
4580 12
4581 12
4582 12
4583 12
4584 12
4585 12
4586 12
4587 12
4588 12
4589 12
4590 12
4591 12
4592 12
4593 12
4594 12
4595 12
4596 12
4597 12
4598 12
4599 12
4600 12
4601 12
4602 12
4603 12
4604 12
4605 12
4606 12
4607 12
4608 12
4609 12
4610 12
4611 12
4612 12
4613 12
4614 12
4615 12
4616 12
4617 12
4618 12
4619 12
4620 12
4621 12
4622 12
4623 12
4624 12
4625 12
4626 12
4627 12
4628 12
4629 12
4630 12
4631 12
4632 12
4633 12
4634 12
4635 12
4636 12
4637 12
4638 12
4639 12
4640 12
4641 12
4642 12
4643 12
4644 12
4645 12
4646 12
4647 12
4648 12
4649 12
4650 12
4651 12
4652 12
4653 12
4654 12
4655 12
4656 12
4657 12
4658 12
4659 12
4660 12
4661 12
4662 12
4663 12
4664 12
4665 12
4666 12
4667 12
4668 12
4669 12
4670 12
4671 12
4672 12
4673 12
4674 12
4675 12
4676 12
4677 12
4678 12
4679 12
4680 12
4681 12
4682 12
4683 12
4684 12
4685 12
4686 12
4687 12
4688 12
4689 12
4690 12
4691 12
4692 12
4693 12
4694 12
4695 12
4696 12
4697 12
4698 12
4699 12
4700 12
4701 12
4702 12
4703 12
4704 12
4705 12
4706 12
4707 12
4708 12
4709 12
4710 12
4711 12
4712 12
4713 12
4714 12
4715 12
4716 12
4717 12
4718 12
4719 12
4720 12
4721 12
4722 12
4723 12
4724 12
4725 12
4726 12
4727 12
4728 12
4729 12
4730 12
4731 12
4732 12
4733 12
4734 12
4735 12
4736 12
4737 12
4738 12
4739 12
4740 12
4741 12
4742 12
4743 12
4744 12
4745 12
4746 12
4747 12
4748 12
4749 12
4750 12
4751 12
4752 12
4753 12
4754 12
4755 12
4756 12
4757 12
4758 12
4759 12
4760 12
4761 12
4762 12
4763 12
4764 12
4765 12
4766 12
4767 12
4768 12
4769 12
4770 12
4771 12
4772 12
4773 12
4774 12
4775 12
4776 12
4777 12
4778 12
4779 12
4780 12
4781 12
4782 12
4783 12
4784 12
4785 12
4786 12
4787 12
4788 12
4789 12
4790 12
4791 12
4792 12
4793 12
4794 12
4795 12
4796 12
4797 12
4798 12
4799 12
4800 12
4801 12
4802 12
4803 12
4804 12
4805 12
4806 12
4807 12
4808 12
4809 12
4810 12
4811 12
4812 12
4813 12
4814 12
4815 12
4816 12
4817 12
4818 12
4819 12
4820 12
4821 12
4822 12
4823 12
4824 12
4825 12
4826 12
4827 12
4828 12
4829 12
4830 12
4831 12
4832 12
4833 12
4834 12
4835 12
4836 12
4837 12
4838 12
4839 12
4840 12
4841 12
4842 12
4843 12
4844 12
4845 12
4846 12
4847 12
4848 12
4849 12
4850 12
4851 12
4852 12
4853 12
4854 12
4855 12
4856 12
4857 12
4858 12
4859 12
4860 12
4861 12
4862 12
4863 12
4864 12
4865 12
4866 12
4867 12
4868 12
4869 12
4870 12
4871 12
4872 12
4873 12
4874 12
4875 12
4876 12
4877 12
4878 12
4879 12
4880 12
4881 12
4882 12
4883 12
4884 12
4885 12
4886 12
4887 12
4888 12
4889 12
4890 12
4891 12
4892 12
4893 12
4894 12
4895 12
4896 12
4897 12
4898 12
4899 12
4900 12
4901 12
4902 12
4903 12
4904 12
4905 12
4906 12
4907 12
4908 12
4909 12
4910 12
4911 12
4912 12
4913 12
4914 12
4915 12
4916 12
4917 12
4918 12
4919 12
4920 12
4921 12
4922 12
4923 12
4924 12
4925 12
4926 12
4927 12
4928 12
4929 12
4930 12
4931 12
4932 12
4933 12
4934 12
4935 12
4936 12
4937 12
4938 12
4939 12
4940 12
4941 12
4942 12
4943 12
4944 12
4945 12
4946 12
4947 12
4948 12
4949 12
4950 12
4951 12
4952 12
4953 12
4954 12
4955 12
4956 12
4957 12
4958 12
4959 12
4960 12
4961 12
4962 12
4963 12
4964 12
4965 12
4966 12
4967 12
4968 12
4969 12
4970 12
4971 12
4972 12
4973 12
4974 12
4975 12
4976 12
4977 12
4978 12
4979 12
4980 12
4981 12
4982 12
4983 12
4984 12
4985 12
4986 12
4987 12
4988 12
4989 12
4990 12
4991 12
4992 12
4993 12
4994 12
4995 12
4996 12
4997 12
4998 12
4999 12
5000 12
5001 12
5002 12
5003 12
5004 12
5005 12
5006 12
5007 12
5008 12
5009 12
5010 12
5011 12
5012 12
5013 12
5014 12
5015 12
5016 12
5017 12
5018 12
5019 12
5020 12
5021 12
5022 12
5023 12
5024 12
5025 12
5026 12
5027 12
5028 12
5029 12
5030 12
5031 12
5032 12
5033 12
5034 12
5035 12
5036 12
5037 12
5038 12
5039 12
5040 12
5041 12
5042 12
5043 12
5044 12
5045 12
5046 12
5047 12
5048 12
5049 12
5050 12
5051 12
5052 12
5053 12
5054 12
5055 12
5056 12
5057 12
5058 12
5059 12
5060 12
5061 12
5062 12
5063 12
5064 12
5065 12
5066 12
5067 12
5068 12
5069 12
5070 12
5071 12
5072 12
5073 12
5074 12
5075 12
5076 12
5077 12
5078 12
5079 12
5080 12
5081 12
5082 12
5083 12
5084 12
5085 12
5086 12
5087 12
5088 12
5089 12
5090 12
5091 12
5092 12
5093 12
5094 12
5095 12
5096 12
5097 12
5098 12
5099 12
5100 12
5101 12
5102 12
5103 12
5104 12
5105 12
5106 12
5107 12
5108 12
5109 12
5110 12
5111 12
5112 12
5113 12
5114 12
5115 12
5116 12
5117 12
5118 12
5119 12
5120 12
5121 12
5122 12
5123 12
5124 12
5125 12
5126 12
5127 12
5128 12
5129 12
5130 12
5131 12
5132 12
5133 12
5134 12
5135 12
5136 12
5137 12
5138 12
5139 12
5140 12
5141 12
5142 12
5143 12
5144 12
5145 12
5146 12
5147 12
5148 12
5149 12
5150 12
5151 12
5152 12
5153 12
5154 12
5155 12
5156 12
5157 12
5158 12
5159 12
5160 12
5161 12
5162 12
5163 12
5164 12
5165 12
5166 12
5167 12
5168 12
5169 12
5170 12
5171 12
5172 12
5173 12
5174 12
5175 12
5176 12
5177 12
5178 12
5179 12
5180 12
5181 12
5182 12
5183 12
5184 12
5185 12
5186 12
5187 12
5188 12
5189 12
5190 12
5191 12
5192 12
5193 12
5194 12
5195 12
5196 12
5197 12
5198 12
5199 12
5200 12
5201 12
5202 12
5203 12
5204 12
5205 12
5206 12
5207 12
5208 12
5209 12
5210 12
5211 12
5212 12
5213 12
5214 12
5215 12
5216 12
5217 12
5218 12
5219 12
5220 12
5221 12
5222 12
5223 12
5224 12
5225 12
5226 12
5227 12
5228 12
5229 12
5230 12
5231 12
5232 12
5233 12
5234 12
5235 12
5236 12
5237 12
5238 12
5239 12
5240 12
5241 12
5242 12
5243 12
5244 12
5245 12
5246 12
5247 12
5248 12
5249 12
5250 12
5251 12
5252 12
5253 12
5254 12
5255 12
5256 12
5257 12
5258 12
5259 12
5260 12
5261 12
5262 12
5263 12
5264 12
5265 12
5266 12
5267 12
5268 12
5269 12
5270 12
5271 12
5272 12
5273 12
5274 12
5275 12
5276 12
5277 12
5278 12
5279 12
5280 12
5281 12
5282 12
5283 12
5284 12
5285 12
5286 12
5287 12
5288 12
5289 12
5290 12
5291 12
5292 12
5293 12
5294 12
5295 12
5296 12
5297 12
5298 12
5299 12
5300 12
5301 12
5302 12
5303 12
5304 12
5305 12
5306 12
5307 12
5308 12
5309 12
5310 12
5311 12
5312 12
5313 12
5314 12
5315 12
5316 12
5317 12
5318 12
5319 12
5320 12
5321 12
5322 12
5323 12
5324 12
5325 12
5326 12
5327 12
5328 12
5329 12
5330 12
5331 12
5332 12
5333 12
5334 12
5335 12
5336 12
5337 12
5338 12
5339 12
5340 12
5341 12
5342 12
5343 12
5344 12
5345 12
5346 12
5347 12
5348 12
5349 12
5350 12
5351 12
5352 12
5353 12
5354 12
5355 12
5356 12
5357 12
5358 12
5359 12
5360 12
5361 12
5362 12
5363 12
5364 12
5365 12
5366 12
5367 12
5368 12
5369 12
5370 12
5371 12
5372 12
5373 12
5374 12
5375 12
5376 12
5377 12
5378 12
5379 12
5380 12
5381 12
5382 12
5383 12
5384 12
5385 12
5386 12
5387 12
5388 12
5389 12
5390 12
5391 12
5392 12
5393 12
5394 12
5395 12
5396 12
5397 12
5398 12
5399 12
5400 12
5401 12
5402 12
5403 12
5404 12
5405 12
5406 12
5407 12
5408 12
5409 12
5410 12
5411 12
5412 12
5413 12
5414 12
5415 12
5416 12
5417 12
5418 12
5419 12
5420 12
5421 12
5422 12
5423 12
5424 12
5425 12
5426 12
5427 12
5428 12
5429 12
5430 12
5431 12
5432 12
5433 12
5434 12
5435 12
5436 12
5437 12
5438 12
5439 12
5440 12
5441 12
5442 12
5443 12
5444 12
5445 12
5446 12
5447 12
5448 12
5449 12
5450 12
5451 12
5452 12
5453 12
5454 12
5455 12
5456 12
5457 12
5458 12
5459 12
5460 12
5461 12
5462 12
5463 12
5464 12
5465 12
5466 12
5467 12
5468 12
5469 12
5470 12
5471 12
5472 12
5473 12
5474 12
5475 12
5476 12
5477 12
5478 12
5479 12
5480 12
5481 12
5482 12
5483 12
5484 12
5485 12
5486 12
5487 12
5488 12
5489 12
5490 12
5491 12
5492 12
5493 12
5494 12
5495 12
5496 12
5497 12
5498 12
5499 12
5500 12
5501 12
5502 12
5503 12
5504 12
5505 12
5506 12
5507 12
5508 12
5509 12
5510 12
5511 12
5512 12
5513 12
5514 12
5515 12
5516 12
5517 12
5518 12
5519 12
5520 12
5521 12
5522 12
5523 12
5524 12
5525 12
5526 12
5527 12
5528 12
5529 12
5530 12
5531 12
5532 12
5533 12
5534 12
5535 12
5536 12
5537 12
5538 12
5539 12
5540 12
5541 12
5542 12
5543 12
5544 12
5545 12
5546 12
5547 12
5548 12
5549 12
5550 12
5551 12
5552 12
5553 12
5554 12
5555 12
5556 12
5557 12
5558 12
5559 12
5560 12
5561 12
5562 12
5563 12
5564 12
5565 12
5566 12
5567 12
5568 12
5569 12
5570 12
5571 12
5572 12
5573 12
5574 12
5575 12
5576 12
5577 12
5578 12
5579 12
5580 12
5581 12
5582 12
5583 12
5584 12
5585 12
5586 12
5587 12
5588 12
5589 12
5590 12
5591 12
5592 12
5593 12
5594 12
5595 12
5596 12
5597 12
5598 12
5599 12
5600 12
5601 12
5602 12
5603 12
5604 12
5605 12
5606 12
5607 12
5608 12
5609 12
5610 12
5611 12
5612 12
5613 12
5614 12
5615 12
5616 12
5617 12
5618 12
5619 12
5620 12
5621 12
5622 12
5623 12
5624 12
5625 12
5626 12
5627 12
5628 12
5629 12
5630 12
5631 12
5632 12
5633 12
5634 12
5635 12
5636 12
5637 12
5638 12
5639 12
5640 12
5641 12
5642 12
5643 12
5644 12
5645 12
5646 12
5647 12
5648 12
5649 12
5650 12
5651 12
5652 12
5653 12
5654 12
5655 12
5656 12
5657 12
5658 12
5659 12
5660 12
5661 12
5662 12
5663 12
5664 12
5665 12
5666 12
5667 12
5668 12
5669 12
5670 12
5671 12
5672 12
5673 12
5674 12
5675 12
5676 12
5677 12
5678 12
5679 12
5680 12
5681 12
5682 12
5683 12
5684 12
5685 12
5686 12
5687 12
5688 12
5689 12
5690 12
5691 12
5692 12
5693 12
5694 12
5695 12
5696 12
5697 12
5698 12
5699 12
5700 12
5701 12
5702 12
5703 12
5704 12
5705 12
5706 12
5707 12
5708 12
5709 12
5710 12
5711 12
5712 12
5713 12
5714 12
5715 12
5716 12
5717 12
5718 12
5719 12
5720 12
5721 12
5722 12
5723 12
5724 12
5725 12
5726 12
5727 12
5728 12
5729 12
5730 12
5731 12
5732 12
5733 12
5734 12
5735 12
5736 12
5737 12
5738 12
5739 12
5740 12
5741 12
5742 12
5743 12
5744 12
5745 12
5746 12
5747 12
5748 12
5749 12
5750 12
5751 12
5752 12
5753 12
5754 12
5755 12
5756 12
5757 12
5758 12
5759 12
5760 12
5761 12
5762 12
5763 12
5764 12
5765 12
5766 12
5767 12
5768 12
5769 12
5770 12
5771 12
5772 12
5773 12
5774 12
5775 12
5776 12
5777 12
5778 12
5779 12
5780 12
5781 12
5782 12
5783 12
5784 12
5785 12
5786 12
5787 12
5788 12
5789 12
5790 12
5791 12
5792 12
5793 12
5794 12
5795 12
5796 12
5797 12
5798 12
5799 12
5800 12
5801 12
5802 12
5803 12
5804 12
5805 12
5806 12
5807 12
5808 12
5809 12
5810 12
5811 12
5812 12
5813 12
5814 12
5815 12
5816 12
5817 12
5818 12
5819 12
5820 12
5821 12
5822 12
5823 12
5824 12
5825 12
5826 12
5827 12
5828 12
5829 12
5830 12
5831 12
5832 12
5833 12
5834 12
5835 12
5836 12
5837 12
5838 12
5839 12
5840 12
5841 12
5842 12
5843 12
5844 12
5845 12
5846 12
5847 12
5848 12
5849 12
5850 12
5851 12
5852 12
5853 12
5854 12
5855 12
5856 12
5857 12
5858 12
5859 12
5860 12
5861 12
5862 12
5863 12
5864 12
5865 12
5866 12
5867 12
5868 12
5869 12
5870 12
5871 12
5872 12
5873 12
5874 12
5875 12
5876 12
5877 12
5878 12
5879 12
5880 12
5881 12
5882 12
5883 12
5884 12
5885 12
5886 12
5887 12
5888 12
5889 12
5890 12
5891 12
5892 12
5893 12
5894 12
5895 12
5896 12
5897 12
5898 12
5899 12
5900 12
5901 12
5902 12
5903 12
5904 12
5905 12
5906 12
5907 12
5908 12
5909 12
5910 12
5911 12
5912 12
5913 12
5914 12
5915 12
5916 12
5917 12
5918 12
5919 12
5920 12
5921 12
5922 12
5923 12
5924 12
5925 12
5926 12
5927 12
5928 12
5929 12
5930 12
5931 12
5932 12
5933 12
5934 12
5935 12
5936 12
5937 12
5938 12
5939 12
5940 12
5941 12
5942 12
5943 12
5944 12
5945 12
5946 12
5947 12
5948 12
5949 12
5950 12
5951 12
5952 12
5953 12
5954 12
5955 12
5956 12
5957 12
5958 12
5959 12
5960 12
5961 12
5962 12
5963 12
5964 12
5965 12
5966 12
5967 12
5968 12
5969 12
5970 12
5971 12
5972 12
5973 12
5974 12
5975 12
5976 12
5977 12
5978 12
5979 12
5980 12
5981 12
5982 12
5983 12
5984 12
5985 12
5986 12
5987 12
5988 12
5989 12
5990 12
5991 12
5992 12
5993 12
5994 12
5995 12
5996 12
5997 12
5998 12
5999 12
6000 12
6001 12
6002 12
6003 12
6004 12
6005 12
6006 12
6007 12
6008 12
6009 12
6010 12
6011 12
6012 12
6013 12
6014 12
6015 12
6016 12
6017 12
6018 12
6019 12
6020 12
6021 12
6022 12
6023 12
6024 12
6025 12
6026 12
6027 12
6028 12
6029 12
6030 12
6031 12
6032 12
6033 12
6034 12
6035 12
6036 12
6037 12
6038 12
6039 12
6040 12
6041 12
6042 12
6043 12
6044 12
6045 12
6046 12
6047 12
6048 12
6049 12
6050 12
6051 12
6052 12
6053 12
6054 12
6055 12
6056 12
6057 12
6058 12
6059 12
6060 12
6061 12
6062 12
6063 12
6064 12
6065 12
6066 12
6067 12
6068 12
6069 12
6070 12
6071 12
6072 12
6073 12
6074 12
6075 12
6076 12
6077 12
6078 12
6079 12
6080 12
6081 12
6082 12
6083 12
6084 12
6085 12
6086 12
6087 12
6088 12
6089 12
6090 12
6091 12
6092 12
6093 12
6094 12
6095 12
6096 12
6097 12
6098 12
6099 12
6100 12
6101 12
6102 12
6103 12
6104 12
6105 12
6106 12
6107 12
6108 12
6109 12
6110 12
6111 12
6112 12
6113 12
6114 12
6115 12
6116 12
6117 12
6118 12
6119 12
6120 12
6121 12
6122 12
6123 12
6124 12
6125 12
6126 12
6127 12
6128 12
6129 12
6130 12
6131 12
6132 12
6133 12
6134 12
6135 12
6136 12
6137 12
6138 12
6139 12
6140 12
6141 12
6142 12
6143 12
6144 12
6145 12
6146 12
6147 12
6148 12
6149 12
6150 12
6151 12
6152 12
6153 12
6154 12
6155 12
6156 12
6157 12
6158 12
6159 12
6160 12
6161 12
6162 12
6163 12
6164 12
6165 12
6166 12
6167 12
6168 12
6169 12
6170 12
6171 12
6172 12
6173 12
6174 12
6175 12
6176 12
6177 12
6178 12
6179 12
6180 12
6181 12
6182 12
6183 12
6184 12
6185 12
6186 12
6187 12
6188 12
6189 12
6190 12
6191 12
6192 12
6193 12
6194 12
6195 12
6196 12
6197 12
6198 12
6199 12
6200 12
6201 12
6202 12
6203 12
6204 12
6205 12
6206 12
6207 12
6208 12
6209 12
6210 12
6211 12
6212 12
6213 12
6214 12
6215 12
6216 12
6217 12
6218 12
6219 12
6220 12
6221 12
6222 12
6223 12
6224 12
6225 12
6226 12
6227 12
6228 12
6229 12
6230 12
6231 12
6232 12
6233 12
6234 12
6235 12
6236 12
6237 12
6238 12
6239 12
6240 12
6241 12
6242 12
6243 12
6244 12
6245 12
6246 12
6247 12
6248 12
6249 12
6250 12
6251 12
6252 12
6253 12
6254 12
6255 12
6256 12
6257 12
6258 12
6259 12
6260 12
6261 12
6262 12
6263 12
6264 12
6265 12
6266 12
6267 12
6268 12
6269 12
6270 12
6271 12
6272 12
6273 12
6274 12
6275 12
6276 12
6277 12
6278 12
6279 12
6280 12
6281 12
6282 12
6283 12
6284 12
6285 12
6286 12
6287 12
6288 12
6289 12
6290 12
6291 12
6292 12
6293 12
6294 12
6295 12
6296 12
6297 12
6298 12
6299 12
6300 12
6301 12
6302 12
6303 12
6304 12
6305 12
6306 12
6307 12
6308 12
6309 12
6310 12
6311 12
6312 12
6313 12
6314 12
6315 12
6316 12
6317 12
6318 12
6319 12
6320 12
6321 12
6322 12
6323 12
6324 12
6325 12
6326 12
6327 12
6328 12
6329 12
6330 12
6331 12
6332 12
6333 12
6334 12
6335 12
6336 12
6337 12
6338 12
6339 12
6340 12
6341 12
6342 12
6343 12
6344 12
6345 12
6346 12
6347 12
6348 12
6349 12
6350 12
6351 12
6352 12
6353 12
6354 12
6355 12
6356 12
6357 12
6358 12
6359 12
6360 12
6361 12
6362 12
6363 12
6364 12
6365 12
6366 12
6367 12
6368 12
6369 12
6370 12
6371 12
6372 12
6373 12
6374 12
6375 12
6376 12
6377 12
6378 12
6379 12
6380 12
6381 12
6382 12
6383 12
6384 12
6385 12
6386 12
6387 12
6388 12
6389 12
6390 12
6391 12
6392 12
6393 12
6394 12
6395 12
6396 12
6397 12
6398 12
6399 12
6400 12
6401 12
6402 12
6403 12
6404 12
6405 12
6406 12
6407 12
6408 12
6409 12
6410 12
6411 12
6412 12
6413 12
6414 12
6415 12
6416 12
6417 12
6418 12
6419 12
6420 12
6421 12
6422 12
6423 12
6424 12
6425 12
6426 12
6427 12
6428 12
6429 12
6430 12
6431 12
6432 12
6433 12
6434 12
6435 12
6436 12
6437 12
6438 12
6439 12
6440 12
6441 12
6442 12
6443 12
6444 12
6445 12
6446 12
6447 12
6448 12
6449 12
6450 12
6451 12
6452 12
6453 12
6454 12
6455 12
6456 12
6457 12
6458 12
6459 12
6460 12
6461 12
6462 12
6463 12
6464 12
6465 12
6466 12
6467 12
6468 12
6469 12
6470 12
6471 12
6472 12
6473 12
6474 12
6475 12
6476 12
6477 12
6478 12
6479 12
6480 12
6481 12
6482 12
6483 12
6484 12
6485 12
6486 12
6487 12
6488 12
6489 12
6490 12
6491 12
6492 12
6493 12
6494 12
6495 12
6496 12
6497 12
6498 12
6499 12
6500 12
6501 12
6502 12
6503 12
6504 12
6505 12
6506 12
6507 12
6508 12
6509 12
6510 12
6511 12
6512 12
6513 12
6514 12
6515 12
6516 12
6517 12
6518 12
6519 12
6520 12
6521 12
6522 12
6523 12
6524 12
6525 12
6526 12
6527 12
6528 12
6529 12
6530 12
6531 12
6532 12
6533 12
6534 12
6535 12
6536 12
6537 12
6538 12
6539 12
6540 12
6541 12
6542 12
6543 12
6544 12
6545 12
6546 12
6547 12
6548 12
6549 12
6550 12
6551 12
6552 12
6553 12
6554 12
6555 12
6556 12
6557 12
6558 12
6559 12
6560 12
6561 12
6562 12
6563 12
6564 12
6565 12
6566 12
6567 12
6568 12
6569 12
6570 12
6571 12
6572 12
6573 12
6574 12
6575 12
6576 12
6577 12
6578 12
6579 12
6580 12
6581 12
6582 12
6583 12
6584 12
6585 12
6586 12
6587 12
6588 12
6589 12
6590 12
6591 12
6592 12
6593 12
6594 12
6595 12
6596 12
6597 12
6598 12
6599 12
6600 12
6601 12
6602 12
6603 12
6604 12
6605 12
6606 12
6607 12
6608 12
6609 12
6610 12
6611 12
6612 12
6613 12
6614 12
6615 12
6616 12
6617 12
6618 12
6619 12
6620 12
6621 12
6622 12
6623 12
6624 12
6625 12
6626 12
6627 12
6628 12
6629 12
6630 12
6631 12
6632 12
6633 12
6634 12
6635 12
6636 12
6637 12
6638 12
6639 12
6640 12
6641 12
6642 12
6643 12
6644 12
6645 12
6646 12
6647 12
6648 12
6649 12
6650 12
6651 12
6652 12
6653 12
6654 12
6655 12
6656 12
6657 12
6658 12
6659 12
6660 12
6661 12
6662 12
6663 12
6664 12
6665 12
6666 12
6667 12
6668 12
6669 12
6670 12
6671 12
6672 12
6673 12
6674 12
6675 12
6676 12
6677 12
6678 12
6679 12
6680 12
6681 12
6682 12
6683 12
6684 12
6685 12
6686 12
6687 12
6688 12
6689 12
6690 12
6691 12
6692 12
6693 12
6694 12
6695 12
6696 12
6697 12
6698 12
6699 12
6700 12
6701 12
6702 12
6703 12
6704 12
6705 12
6706 12
6707 12
6708 12
6709 12
6710 12
6711 12
6712 12
6713 12
6714 12
6715 12
6716 12
6717 12
6718 12
6719 12
6720 12
6721 12
6722 12
6723 12
6724 12
6725 12
6726 12
6727 12
6728 12
6729 12
6730 12
6731 12
6732 12
6733 12
6734 12
6735 12
6736 12
6737 12
6738 12
6739 12
6740 12
6741 12
6742 12
6743 12
6744 12
6745 12
6746 12
6747 12
6748 12
6749 12
6750 12
6751 12
6752 12
6753 12
6754 12
6755 12
6756 12
6757 12
6758 12
6759 12
6760 12
6761 12
6762 12
6763 12
6764 12
6765 12
6766 12
6767 12
6768 12
6769 12
6770 12
6771 12
6772 12
6773 12
6774 12
6775 12
6776 12
6777 12
6778 12
6779 12
6780 12
6781 12
6782 12
6783 12
6784 12
6785 12
6786 12
6787 12
6788 12
6789 12
6790 12
6791 12
6792 12
6793 12
6794 12
6795 12
6796 12
6797 12
6798 12
6799 12
6800 12
6801 12
6802 12
6803 12
6804 12
6805 12
6806 12
6807 12
6808 12
6809 12
6810 12
6811 12
6812 12
6813 12
6814 12
6815 12
6816 12
6817 12
6818 12
6819 12
6820 12
6821 12
6822 12
6823 12
6824 12
6825 12
6826 12
6827 12
6828 12
6829 12
6830 12
6831 12
6832 12
6833 12
6834 12
6835 12
6836 12
6837 12
6838 12
6839 12
6840 12
6841 12
6842 12
6843 12
6844 12
6845 12
6846 12
6847 12
6848 12
6849 12
6850 12
6851 12
6852 12
6853 12
6854 12
6855 12
6856 12
6857 12
6858 12
6859 12
6860 12
6861 12
6862 12
6863 12
6864 12
6865 12
6866 12
6867 12
6868 12
6869 12
6870 12
6871 12
6872 12
6873 12
6874 12
6875 12
6876 12
6877 12
6878 12
6879 12
6880 12
6881 12
6882 12
6883 12
6884 12
6885 12
6886 12
6887 12
6888 12
6889 12
6890 12
6891 12
6892 12
6893 12
6894 12
6895 12
6896 12
6897 12
6898 12
6899 12
6900 12
6901 12
6902 12
6903 12
6904 12
6905 12
6906 12
6907 12
6908 12
6909 12
6910 12
6911 12
6912 12
6913 12
6914 12
6915 12
6916 12
6917 12
6918 12
6919 12
6920 12
6921 12
6922 12
6923 12
6924 12
6925 12
6926 12
6927 12
6928 12
6929 12
6930 12
6931 12
6932 12
6933 12
6934 12
6935 12
6936 12
6937 12
6938 12
6939 12
6940 12
6941 12
6942 12
6943 12
6944 12
6945 12
6946 12
6947 12
6948 12
6949 12
6950 12
6951 12
6952 12
6953 12
6954 12
6955 12
6956 12
6957 12
6958 12
6959 12
6960 12
6961 12
6962 12
6963 12
6964 12
6965 12
6966 12
6967 12
6968 12
6969 12
6970 12
6971 12
6972 12
6973 12
6974 12
6975 12
6976 12
6977 12
6978 12
6979 12
6980 12
6981 12
6982 12
6983 12
6984 12
6985 12
6986 12
6987 12
6988 12
6989 12
6990 12
6991 12
6992 12
6993 12
6994 12
6995 12
6996 12
6997 12
6998 12
6999 12
7000 12
7001 12
7002 12
7003 12
7004 12
7005 12
7006 12
7007 12
7008 12
7009 12
7010 12
7011 12
7012 12
7013 12
7014 12
7015 12
7016 12
7017 12
7018 12
7019 12
7020 12
7021 12
7022 12
7023 12
7024 12
7025 12
7026 12
7027 12
7028 12
7029 12
7030 12
7031 12
7032 12
7033 12
7034 12
7035 12
7036 12
7037 12
7038 12
7039 12
7040 12
7041 12
7042 12
7043 12
7044 12
7045 12
7046 12
7047 12
7048 12
7049 12
7050 12
7051 12
7052 12
7053 12
7054 12
7055 12
7056 12
7057 12
7058 12
7059 12
7060 12
7061 12
7062 12
7063 12
7064 12
7065 12
7066 12
7067 12
7068 12
7069 12
7070 12
7071 12
7072 12
7073 12
7074 12
7075 12
7076 12
7077 12
7078 12
7079 12
7080 12
7081 12
7082 12
7083 12
7084 12
7085 12
7086 12
7087 12
7088 12
7089 12
7090 12
7091 12
7092 12
7093 12
7094 12
7095 12
7096 12
7097 12
7098 12
7099 12
7100 12
7101 12
7102 12
7103 12
7104 12
7105 12
7106 12
7107 12
7108 12
7109 12
7110 12
7111 12
7112 12
7113 12
7114 12
7115 12
7116 12
7117 12
7118 12
7119 12
7120 12
7121 12
7122 12
7123 12
7124 12
7125 12
7126 12
7127 12
7128 12
7129 12
7130 12
7131 12
7132 12
7133 12
7134 12
7135 12
7136 12
7137 12
7138 12
7139 12
7140 12
7141 12
7142 12
7143 12
7144 12
7145 12
7146 12
7147 12
7148 12
7149 12
7150 12
7151 12
7152 12
7153 12
7154 12
7155 12
7156 12
7157 12
7158 12
7159 12
7160 12
7161 12
7162 12
7163 12
7164 12
7165 12
7166 12
7167 12
7168 12
7169 12
7170 12
7171 12
7172 12
7173 12
7174 12
7175 12
7176 12
7177 12
7178 12
7179 12
7180 12
7181 12
7182 12
7183 12
7184 12
7185 12
7186 12
7187 12
7188 12
7189 12
7190 12
7191 12
7192 12
7193 12
7194 12
7195 12
7196 12
7197 12
7198 12
7199 12
7200 12
7201 12
7202 12
7203 12
7204 12
7205 12
7206 12
7207 12
7208 12
7209 12
7210 12
7211 12
7212 12
7213 12
7214 12
7215 12
7216 12
7217 12
7218 12
7219 12
7220 12
7221 12
7222 12
7223 12
7224 12
7225 12
7226 12
7227 12
7228 12
7229 12
7230 12
7231 12
7232 12
7233 12
7234 12
7235 12
7236 12
7237 12
7238 12
7239 12
7240 12
7241 12
7242 12
7243 12
7244 12
7245 12
7246 12
7247 12
7248 12
7249 12
7250 12
7251 12
7252 12
7253 12
7254 12
7255 12
7256 12
7257 12
7258 12
7259 12
7260 12
7261 12
7262 12
7263 12
7264 12
7265 12
7266 12
7267 12
7268 12
7269 12
7270 12
7271 12
7272 12
7273 12
7274 12
7275 12
7276 12
7277 12
7278 12
7279 12
7280 12
7281 12
7282 12
7283 12
7284 12
7285 12
7286 12
7287 12
7288 12
7289 12
7290 12
7291 12
7292 12
7293 12
7294 12
7295 12
7296 12
7297 12
7298 12
7299 12
7300 12
7301 12
7302 12
7303 12
7304 12
7305 12
7306 12
7307 12
7308 12
7309 12
7310 12
7311 12
7312 12
7313 12
7314 12
7315 12
7316 12
7317 12
7318 12
7319 12
7320 12
7321 12
7322 12
7323 12
7324 12
7325 12
7326 12
7327 12
7328 12
7329 12
7330 12
7331 12
7332 12
7333 12
7334 12
7335 12
7336 12
7337 12
7338 12
7339 12
7340 12
7341 12
7342 12
7343 12
7344 12
7345 12
7346 12
7347 12
7348 12
7349 12
7350 12
7351 12
7352 12
7353 12
7354 12
7355 12
7356 12
7357 12
7358 12
7359 12
7360 12
7361 12
7362 12
7363 12
7364 12
7365 12
7366 12
7367 12
7368 12
7369 12
7370 12
7371 12
7372 12
7373 12
7374 12
7375 12
7376 12
7377 12
7378 12
7379 12
7380 12
7381 12
7382 12
7383 12
7384 12
7385 12
7386 12
7387 12
7388 12
7389 12
7390 12
7391 12
7392 12
7393 12
7394 12
7395 12
7396 12
7397 12
7398 12
7399 12
7400 12
7401 12
7402 12
7403 12
7404 12
7405 12
7406 12
7407 12
7408 12
7409 12
7410 12
7411 12
7412 12
7413 12
7414 12
7415 12
7416 12
7417 12
7418 12
7419 12
7420 12
7421 12
7422 12
7423 12
7424 12
7425 12
7426 12
7427 12
7428 12
7429 12
7430 12
7431 12
7432 12
7433 12
7434 12
7435 12
7436 12
7437 12
7438 12
7439 12
7440 12
7441 12
7442 12
7443 12
7444 12
7445 12
7446 12
7447 12
7448 12
7449 12
7450 12
7451 12
7452 12
7453 12
7454 12
7455 12
7456 12
7457 12
7458 12
7459 12
7460 12
7461 12
7462 12
7463 12
7464 12
7465 12
7466 12
7467 12
7468 12
7469 12
7470 12
7471 12
7472 12
7473 12
7474 12
7475 12
7476 12
7477 12
7478 12
7479 12
7480 12
7481 12
7482 12
7483 12
7484 12
7485 12
7486 12
7487 12
7488 12
7489 12
7490 12
7491 12
7492 12
7493 12
7494 12
7495 12
7496 12
7497 12
7498 12
7499 12
7500 12
7501 12
7502 12
7503 12
7504 12
7505 12
7506 12
7507 12
7508 12
7509 12
7510 12
7511 12
7512 12
7513 12
7514 12
7515 12
7516 12
7517 12
7518 12
7519 12
7520 12
7521 12
7522 12
7523 12
7524 12
7525 12
7526 12
7527 12
7528 12
7529 12
7530 12
7531 12
7532 12
7533 12
7534 12
7535 12
7536 12
7537 12
7538 12
7539 12
7540 12
7541 12
7542 12
7543 12
7544 12
7545 12
7546 12
7547 12
7548 12
7549 12
7550 12
7551 12
7552 12
7553 12
7554 12
7555 12
7556 12
7557 12
7558 12
7559 12
7560 12
7561 12
7562 12
7563 12
7564 12
7565 12
7566 12
7567 12
7568 12
7569 12
7570 12
7571 12
7572 12
7573 12
7574 12
7575 12
7576 12
7577 12
7578 12
7579 12
7580 12
7581 12
7582 12
7583 12
7584 12
7585 12
7586 12
7587 12
7588 12
7589 12
7590 12
7591 12
7592 12
7593 12
7594 12
7595 12
7596 12
7597 12
7598 12
7599 12
7600 12
7601 12
7602 12
7603 12
7604 12
7605 12
7606 12
7607 12
7608 12
7609 12
7610 12
7611 12
7612 12
7613 12
7614 12
7615 12
7616 12
7617 12
7618 12
7619 12
7620 12
7621 12
7622 12
7623 12
7624 12
7625 12
7626 12
7627 12
7628 12
7629 12
7630 12
7631 12
7632 12
7633 12
7634 12
7635 12
7636 12
7637 12
7638 12
7639 12
7640 12
7641 12
7642 12
7643 12
7644 12
7645 12
7646 12
7647 12
7648 12
7649 12
7650 12
7651 12
7652 12
7653 12
7654 12
7655 12
7656 12
7657 12
7658 12
7659 12
7660 12
7661 12
7662 12
7663 12
7664 12
7665 12
7666 12
7667 12
7668 12
7669 12
7670 12
7671 12
7672 12
7673 12
7674 12
7675 12
7676 12
7677 12
7678 12
7679 12
7680 12
7681 12
7682 12
7683 12
7684 12
7685 12
7686 12
7687 12
7688 12
7689 12
7690 12
7691 12
7692 12
7693 12
7694 12
7695 12
7696 12
7697 12
7698 12
7699 12
7700 12
7701 12
7702 12
7703 12
7704 12
7705 12
7706 12
7707 12
7708 12
7709 12
7710 12
7711 12
7712 12
7713 12
7714 12
7715 12
7716 12
7717 12
7718 12
7719 12
7720 12
7721 12
7722 12
7723 12
7724 12
7725 12
7726 12
7727 12
7728 12
7729 12
7730 12
7731 12
7732 12
7733 12
7734 12
7735 12
7736 12
7737 12
7738 12
7739 12
7740 12
7741 12
7742 12
7743 12
7744 12
7745 12
7746 12
7747 12
7748 12
7749 12
7750 12
7751 12
7752 12
7753 12
7754 12
7755 12
7756 12
7757 12
7758 12
7759 12
7760 12
7761 12
7762 12
7763 12
7764 12
7765 12
7766 12
7767 12
7768 12
7769 12
7770 12
7771 12
7772 12
7773 12
7774 12
7775 12
7776 12
7777 12
7778 12
7779 12
7780 12
7781 12
7782 12
7783 12
7784 12
7785 12
7786 12
7787 12
7788 12
7789 12
7790 12
7791 12
7792 12
7793 12
7794 12
7795 12
7796 12
7797 12
7798 12
7799 12
7800 12
7801 12
7802 12
7803 12
7804 12
7805 12
7806 12
7807 12
7808 12
7809 12
7810 12
7811 12
7812 12
7813 12
7814 12
7815 12
7816 12
7817 12
7818 12
7819 12
7820 12
7821 12
7822 12
7823 12
7824 12
7825 12
7826 12
7827 12
7828 12
7829 12
7830 12
7831 12
7832 12
7833 12
7834 12
7835 12
7836 12
7837 12
7838 12
7839 12
7840 12
7841 12
7842 12
7843 12
7844 12
7845 12
7846 12
7847 12
7848 12
7849 12
7850 12
7851 12
7852 12
7853 12
7854 12
7855 12
7856 12
7857 12
7858 12
7859 12
7860 12
7861 12
7862 12
7863 12
7864 12
7865 12
7866 12
7867 12
7868 12
7869 12
7870 12
7871 12
7872 12
7873 12
7874 12
7875 12
7876 12
7877 12
7878 12
7879 12
7880 12
7881 12
7882 12
7883 12
7884 12
7885 12
7886 12
7887 12
7888 12
7889 12
7890 12
7891 12
7892 12
7893 12
7894 12
7895 12
7896 12
7897 12
7898 12
7899 12
7900 12
7901 12
7902 12
7903 12
7904 12
7905 12
7906 12
7907 12
7908 12
7909 12
7910 12
7911 12
7912 12
7913 12
7914 12
7915 12
7916 12
7917 12
7918 12
7919 12
7920 12
7921 12
7922 12
7923 12
7924 12
7925 12
7926 12
7927 12
7928 12
7929 12
7930 12
7931 12
7932 12
7933 12
7934 12
7935 12
7936 12
7937 12
7938 12
7939 12
7940 12
7941 12
7942 12
7943 12
7944 12
7945 12
7946 12
7947 12
7948 12
7949 12
7950 12
7951 12
7952 12
7953 12
7954 12
7955 12
7956 12
7957 12
7958 12
7959 12
7960 12
7961 12
7962 12
7963 12
7964 12
7965 12
7966 12
7967 12
7968 12
7969 12
7970 12
7971 12
7972 12
7973 12
7974 12
7975 12
7976 12
7977 12
7978 12
7979 12
7980 12
7981 12
7982 12
7983 12
7984 12
7985 12
7986 12
7987 12
7988 12
7989 12
7990 12
7991 12
7992 12
7993 12
7994 12
7995 12
7996 12
7997 12
7998 12
7999 12
8000 12
8001 12
8002 12
8003 12
8004 12
8005 12
8006 12
8007 12
8008 12
8009 12
8010 12
8011 12
8012 12
8013 12
8014 12
8015 12
8016 12
8017 12
8018 12
8019 12
8020 12
8021 12
8022 12
8023 12
8024 12
8025 12
8026 12
8027 12
8028 12
8029 12
8030 12
8031 12
8032 12
8033 12
8034 12
8035 12
8036 12
8037 12
8038 12
8039 12
8040 12
8041 12
8042 12
8043 12
8044 12
8045 12
8046 12
8047 12
8048 12
8049 12
8050 12
8051 12
8052 12
8053 12
8054 12
8055 12
8056 12
8057 12
8058 12
8059 12
8060 12
8061 12
8062 12
8063 12
8064 12
8065 12
8066 12
8067 12
8068 12
8069 12
8070 12
8071 12
8072 12
8073 12
8074 12
8075 12
8076 12
8077 12
8078 12
8079 12
8080 12
8081 12
8082 12
8083 12
8084 12
8085 12
8086 12
8087 12
8088 12
8089 12
8090 12
8091 12
8092 12
8093 12
8094 12
8095 12
8096 12
8097 12
8098 12
8099 12
8100 12
8101 12
8102 12
8103 12
8104 12
8105 12
8106 12
8107 12
8108 12
8109 12
8110 12
8111 12
8112 12
8113 12
8114 12
8115 12
8116 12
8117 12
8118 12
8119 12
8120 12
8121 12
8122 12
8123 12
8124 12
8125 12
8126 12
8127 12
8128 12
8129 12
8130 12
8131 12
8132 12
8133 12
8134 12
8135 12
8136 12
8137 12
8138 12
8139 12
8140 12
8141 12
8142 12
8143 12
8144 12
8145 12
8146 12
8147 12
8148 12
8149 12
8150 12
8151 12
8152 12
8153 12
8154 12
8155 12
8156 12
8157 12
8158 12
8159 12
8160 12
8161 12
8162 12
8163 12
8164 12
8165 12
8166 12
8167 12
8168 12
8169 12
8170 12
8171 12
8172 12
8173 12
8174 12
8175 12
8176 12
8177 12
8178 12
8179 12
8180 12
8181 12
8182 12
8183 12
8184 12
8185 12
8186 12
8187 12
8188 12
8189 12
8190 12
8191 12
8192 13
8193 13
8194 13
8195 13
8196 13
8197 13
8198 13
8199 13
8200 13
8201 13
8202 13
8203 13
8204 13
8205 13
8206 13
8207 13
8208 13
8209 13
8210 13
8211 13
8212 13
8213 13
8214 13
8215 13
8216 13
8217 13
8218 13
8219 13
8220 13
8221 13
8222 13
8223 13
8224 13
8225 13
8226 13
8227 13
8228 13
8229 13
8230 13
8231 13
8232 13
8233 13
8234 13
8235 13
8236 13
8237 13
8238 13
8239 13
8240 13
8241 13
8242 13
8243 13
8244 13
8245 13
8246 13
8247 13
8248 13
8249 13
8250 13
8251 13
8252 13
8253 13
8254 13
8255 13
8256 13
8257 13
8258 13
8259 13
8260 13
8261 13
8262 13
8263 13
8264 13
8265 13
8266 13
8267 13
8268 13
8269 13
8270 13
8271 13
8272 13
8273 13
8274 13
8275 13
8276 13
8277 13
8278 13
8279 13
8280 13
8281 13
8282 13
8283 13
8284 13
8285 13
8286 13
8287 13
8288 13
8289 13
8290 13
8291 13
8292 13
8293 13
8294 13
8295 13
8296 13
8297 13
8298 13
8299 13
8300 13
8301 13
8302 13
8303 13
8304 13
8305 13
8306 13
8307 13
8308 13
8309 13
8310 13
8311 13
8312 13
8313 13
8314 13
8315 13
8316 13
8317 13
8318 13
8319 13
8320 13
8321 13
8322 13
8323 13
8324 13
8325 13
8326 13
8327 13
8328 13
8329 13
8330 13
8331 13
8332 13
8333 13
8334 13
8335 13
8336 13
8337 13
8338 13
8339 13
8340 13
8341 13
8342 13
8343 13
8344 13
8345 13
8346 13
8347 13
8348 13
8349 13
8350 13
8351 13
8352 13
8353 13
8354 13
8355 13
8356 13
8357 13
8358 13
8359 13
8360 13
8361 13
8362 13
8363 13
8364 13
8365 13
8366 13
8367 13
8368 13
8369 13
8370 13
8371 13
8372 13
8373 13
8374 13
8375 13
8376 13
8377 13
8378 13
8379 13
8380 13
8381 13
8382 13
8383 13
8384 13
8385 13
8386 13
8387 13
8388 13
8389 13
8390 13
8391 13
8392 13
8393 13
8394 13
8395 13
8396 13
8397 13
8398 13
8399 13
8400 13
8401 13
8402 13
8403 13
8404 13
8405 13
8406 13
8407 13
8408 13
8409 13
8410 13
8411 13
8412 13
8413 13
8414 13
8415 13
8416 13
8417 13
8418 13
8419 13
8420 13
8421 13
8422 13
8423 13
8424 13
8425 13
8426 13
8427 13
8428 13
8429 13
8430 13
8431 13
8432 13
8433 13
8434 13
8435 13
8436 13
8437 13
8438 13
8439 13
8440 13
8441 13
8442 13
8443 13
8444 13
8445 13
8446 13
8447 13
8448 13
8449 13
8450 13
8451 13
8452 13
8453 13
8454 13
8455 13
8456 13
8457 13
8458 13
8459 13
8460 13
8461 13
8462 13
8463 13
8464 13
8465 13
8466 13
8467 13
8468 13
8469 13
8470 13
8471 13
8472 13
8473 13
8474 13
8475 13
8476 13
8477 13
8478 13
8479 13
8480 13
8481 13
8482 13
8483 13
8484 13
8485 13
8486 13
8487 13
8488 13
8489 13
8490 13
8491 13
8492 13
8493 13
8494 13
8495 13
8496 13
8497 13
8498 13
8499 13
8500 13
8501 13
8502 13
8503 13
8504 13
8505 13
8506 13
8507 13
8508 13
8509 13
8510 13
8511 13
8512 13
8513 13
8514 13
8515 13
8516 13
8517 13
8518 13
8519 13
8520 13
8521 13
8522 13
8523 13
8524 13
8525 13
8526 13
8527 13
8528 13
8529 13
8530 13
8531 13
8532 13
8533 13
8534 13
8535 13
8536 13
8537 13
8538 13
8539 13
8540 13
8541 13
8542 13
8543 13
8544 13
8545 13
8546 13
8547 13
8548 13
8549 13
8550 13
8551 13
8552 13
8553 13
8554 13
8555 13
8556 13
8557 13
8558 13
8559 13
8560 13
8561 13
8562 13
8563 13
8564 13
8565 13
8566 13
8567 13
8568 13
8569 13
8570 13
8571 13
8572 13
8573 13
8574 13
8575 13
8576 13
8577 13
8578 13
8579 13
8580 13
8581 13
8582 13
8583 13
8584 13
8585 13
8586 13
8587 13
8588 13
8589 13
8590 13
8591 13
8592 13
8593 13
8594 13
8595 13
8596 13
8597 13
8598 13
8599 13
8600 13
8601 13
8602 13
8603 13
8604 13
8605 13
8606 13
8607 13
8608 13
8609 13
8610 13
8611 13
8612 13
8613 13
8614 13
8615 13
8616 13
8617 13
8618 13
8619 13
8620 13
8621 13
8622 13
8623 13
8624 13
8625 13
8626 13
8627 13
8628 13
8629 13
8630 13
8631 13
8632 13
8633 13
8634 13
8635 13
8636 13
8637 13
8638 13
8639 13
8640 13
8641 13
8642 13
8643 13
8644 13
8645 13
8646 13
8647 13
8648 13
8649 13
8650 13
8651 13
8652 13
8653 13
8654 13
8655 13
8656 13
8657 13
8658 13
8659 13
8660 13
8661 13
8662 13
8663 13
8664 13
8665 13
8666 13
8667 13
8668 13
8669 13
8670 13
8671 13
8672 13
8673 13
8674 13
8675 13
8676 13
8677 13
8678 13
8679 13
8680 13
8681 13
8682 13
8683 13
8684 13
8685 13
8686 13
8687 13
8688 13
8689 13
8690 13
8691 13
8692 13
8693 13
8694 13
8695 13
8696 13
8697 13
8698 13
8699 13
8700 13
8701 13
8702 13
8703 13
8704 13
8705 13
8706 13
8707 13
8708 13
8709 13
8710 13
8711 13
8712 13
8713 13
8714 13
8715 13
8716 13
8717 13
8718 13
8719 13
8720 13
8721 13
8722 13
8723 13
8724 13
8725 13
8726 13
8727 13
8728 13
8729 13
8730 13
8731 13
8732 13
8733 13
8734 13
8735 13
8736 13
8737 13
8738 13
8739 13
8740 13
8741 13
8742 13
8743 13
8744 13
8745 13
8746 13
8747 13
8748 13
8749 13
8750 13
8751 13
8752 13
8753 13
8754 13
8755 13
8756 13
8757 13
8758 13
8759 13
8760 13
8761 13
8762 13
8763 13
8764 13
8765 13
8766 13
8767 13
8768 13
8769 13
8770 13
8771 13
8772 13
8773 13
8774 13
8775 13
8776 13
8777 13
8778 13
8779 13
8780 13
8781 13
8782 13
8783 13
8784 13
8785 13
8786 13
8787 13
8788 13
8789 13
8790 13
8791 13
8792 13
8793 13
8794 13
8795 13
8796 13
8797 13
8798 13
8799 13
8800 13
8801 13
8802 13
8803 13
8804 13
8805 13
8806 13
8807 13
8808 13
8809 13
8810 13
8811 13
8812 13
8813 13
8814 13
8815 13
8816 13
8817 13
8818 13
8819 13
8820 13
8821 13
8822 13
8823 13
8824 13
8825 13
8826 13
8827 13
8828 13
8829 13
8830 13
8831 13
8832 13
8833 13
8834 13
8835 13
8836 13
8837 13
8838 13
8839 13
8840 13
8841 13
8842 13
8843 13
8844 13
8845 13
8846 13
8847 13
8848 13
8849 13
8850 13
8851 13
8852 13
8853 13
8854 13
8855 13
8856 13
8857 13
8858 13
8859 13
8860 13
8861 13
8862 13
8863 13
8864 13
8865 13
8866 13
8867 13
8868 13
8869 13
8870 13
8871 13
8872 13
8873 13
8874 13
8875 13
8876 13
8877 13
8878 13
8879 13
8880 13
8881 13
8882 13
8883 13
8884 13
8885 13
8886 13
8887 13
8888 13
8889 13
8890 13
8891 13
8892 13
8893 13
8894 13
8895 13
8896 13
8897 13
8898 13
8899 13
8900 13
8901 13
8902 13
8903 13
8904 13
8905 13
8906 13
8907 13
8908 13
8909 13
8910 13
8911 13
8912 13
8913 13
8914 13
8915 13
8916 13
8917 13
8918 13
8919 13
8920 13
8921 13
8922 13
8923 13
8924 13
8925 13
8926 13
8927 13
8928 13
8929 13
8930 13
8931 13
8932 13
8933 13
8934 13
8935 13
8936 13
8937 13
8938 13
8939 13
8940 13
8941 13
8942 13
8943 13
8944 13
8945 13
8946 13
8947 13
8948 13
8949 13
8950 13
8951 13
8952 13
8953 13
8954 13
8955 13
8956 13
8957 13
8958 13
8959 13
8960 13
8961 13
8962 13
8963 13
8964 13
8965 13
8966 13
8967 13
8968 13
8969 13
8970 13
8971 13
8972 13
8973 13
8974 13
8975 13
8976 13
8977 13
8978 13
8979 13
8980 13
8981 13
8982 13
8983 13
8984 13
8985 13
8986 13
8987 13
8988 13
8989 13
8990 13
8991 13
8992 13
8993 13
8994 13
8995 13
8996 13
8997 13
8998 13
8999 13
9000 13
9001 13
9002 13
9003 13
9004 13
9005 13
9006 13
9007 13
9008 13
9009 13
9010 13
9011 13
9012 13
9013 13
9014 13
9015 13
9016 13
9017 13
9018 13
9019 13
9020 13
9021 13
9022 13
9023 13
9024 13
9025 13
9026 13
9027 13
9028 13
9029 13
9030 13
9031 13
9032 13
9033 13
9034 13
9035 13
9036 13
9037 13
9038 13
9039 13
9040 13
9041 13
9042 13
9043 13
9044 13
9045 13
9046 13
9047 13
9048 13
9049 13
9050 13
9051 13
9052 13
9053 13
9054 13
9055 13
9056 13
9057 13
9058 13
9059 13
9060 13
9061 13
9062 13
9063 13
9064 13
9065 13
9066 13
9067 13
9068 13
9069 13
9070 13
9071 13
9072 13
9073 13
9074 13
9075 13
9076 13
9077 13
9078 13
9079 13
9080 13
9081 13
9082 13
9083 13
9084 13
9085 13
9086 13
9087 13
9088 13
9089 13
9090 13
9091 13
9092 13
9093 13
9094 13
9095 13
9096 13
9097 13
9098 13
9099 13
9100 13
9101 13
9102 13
9103 13
9104 13
9105 13
9106 13
9107 13
9108 13
9109 13
9110 13
9111 13
9112 13
9113 13
9114 13
9115 13
9116 13
9117 13
9118 13
9119 13
9120 13
9121 13
9122 13
9123 13
9124 13
9125 13
9126 13
9127 13
9128 13
9129 13
9130 13
9131 13
9132 13
9133 13
9134 13
9135 13
9136 13
9137 13
9138 13
9139 13
9140 13
9141 13
9142 13
9143 13
9144 13
9145 13
9146 13
9147 13
9148 13
9149 13
9150 13
9151 13
9152 13
9153 13
9154 13
9155 13
9156 13
9157 13
9158 13
9159 13
9160 13
9161 13
9162 13
9163 13
9164 13
9165 13
9166 13
9167 13
9168 13
9169 13
9170 13
9171 13
9172 13
9173 13
9174 13
9175 13
9176 13
9177 13
9178 13
9179 13
9180 13
9181 13
9182 13
9183 13
9184 13
9185 13
9186 13
9187 13
9188 13
9189 13
9190 13
9191 13
9192 13
9193 13
9194 13
9195 13
9196 13
9197 13
9198 13
9199 13
9200 13
9201 13
9202 13
9203 13
9204 13
9205 13
9206 13
9207 13
9208 13
9209 13
9210 13
9211 13
9212 13
9213 13
9214 13
9215 13
9216 13
9217 13
9218 13
9219 13
9220 13
9221 13
9222 13
9223 13
9224 13
9225 13
9226 13
9227 13
9228 13
9229 13
9230 13
9231 13
9232 13
9233 13
9234 13
9235 13
9236 13
9237 13
9238 13
9239 13
9240 13
9241 13
9242 13
9243 13
9244 13
9245 13
9246 13
9247 13
9248 13
9249 13
9250 13
9251 13
9252 13
9253 13
9254 13
9255 13
9256 13
9257 13
9258 13
9259 13
9260 13
9261 13
9262 13
9263 13
9264 13
9265 13
9266 13
9267 13
9268 13
9269 13
9270 13
9271 13
9272 13
9273 13
9274 13
9275 13
9276 13
9277 13
9278 13
9279 13
9280 13
9281 13
9282 13
9283 13
9284 13
9285 13
9286 13
9287 13
9288 13
9289 13
9290 13
9291 13
9292 13
9293 13
9294 13
9295 13
9296 13
9297 13
9298 13
9299 13
9300 13
9301 13
9302 13
9303 13
9304 13
9305 13
9306 13
9307 13
9308 13
9309 13
9310 13
9311 13
9312 13
9313 13
9314 13
9315 13
9316 13
9317 13
9318 13
9319 13
9320 13
9321 13
9322 13
9323 13
9324 13
9325 13
9326 13
9327 13
9328 13
9329 13
9330 13
9331 13
9332 13
9333 13
9334 13
9335 13
9336 13
9337 13
9338 13
9339 13
9340 13
9341 13
9342 13
9343 13
9344 13
9345 13
9346 13
9347 13
9348 13
9349 13
9350 13
9351 13
9352 13
9353 13
9354 13
9355 13
9356 13
9357 13
9358 13
9359 13
9360 13
9361 13
9362 13
9363 13
9364 13
9365 13
9366 13
9367 13
9368 13
9369 13
9370 13
9371 13
9372 13
9373 13
9374 13
9375 13
9376 13
9377 13
9378 13
9379 13
9380 13
9381 13
9382 13
9383 13
9384 13
9385 13
9386 13
9387 13
9388 13
9389 13
9390 13
9391 13
9392 13
9393 13
9394 13
9395 13
9396 13
9397 13
9398 13
9399 13
9400 13
9401 13
9402 13
9403 13
9404 13
9405 13
9406 13
9407 13
9408 13
9409 13
9410 13
9411 13
9412 13
9413 13
9414 13
9415 13
9416 13
9417 13
9418 13
9419 13
9420 13
9421 13
9422 13
9423 13
9424 13
9425 13
9426 13
9427 13
9428 13
9429 13
9430 13
9431 13
9432 13
9433 13
9434 13
9435 13
9436 13
9437 13
9438 13
9439 13
9440 13
9441 13
9442 13
9443 13
9444 13
9445 13
9446 13
9447 13
9448 13
9449 13
9450 13
9451 13
9452 13
9453 13
9454 13
9455 13
9456 13
9457 13
9458 13
9459 13
9460 13
9461 13
9462 13
9463 13
9464 13
9465 13
9466 13
9467 13
9468 13
9469 13
9470 13
9471 13
9472 13
9473 13
9474 13
9475 13
9476 13
9477 13
9478 13
9479 13
9480 13
9481 13
9482 13
9483 13
9484 13
9485 13
9486 13
9487 13
9488 13
9489 13
9490 13
9491 13
9492 13
9493 13
9494 13
9495 13
9496 13
9497 13
9498 13
9499 13
9500 13
9501 13
9502 13
9503 13
9504 13
9505 13
9506 13
9507 13
9508 13
9509 13
9510 13
9511 13
9512 13
9513 13
9514 13
9515 13
9516 13
9517 13
9518 13
9519 13
9520 13
9521 13
9522 13
9523 13
9524 13
9525 13
9526 13
9527 13
9528 13
9529 13
9530 13
9531 13
9532 13
9533 13
9534 13
9535 13
9536 13
9537 13
9538 13
9539 13
9540 13
9541 13
9542 13
9543 13
9544 13
9545 13
9546 13
9547 13
9548 13
9549 13
9550 13
9551 13
9552 13
9553 13
9554 13
9555 13
9556 13
9557 13
9558 13
9559 13
9560 13
9561 13
9562 13
9563 13
9564 13
9565 13
9566 13
9567 13
9568 13
9569 13
9570 13
9571 13
9572 13
9573 13
9574 13
9575 13
9576 13
9577 13
9578 13
9579 13
9580 13
9581 13
9582 13
9583 13
9584 13
9585 13
9586 13
9587 13
9588 13
9589 13
9590 13
9591 13
9592 13
9593 13
9594 13
9595 13
9596 13
9597 13
9598 13
9599 13
9600 13
9601 13
9602 13
9603 13
9604 13
9605 13
9606 13
9607 13
9608 13
9609 13
9610 13
9611 13
9612 13
9613 13
9614 13
9615 13
9616 13
9617 13
9618 13
9619 13
9620 13
9621 13
9622 13
9623 13
9624 13
9625 13
9626 13
9627 13
9628 13
9629 13
9630 13
9631 13
9632 13
9633 13
9634 13
9635 13
9636 13
9637 13
9638 13
9639 13
9640 13
9641 13
9642 13
9643 13
9644 13
9645 13
9646 13
9647 13
9648 13
9649 13
9650 13
9651 13
9652 13
9653 13
9654 13
9655 13
9656 13
9657 13
9658 13
9659 13
9660 13
9661 13
9662 13
9663 13
9664 13
9665 13
9666 13
9667 13
9668 13
9669 13
9670 13
9671 13
9672 13
9673 13
9674 13
9675 13
9676 13
9677 13
9678 13
9679 13
9680 13
9681 13
9682 13
9683 13
9684 13
9685 13
9686 13
9687 13
9688 13
9689 13
9690 13
9691 13
9692 13
9693 13
9694 13
9695 13
9696 13
9697 13
9698 13
9699 13
9700 13
9701 13
9702 13
9703 13
9704 13
9705 13
9706 13
9707 13
9708 13
9709 13
9710 13
9711 13
9712 13
9713 13
9714 13
9715 13
9716 13
9717 13
9718 13
9719 13
9720 13
9721 13
9722 13
9723 13
9724 13
9725 13
9726 13
9727 13
9728 13
9729 13
9730 13
9731 13
9732 13
9733 13
9734 13
9735 13
9736 13
9737 13
9738 13
9739 13
9740 13
9741 13
9742 13
9743 13
9744 13
9745 13
9746 13
9747 13
9748 13
9749 13
9750 13
9751 13
9752 13
9753 13
9754 13
9755 13
9756 13
9757 13
9758 13
9759 13
9760 13
9761 13
9762 13
9763 13
9764 13
9765 13
9766 13
9767 13
9768 13
9769 13
9770 13
9771 13
9772 13
9773 13
9774 13
9775 13
9776 13
9777 13
9778 13
9779 13
9780 13
9781 13
9782 13
9783 13
9784 13
9785 13
9786 13
9787 13
9788 13
9789 13
9790 13
9791 13
9792 13
9793 13
9794 13
9795 13
9796 13
9797 13
9798 13
9799 13
9800 13
9801 13
9802 13
9803 13
9804 13
9805 13
9806 13
9807 13
9808 13
9809 13
9810 13
9811 13
9812 13
9813 13
9814 13
9815 13
9816 13
9817 13
9818 13
9819 13
9820 13
9821 13
9822 13
9823 13
9824 13
9825 13
9826 13
9827 13
9828 13
9829 13
9830 13
9831 13
9832 13
9833 13
9834 13
9835 13
9836 13
9837 13
9838 13
9839 13
9840 13
9841 13
9842 13
9843 13
9844 13
9845 13
9846 13
9847 13
9848 13
9849 13
9850 13
9851 13
9852 13
9853 13
9854 13
9855 13
9856 13
9857 13
9858 13
9859 13
9860 13
9861 13
9862 13
9863 13
9864 13
9865 13
9866 13
9867 13
9868 13
9869 13
9870 13
9871 13
9872 13
9873 13
9874 13
9875 13
9876 13
9877 13
9878 13
9879 13
9880 13
9881 13
9882 13
9883 13
9884 13
9885 13
9886 13
9887 13
9888 13
9889 13
9890 13
9891 13
9892 13
9893 13
9894 13
9895 13
9896 13
9897 13
9898 13
9899 13
9900 13
9901 13
9902 13
9903 13
9904 13
9905 13
9906 13
9907 13
9908 13
9909 13
9910 13
9911 13
9912 13
9913 13
9914 13
9915 13
9916 13
9917 13
9918 13
9919 13
9920 13
9921 13
9922 13
9923 13
9924 13
9925 13
9926 13
9927 13
9928 13
9929 13
9930 13
9931 13
9932 13
9933 13
9934 13
9935 13
9936 13
9937 13
9938 13
9939 13
9940 13
9941 13
9942 13
9943 13
9944 13
9945 13
9946 13
9947 13
9948 13
9949 13
9950 13
9951 13
9952 13
9953 13
9954 13
9955 13
9956 13
9957 13
9958 13
9959 13
9960 13
9961 13
9962 13
9963 13
9964 13
9965 13
9966 13
9967 13
9968 13
9969 13
9970 13
9971 13
9972 13
9973 13
9974 13
9975 13
9976 13
9977 13
9978 13
9979 13
9980 13
9981 13
9982 13
9983 13
9984 13
9985 13
9986 13
9987 13
9988 13
9989 13
9990 13
9991 13
9992 13
9993 13
9994 13
9995 13
9996 13
9997 13
9998 13
9999 13
10000 13







