0 0
1 1
2 1
3 2
4 1
5 3
6 2
7 3
8 1
9 4
10 3
11 5
12 2
13 5
14 3
15 4
16 1
17 5
18 4
19 7
20 3
21 8
22 5
23 7
24 2
25 7
26 5
27 8
28 3
29 7
30 4
31 5
32 1
33 6
34 5
35 9
36 4
37 11
38 7
39 10
40 3
41 11
42 8
43 13
44 5
45 12
46 7
47 9
48 2
49 9
50 7
51 12
52 5
53 13
54 8
55 11
56 3
57 10
58 7
59 11
60 4
61 9
62 5
63 6
64 1
65 7
66 6
67 11
68 5
69 14
70 9
71 13
72 4
73 15
74 11
75 18
76 7
77 17
78 10
79 13
80 3
81 14
82 11
83 19
84 8
85 21
86 13
87 18
88 5
89 17
90 12
91 19
92 7
93 16
94 9
95 11
96 2
97 11
98 9
99 16
100 7
101 19
102 12
103 17
104 5
105 18
106 13
107 21
108 8
109 19
110 11
111 14
112 3
113 13
114 10
115 17
116 7
117 18
118 11
119 15
120 4
121 13
122 9
123 14
124 5
125 11
126 6
127 7
128 1
129 8
130 7
131 13
132 6
133 17
134 11
135 16
136 5
137 19
138 14
139 23
140 9
141 22
142 13
143 17
144 4
145 19
146 15
147 26
148 11
149 29
150 18
151 25
152 7
153 24
154 17
155 27
156 10
157 23
158 13
159 16
160 3
161 17
162 14
163 25
164 11
165 30
166 19
167 27
168 8
169 29
170 21
171 34
172 13
173 31
174 18
175 23
176 5
177 22
178 17
179 29
180 12
181 31
182 19
183 26
184 7
185 23
186 16
187 25
188 9
189 20
190 11
191 13
192 2
193 13
194 11
195 20
196 9
197 25
198 16
199 23
200 7
201 26
202 19
203 31
204 12
205 29
206 17
207 22
208 5
209 23
210 18
211 31
212 13
213 34
214 21
215 29
216 8
217 27
218 19
219 30
220 11
221 25
222 14
223 17
224 3
225 16
226 13
227 23
228 10
229 27
230 17
231 24
232 7
233 25
234 18
235 29
236 11
237 26
238 15
239 19
240 4
241 17
242 13
243 22
244 9
245 23
246 14
247 19
248 5
249 16
250 11
251 17
252 6
253 13
254 7
255 8
256 1
257 9
258 8
259 15
260 7
261 20
262 13
263 19
264 6
265 23
266 17
267 28
268 11
269 27
270 16
271 21
272 5
273 24
274 19
275 33
276 14
277 37
278 23
279 32
280 9
281 31
282 22
283 35
284 13
285 30
286 17
287 21
288 4
289 23
290 19
291 34
292 15
293 41
294 26
295 37
296 11
297 40
298 29
299 47
300 18
301 43
302 25
303 32
304 7
305 31
306 24
307 41
308 17
309 44
310 27
311 37
312 10
313 33
314 23
315 36
316 13
317 29
318 16
319 19
320 3
321 20
322 17
323 31
324 14
325 39
326 25
327 36
328 11
329 41
330 30
331 49
332 19
333 46
334 27
335 35
336 8
337 37
338 29
339 50
340 21
341 55
342 34
343 47
344 13
345 44
346 31
347 49
348 18
349 41
350 23
351 28
352 5
353 27
354 22
355 39
356 17
357 46
358 29
359 41
360 12
361 43
362 31
363 50
364 19
365 45
366 26
367 33
368 7
369 30
370 23
371 39
372 16
373 41
374 25
375 34
376 9
377 29
378 20
379 31
380 11
381 24
382 13
383 15
384 2
385 15
386 13
387 24
388 11
389 31
390 20
391 29
392 9
393 34
394 25
395 41
396 16
397 39
398 23
399 30
400 7
401 33
402 26
403 45
404 19
405 50
406 31
407 43
408 12
409 41
410 29
411 46
412 17
413 39
414 22
415 27
416 5
417 28
418 23
419 41
420 18
421 49
422 31
423 44
424 13
425 47
426 34
427 55
428 21
429 50
430 29
431 37
432 8
433 35
434 27
435 46
436 19
437 49
438 30
439 41
440 11
441 36
442 25
443 39
444 14
445 31
446 17
447 20
448 3
449 19
450 16
451 29
452 13
453 36
454 23
455 33
456 10
457 37
458 27
459 44
460 17
461 41
462 24
463 31
464 7
465 32
466 25
467 43
468 18
469 47
470 29
471 40
472 11
473 37
474 26
475 41
476 15
477 34
478 19
479 23
480 4
481 21
482 17
483 30
484 13
485 35
486 22
487 31
488 9
489 32
490 23
491 37
492 14
493 33
494 19
495 24
496 5
497 21
498 16
499 27
500 11
501 28
502 17
503 23
504 6
505 19
506 13
507 20
508 7
509 15
510 8
511 9
512 1
513 10
514 9
515 17
516 8
517 23
518 15
519 22
520 7
521 27
522 20
523 33
524 13
525 32
526 19
527 25
528 6
529 29
530 23
531 40
532 17
533 45
534 28
535 39
536 11
537 38
538 27
539 43
540 16
541 37
542 21
543 26
544 5
545 29
546 24
547 43
548 19
549 52
550 33
551 47
552 14
553 51
554 37
555 60
556 23
557 55
558 32
559 41
560 9
561 40
562 31
563 53
564 22
565 57
566 35
567 48
568 13
569 43
570 30
571 47
572 17
573 38
574 21
575 25
576 4
577 27
578 23
579 42
580 19
581 53
582 34
583 49
584 15
585 56
586 41
587 67
588 26
589 63
590 37
591 48
592 11
593 51
594 40
595 69
596 29
597 76
598 47
599 65
600 18
601 61
602 43
603 68
604 25
605 57
606 32
607 39
608 7
609 38
610 31
611 55
612 24
613 65
614 41
615 58
616 17
617 61
618 44
619 71
620 27
621 64
622 37
623 47
624 10
625 43
626 33
627 56
628 23
629 59
630 36
631 49
632 13
633 42
634 29
635 45
636 16
637 35
638 19
639 22
640 3
641 23
642 20
643 37
644 17
645 48
646 31
647 45
648 14
649 53
650 39
651 64
652 25
653 61
654 36
655 47
656 11
657 52
658 41
659 71
660 30
661 79
662 49
663 68
664 19
665 65
666 46
667 73
668 27
669 62
670 35
671 43
672 8
673 45
674 37
675 66
676 29
677 79
678 50
679 71
680 21
681 76
682 55
683 89
684 34
685 81
686 47
687 60
688 13
689 57
690 44
691 75
692 31
693 80
694 49
695 67
696 18
697 59
698 41
699 64
700 23
701 51
702 28
703 33
704 5
705 32
706 27
707 49
708 22
709 61
710 39
711 56
712 17
713 63
714 46
715 75
716 29
717 70
718 41
719 53
720 12
721 55
722 43
723 74
724 31
725 81
726 50
727 69
728 19
729 64
730 45
731 71
732 26
733 59
734 33
735 40
736 7
737 37
738 30
739 53
740 23
741 62
742 39
743 55
744 16
745 57
746 41
747 66
748 25
749 59
750 34
751 43
752 9
753 38
754 29
755 49
756 20
757 51
758 31
759 42
760 11
761 35
762 24
763 37
764 13
765 28
766 15
767 17
768 2
769 17
770 15
771 28
772 13
773 37
774 24
775 35
776 11
777 42
778 31
779 51
780 20
781 49
782 29
783 38
784 9
785 43
786 34
787 59
788 25
789 66
790 41
791 57
792 16
793 55
794 39
795 62
796 23
797 53
798 30
799 37
800 7
801 40
802 33
803 59
804 26
805 71
806 45
807 64
808 19
809 69
810 50
811 81
812 31
813 74
814 43
815 55
816 12
817 53
818 41
819 70
820 29
821 75
822 46
823 63
824 17
825 56
826 39
827 61
828 22
829 49
830 27
831 32
832 5
833 33
834 28
835 51
836 23
837 64
838 41
839 59
840 18
841 67
842 49
843 80
844 31
845 75
846 44
847 57
848 13
849 60
850 47
851 81
852 34
853 89
854 55
855 76
856 21
857 71
858 50
859 79
860 29
861 66
862 37
863 45
864 8
865 43
866 35
867 62
868 27
869 73
870 46
871 65
872 19
873 68
874 49
875 79
876 30
877 71
878 41
879 52
880 11
881 47
882 36
883 61
884 25
885 64
886 39
887 53
888 14
889 45
890 31
891 48
892 17
893 37
894 20
895 23
896 3
897 22
898 19
899 35
900 16
901 45
902 29
903 42
904 13
905 49
906 36
907 59
908 23
909 56
910 33
911 43
912 10
913 47
914 37
915 64
916 27
917 71
918 44
919 61
920 17
921 58
922 41
923 65
924 24
925 55
926 31
927 38
928 7
929 39
930 32
931 57
932 25
933 68
934 43
935 61
936 18
937 65
938 47
939 76
940 29
941 69
942 40
943 51
944 11
945 48
946 37
947 63
948 26
949 67
950 41
951 56
952 15
953 49
954 34
955 53
956 19
957 42
958 23
959 27
960 4
961 25
962 21
963 38
964 17
965 47
966 30
967 43
968 13
969 48
970 35
971 57
972 22
973 53
974 31
975 40
976 9
977 41
978 32
979 55
980 23
981 60
982 37
983 51
984 14
985 47
986 33
987 52
988 19
989 43
990 24
991 29
992 5
993 26
994 21
995 37
996 16
997 43
998 27
999 38
1000 11
1001 39
1002 28
1003 45
1004 17
1005 40
1006 23
1007 29
1008 6
1009 25
1010 19
1011 32
1012 13
1013 33
1014 20
1015 27
1016 7
1017 22
1018 15
1019 23
1020 8
1021 17
1022 9
1023 10
1024 1
1025 11
1026 10
1027 19
1028 9
1029 26
1030 17
1031 25
1032 8
1033 31
1034 23
1035 38
1036 15
1037 37
1038 22
1039 29
1040 7
1041 34
1042 27
1043 47
1044 20
1045 53
1046 33
1047 46
1048 13
1049 45
1050 32
1051 51
1052 19
1053 44
1054 25
1055 31
1056 6
1057 35
1058 29
1059 52
1060 23
1061 63
1062 40
1063 57
1064 17
1065 62
1066 45
1067 73
1068 28
1069 67
1070 39
1071 50
1072 11
1073 49
1074 38
1075 65
1076 27
1077 70
1078 43
1079 59
1080 16
1081 53
1082 37
1083 58
1084 21
1085 47
1086 26
1087 31
1088 5
1089 34
1090 29
1091 53
1092 24
1093 67
1094 43
1095 62
1096 19
1097 71
1098 52
1099 85
1100 33
1101 80
1102 47
1103 61
1104 14
1105 65
1106 51
1107 88
1108 37
1109 97
1110 60
1111 83
1112 23
1113 78
1114 55
1115 87
1116 32
1117 73
1118 41
1119 50
1120 9
1121 49
1122 40
1123 71
1124 31
1125 84
1126 53
1127 75
1128 22
1129 79
1130 57
1131 92
1132 35
1133 83
1134 48
1135 61
1136 13
1137 56
1138 43
1139 73
1140 30
1141 77
1142 47
1143 64
1144 17
1145 55
1146 38
1147 59
1148 21
1149 46
1150 25
1151 29
1152 4
1153 31
1154 27
1155 50
1156 23
1157 65
1158 42
1159 61
1160 19
1161 72
1162 53
1163 87
1164 34
1165 83
1166 49
1167 64
1168 15
1169 71
1170 56
1171 97
1172 41
1173 108
1174 67
1175 93
1176 26
1177 89
1178 63
1179 100
1180 37
1181 85
1182 48
1183 59
1184 11
1185 62
1186 51
1187 91
1188 40
1189 109
1190 69
1191 98
1192 29
1193 105
1194 76
1195 123
1196 47
1197 112
1198 65
1199 83
1200 18
1201 79
1202 61
1203 104
1204 43
1205 111
1206 68
1207 93
1208 25
1209 82
1210 57
1211 89
1212 32
1213 71
1214 39
1215 46
1216 7
1217 45
1218 38
1219 69
1220 31
1221 86
1222 55
1223 79
1224 24
1225 89
1226 65
1227 106
1228 41
1229 99
1230 58
1231 75
1232 17
1233 78
1234 61
1235 105
1236 44
1237 115
1238 71
1239 98
1240 27
1241 91
1242 64
1243 101
1244 37
1245 84
1246 47
1247 57
1248 10
1249 53
1250 43
1251 76
1252 33
1253 89
1254 56
1255 79
1256 23
1257 82
1258 59
1259 95
1260 36
1261 85
1262 49
1263 62
1264 13
1265 55
1266 42
1267 71
1268 29
1269 74
1270 45
1271 61
1272 16
1273 51
1274 35
1275 54
1276 19
1277 41
1278 22
1279 25
1280 3
1281 26
1282 23
1283 43
1284 20
1285 57
1286 37
1287 54
1288 17
1289 65
1290 48
1291 79
1292 31
1293 76
1294 45
1295 59
1296 14
1297 67
1298 53
1299 92
1300 39
1301 103
1302 64
1303 89
1304 25
1305 86
1306 61
1307 97
1308 36
1309 83
1310 47
1311 58
1312 11
1313 63
1314 52
1315 93
1316 41
1317 112
1318 71
1319 101
1320 30
1321 109
1322 79
1323 128
1324 49
1325 117
1326 68
1327 87
1328 19
1329 84
1330 65
1331 111
1332 46
1333 119
1334 73
1335 100
1336 27
1337 89
1338 62
1339 97
1340 35
1341 78
1342 43
1343 51
1344 8
1345 53
1346 45
1347 82
1348 37
1349 103
1350 66
1351 95
1352 29
1353 108
1354 79
1355 129
1356 50
1357 121
1358 71
1359 92
1360 21
1361 97
1362 76
1363 131
1364 55
1365 144
1366 89
1367 123
1368 34
1369 115
1370 81
1371 128
1372 47
1373 107
1374 60
1375 73
1376 13
1377 70
1378 57
1379 101
1380 44
1381 119
1382 75
1383 106
1384 31
1385 111
1386 80
1387 129
1388 49
1389 116
1390 67
1391 85
1392 18
1393 77
1394 59
1395 100
1396 41
1397 105
1398 64
1399 87
1400 23
1401 74
1402 51
1403 79
1404 28
1405 61
1406 33
1407 38
1408 5
1409 37
1410 32
1411 59
1412 27
1413 76
1414 49
1415 71
1416 22
1417 83
1418 61
1419 100
1420 39
1421 95
1422 56
1423 73
1424 17
1425 80
1426 63
1427 109
1428 46
1429 121
1430 75
1431 104
1432 29
1433 99
1434 70
1435 111
1436 41
1437 94
1438 53
1439 65
1440 12
1441 67
1442 55
1443 98
1444 43
1445 117
1446 74
1447 105
1448 31
1449 112
1450 81
1451 131
1452 50
1453 119
1454 69
1455 88
1456 19
1457 83
1458 64
1459 109
1460 45
1461 116
1462 71
1463 97
1464 26
1465 85
1466 59
1467 92
1468 33
1469 73
1470 40
1471 47
1472 7
1473 44
1474 37
1475 67
1476 30
1477 83
1478 53
1479 76
1480 23
1481 85
1482 62
1483 101
1484 39
1485 94
1486 55
1487 71
1488 16
1489 73
1490 57
1491 98
1492 41
1493 107
1494 66
1495 91
1496 25
1497 84
1498 59
1499 93
1500 34
1501 77
1502 43
1503 52
1504 9
1505 47
1506 38
1507 67
1508 29
1509 78
1510 49
1511 69
1512 20
1513 71
1514 51
1515 82
1516 31
1517 73
1518 42
1519 53
1520 11
1521 46
1522 35
1523 59
1524 24
1525 61
1526 37
1527 50
1528 13
1529 41
1530 28
1531 43
1532 15
1533 32
1534 17
1535 19
1536 2
1537 19
1538 17
1539 32
1540 15
1541 43
1542 28
1543 41
1544 13
1545 50
1546 37
1547 61
1548 24
1549 59
1550 35
1551 46
1552 11
1553 53
1554 42
1555 73
1556 31
1557 82
1558 51
1559 71
1560 20
1561 69
1562 49
1563 78
1564 29
1565 67
1566 38
1567 47
1568 9
1569 52
1570 43
1571 77
1572 34
1573 93
1574 59
1575 84
1576 25
1577 91
1578 66
1579 107
1580 41
1581 98
1582 57
1583 73
1584 16
1585 71
1586 55
1587 94
1588 39
1589 101
1590 62
1591 85
1592 23
1593 76
1594 53
1595 83
1596 30
1597 67
1598 37
1599 44
1600 7
1601 47
1602 40
1603 73
1604 33
1605 92
1606 59
1607 85
1608 26
1609 97
1610 71
1611 116
1612 45
1613 109
1614 64
1615 83
1616 19
1617 88
1618 69
1619 119
1620 50
1621 131
1622 81
1623 112
1624 31
1625 105
1626 74
1627 117
1628 43
1629 98
1630 55
1631 67
1632 12
1633 65
1634 53
1635 94
1636 41
1637 111
1638 70
1639 99
1640 29
1641 104
1642 75
1643 121
1644 46
1645 109
1646 63
1647 80
1648 17
1649 73
1650 56
1651 95
1652 39
1653 100
1654 61
1655 83
1656 22
1657 71
1658 49
1659 76
1660 27
1661 59
1662 32
1663 37
1664 5
1665 38
1666 33
1667 61
1668 28
1669 79
1670 51
1671 74
1672 23
1673 87
1674 64
1675 105
1676 41
1677 100
1678 59
1679 77
1680 18
1681 85
1682 67
1683 116
1684 49
1685 129
1686 80
1687 111
1688 31
1689 106
1690 75
1691 119
1692 44
1693 101
1694 57
1695 70
1696 13
1697 73
1698 60
1699 107
1700 47
1701 128
1702 81
1703 115
1704 34
1705 123
1706 89
1707 144
1708 55
1709 131
1710 76
1711 97
1712 21
1713 92
1714 71
1715 121
1716 50
1717 129
1718 79
1719 108
1720 29
1721 95
1722 66
1723 103
1724 37
1725 82
1726 45
1727 53
1728 8
1729 51
1730 43
1731 78
1732 35
1733 97
1734 62
1735 89
1736 27
1737 100
1738 73
1739 119
1740 46
1741 111
1742 65
1743 84
1744 19
1745 87
1746 68
1747 117
1748 49
1749 128
1750 79
1751 109
1752 30
1753 101
1754 71
1755 112
1756 41
1757 93
1758 52
1759 63
1760 11
1761 58
1762 47
1763 83
1764 36
1765 97
1766 61
1767 86
1768 25
1769 89
1770 64
1771 103
1772 39
1773 92
1774 53
1775 67
1776 14
1777 59
1778 45
1779 76
1780 31
1781 79
1782 48
1783 65
1784 17
1785 54
1786 37
1787 57
1788 20
1789 43
1790 23
1791 26
1792 3
1793 25
1794 22
1795 41
1796 19
1797 54
1798 35
1799 51
1800 16
1801 61
1802 45
1803 74
1804 29
1805 71
1806 42
1807 55
1808 13
1809 62
1810 49
1811 85
1812 36
1813 95
1814 59
1815 82
1816 23
1817 79
1818 56
1819 89
1820 33
1821 76
1822 43
1823 53
1824 10
1825 57
1826 47
1827 84
1828 37
1829 101
1830 64
1831 91
1832 27
1833 98
1834 71
1835 115
1836 44
1837 105
1838 61
1839 78
1840 17
1841 75
1842 58
1843 99
1844 41
1845 106
1846 65
1847 89
1848 24
1849 79
1850 55
1851 86
1852 31
1853 69
1854 38
1855 45
1856 7
1857 46
1858 39
1859 71
1860 32
1861 89
1862 57
1863 82
1864 25
1865 93
1866 68
1867 111
1868 43
1869 104
1870 61
1871 79
1872 18
1873 83
1874 65
1875 112
1876 47
1877 123
1878 76
1879 105
1880 29
1881 98
1882 69
1883 109
1884 40
1885 91
1886 51
1887 62
1888 11
1889 59
1890 48
1891 85
1892 37
1893 100
1894 63
1895 89
1896 26
1897 93
1898 67
1899 108
1900 41
1901 97
1902 56
1903 71
1904 15
1905 64
1906 49
1907 83
1908 34
1909 87
1910 53
1911 72
1912 19
1913 61
1914 42
1915 65
1916 23
1917 50
1918 27
1919 31
1920 4
1921 29
1922 25
1923 46
1924 21
1925 59
1926 38
1927 55
1928 17
1929 64
1930 47
1931 77
1932 30
1933 73
1934 43
1935 56
1936 13
1937 61
1938 48
1939 83
1940 35
1941 92
1942 57
1943 79
1944 22
1945 75
1946 53
1947 84
1948 31
1949 71
1950 40
1951 49
1952 9
1953 50
1954 41
1955 73
1956 32
1957 87
1958 55
1959 78
1960 23
1961 83
1962 60
1963 97
1964 37
1965 88
1966 51
1967 65
1968 14
1969 61
1970 47
1971 80
1972 33
1973 85
1974 52
1975 71
1976 19
1977 62
1978 43
1979 67
1980 24
1981 53
1982 29
1983 34
1984 5
1985 31
1986 26
1987 47
1988 21
1989 58
1990 37
1991 53
1992 16
1993 59
1994 43
1995 70
1996 27
1997 65
1998 38
1999 49
2000 11
2001 50
2002 39
2003 67
2004 28
2005 73
2006 45
2007 62
2008 17
2009 57
2010 40
2011 63
2012 23
2013 52
2014 29
2015 35
2016 6
2017 31
2018 25
2019 44
2020 19
2021 51
2022 32
2023 45
2024 13
2025 46
2026 33
2027 53
2028 20
2029 47
2030 27
2031 34
2032 7
2033 29
2034 22
2035 37
2036 15
2037 38
2038 23
2039 31
2040 8
2041 25
2042 17
2043 26
2044 9
2045 19
2046 10
2047 11
2048 1
2049 12
2050 11
2051 21
2052 10
2053 29
2054 19
2055 28
2056 9
2057 35
2058 26
2059 43
2060 17
2061 42
2062 25
2063 33
2064 8
2065 39
2066 31
2067 54
2068 23
2069 61
2070 38
2071 53
2072 15
2073 52
2074 37
2075 59
2076 22
2077 51
2078 29
2079 36
2080 7
2081 41
2082 34
2083 61
2084 27
2085 74
2086 47
2087 67
2088 20
2089 73
2090 53
2091 86
2092 33
2093 79
2094 46
2095 59
2096 13
2097 58
2098 45
2099 77
2100 32
2101 83
2102 51
2103 70
2104 19
2105 63
2106 44
2107 69
2108 25
2109 56
2110 31
2111 37
2112 6
2113 41
2114 35
2115 64
2116 29
2117 81
2118 52
2119 75
2120 23
2121 86
2122 63
2123 103
2124 40
2125 97
2126 57
2127 74
2128 17
2129 79
2130 62
2131 107
2132 45
2133 118
2134 73
2135 101
2136 28
2137 95
2138 67
2139 106
2140 39
2141 89
2142 50
2143 61
2144 11
2145 60
2146 49
2147 87
2148 38
2149 103
2150 65
2151 92
2152 27
2153 97
2154 70
2155 113
2156 43
2157 102
2158 59
2159 75
2160 16
2161 69
2162 53
2163 90
2164 37
2165 95
2166 58
2167 79
2168 21
2169 68
2170 47
2171 73
2172 26
2173 57
2174 31
2175 36
2176 5
2177 39
2178 34
2179 63
2180 29
2181 82
2182 53
2183 77
2184 24
2185 91
2186 67
2187 110
2188 43
2189 105
2190 62
2191 81
2192 19
2193 90
2194 71
2195 123
2196 52
2197 137
2198 85
2199 118
2200 33
2201 113
2202 80
2203 127
2204 47
2205 108
2206 61
2207 75
2208 14
2209 79
2210 65
2211 116
2212 51
2213 139
2214 88
2215 125
2216 37
2217 134
2218 97
2219 157
2220 60
2221 143
2222 83
2223 106
2224 23
2225 101
2226 78
2227 133
2228 55
2229 142
2230 87
2231 119
2232 32
2233 105
2234 73
2235 114
2236 41
2237 91
2238 50
2239 59
2240 9
2241 58
2242 49
2243 89
2244 40
2245 111
2246 71
2247 102
2248 31
2249 115
2250 84
2251 137
2252 53
2253 128
2254 75
2255 97
2256 22
2257 101
2258 79
2259 136
2260 57
2261 149
2262 92
2263 127
2264 35
2265 118
2266 83
2267 131
2268 48
2269 109
2270 61
2271 74
2272 13
2273 69
2274 56
2275 99
2276 43
2277 116
2278 73
2279 103
2280 30
2281 107
2282 77
2283 124
2284 47
2285 111
2286 64
2287 81
2288 17
2289 72
2290 55
2291 93
2292 38
2293 97
2294 59
2295 80
2296 21
2297 67
2298 46
2299 71
2300 25
2301 54
2302 29
2303 33
2304 4
2305 35
2306 31
2307 58
2308 27
2309 77
2310 50
2311 73
2312 23
2313 88
2314 65
2315 107
2316 42
2317 103
2318 61
2319 80
2320 19
2321 91
2322 72
2323 125
2324 53
2325 140
2326 87
2327 121
2328 34
2329 117
2330 83
2331 132
2332 49
2333 113
2334 64
2335 79
2336 15
2337 86
2338 71
2339 127
2340 56
2341 153
2342 97
2343 138
2344 41
2345 149
2346 108
2347 175
2348 67
2349 160
2350 93
2351 119
2352 26
2353 115
2354 89
2355 152
2356 63
2357 163
2358 100
2359 137
2360 37
2361 122
2362 85
2363 133
2364 48
2365 107
2366 59
2367 70
2368 11
2369 73
2370 62
2371 113
2372 51
2373 142
2374 91
2375 131
2376 40
2377 149
2378 109
2379 178
2380 69
2381 167
2382 98
2383 127
2384 29
2385 134
2386 105
2387 181
2388 76
2389 199
2390 123
2391 170
2392 47
2393 159
2394 112
2395 177
2396 65
2397 148
2398 83
2399 101
2400 18
2401 97
2402 79
2403 140
2404 61
2405 165
2406 104
2407 147
2408 43
2409 154
2410 111
2411 179
2412 68
2413 161
2414 93
2415 118
2416 25
2417 107
2418 82
2419 139
2420 57
2421 146
2422 89
2423 121
2424 32
2425 103
2426 71
2427 110
2428 39
2429 85
2430 46
2431 53
2432 7
2433 52
2434 45
2435 83
2436 38
2437 107
2438 69
2439 100
2440 31
2441 117
2442 86
2443 141
2444 55
2445 134
2446 79
2447 103
2448 24
2449 113
2450 89
2451 154
2452 65
2453 171
2454 106
2455 147
2456 41
2457 140
2458 99
2459 157
2460 58
2461 133
2462 75
2463 92
2464 17
2465 95
2466 78
2467 139
2468 61
2469 166
2470 105
2471 149
2472 44
2473 159
2474 115
2475 186
2476 71
2477 169
2478 98
2479 125
2480 27
2481 118
2482 91
2483 155
2484 64
2485 165
2486 101
2487 138
2488 37
2489 121
2490 84
2491 131
2492 47
2493 104
2494 57
2495 67
2496 10
2497 63
2498 53
2499 96
2500 43
2501 119
2502 76
2503 109
2504 33
2505 122
2506 89
2507 145
2508 56
2509 135
2510 79
2511 102
2512 23
2513 105
2514 82
2515 141
2516 59
2517 154
2518 95
2519 131
2520 36
2521 121
2522 85
2523 134
2524 49
2525 111
2526 62
2527 75
2528 13
2529 68
2530 55
2531 97
2532 42
2533 113
2534 71
2535 100
2536 29
2537 103
2538 74
2539 119
2540 45
2541 106
2542 61
2543 77
2544 16
2545 67
2546 51
2547 86
2548 35
2549 89
2550 54
2551 73
2552 19
2553 60
2554 41
2555 63
2556 22
2557 47
2558 25
2559 28
2560 3
2561 29
2562 26
2563 49
2564 23
2565 66
2566 43
2567 63
2568 20
2569 77
2570 57
2571 94
2572 37
2573 91
2574 54
2575 71
2576 17
2577 82
2578 65
2579 113
2580 48
2581 127
2582 79
2583 110
2584 31
2585 107
2586 76
2587 121
2588 45
2589 104
2590 59
2591 73
2592 14
2593 81
2594 67
2595 120
2596 53
2597 145
2598 92
2599 131
2600 39
2601 142
2602 103
2603 167
2604 64
2605 153
2606 89
2607 114
2608 25
2609 111
2610 86
2611 147
2612 61
2613 158
2614 97
2615 133
2616 36
2617 119
2618 83
2619 130
2620 47
2621 105
2622 58
2623 69
2624 11
2625 74
2626 63
2627 115
2628 52
2629 145
2630 93
2631 134
2632 41
2633 153
2634 112
2635 183
2636 71
2637 172
2638 101
2639 131
2640 30
2641 139
2642 109
2643 188
2644 79
2645 207
2646 128
2647 177
2648 49
2649 166
2650 117
2651 185
2652 68
2653 155
2654 87
2655 106
2656 19
2657 103
2658 84
2659 149
2660 65
2661 176
2662 111
2663 157
2664 46
2665 165
2666 119
2667 192
2668 73
2669 173
2670 100
2671 127
2672 27
2673 116
2674 89
2675 151
2676 62
2677 159
2678 97
2679 132
2680 35
2681 113
2682 78
2683 121
2684 43
2685 94
2686 51
2687 59
2688 8
2689 61
2690 53
2691 98
2692 45
2693 127
2694 82
2695 119
2696 37
2697 140
2698 103
2699 169
2700 66
2701 161
2702 95
2703 124
2704 29
2705 137
2706 108
2707 187
2708 79
2709 208
2710 129
2711 179
2712 50
2713 171
2714 121
2715 192
2716 71
2717 163
2718 92
2719 113
2720 21
2721 118
2722 97
2723 173
2724 76
2725 207
2726 131
2727 186
2728 55
2729 199
2730 144
2731 233
2732 89
2733 212
2734 123
2735 157
2736 34
2737 149
2738 115
2739 196
2740 81
2741 209
2742 128
2743 175
2744 47
2745 154
2746 107
2747 167
2748 60
2749 133
2750 73
2751 86
2752 13
2753 83
2754 70
2755 127
2756 57
2757 158
2758 101
2759 145
2760 44
2761 163
2762 119
2763 194
2764 75
2765 181
2766 106
2767 137
2768 31
2769 142
2770 111
2771 191
2772 80
2773 209
2774 129
2775 178
2776 49
2777 165
2778 116
2779 183
2780 67
2781 152
2782 85
2783 103
2784 18
2785 95
2786 77
2787 136
2788 59
2789 159
2790 100
2791 141
2792 41
2793 146
2794 105
2795 169
2796 64
2797 151
2798 87
2799 110
2800 23
2801 97
2802 74
2803 125
2804 51
2805 130
2806 79
2807 107
2808 28
2809 89
2810 61
2811 94
2812 33
2813 71
2814 38
2815 43
2816 5
2817 42
2818 37
2819 69
2820 32
2821 91
2822 59
2823 86
2824 27
2825 103
2826 76
2827 125
2828 49
2829 120
2830 71
2831 93
2832 22
2833 105
2834 83
2835 144
2836 61
2837 161
2838 100
2839 139
2840 39
2841 134
2842 95
2843 151
2844 56
2845 129
2846 73
2847 90
2848 17
2849 97
2850 80
2851 143
2852 63
2853 172
2854 109
2855 155
2856 46
2857 167
2858 121
2859 196
2860 75
2861 179
2862 104
2863 133
2864 29
2865 128
2866 99
2867 169
2868 70
2869 181
2870 111
2871 152
2872 41
2873 135
2874 94
2875 147
2876 53
2877 118
2878 65
2879 77
2880 12
2881 79
2882 67
2883 122
2884 55
2885 153
2886 98
2887 141
2888 43
2889 160
2890 117
2891 191
2892 74
2893 179
2894 105
2895 136
2896 31
2897 143
2898 112
2899 193
2900 81
2901 212
2902 131
2903 181
2904 50
2905 169
2906 119
2907 188
2908 69
2909 157
2910 88
2911 107
2912 19
2913 102
2914 83
2915 147
2916 64
2917 173
2918 109
2919 154
2920 45
2921 161
2922 116
2923 187
2924 71
2925 168
2926 97
2927 123
2928 26
2929 111
2930 85
2931 144
2932 59
2933 151
2934 92
2935 125
2936 33
2937 106
2938 73
2939 113
2940 40
2941 87
2942 47
2943 54
2944 7
2945 51
2946 44
2947 81
2948 37
2949 104
2950 67
2951 97
2952 30
2953 113
2954 83
2955 136
2956 53
2957 129
2958 76
2959 99
2960 23
2961 108
2962 85
2963 147
2964 62
2965 163
2966 101
2967 140
2968 39
2969 133
2970 94
2971 149
2972 55
2973 126
2974 71
2975 87
2976 16
2977 89
2978 73
2979 130
2980 57
2981 155
2982 98
2983 139
2984 41
2985 148
2986 107
2987 173
2988 66
2989 157
2990 91
2991 116
2992 25
2993 109
2994 84
2995 143
2996 59
2997 152
2998 93
2999 127
3000 34
3001 111
3002 77
3003 120
3004 43
3005 95
3006 52
3007 61
3008 9
3009 56
3010 47
3011 85
3012 38
3013 105
3014 67
3015 96
3016 29
3017 107
3018 78
3019 127
3020 49
3021 118
3022 69
3023 89
3024 20
3025 91
3026 71
3027 122
3028 51
3029 133
3030 82
3031 113
3032 31
3033 104
3034 73
3035 115
3036 42
3037 95
3038 53
3039 64
3040 11
3041 57
3042 46
3043 81
3044 35
3045 94
3046 59
3047 83
3048 24
3049 85
3050 61
3051 98
3052 37
3053 87
3054 50
3055 63
3056 13
3057 54
3058 41
3059 69
3060 28
3061 71
3062 43
3063 58
3064 15
3065 47
3066 32
3067 49
3068 17
3069 36
3070 19
3071 21
3072 2
3073 21
3074 19
3075 36
3076 17
3077 49
3078 32
3079 47
3080 15
3081 58
3082 43
3083 71
3084 28
3085 69
3086 41
3087 54
3088 13
3089 63
3090 50
3091 87
3092 37
3093 98
3094 61
3095 85
3096 24
3097 83
3098 59
3099 94
3100 35
3101 81
3102 46
3103 57
3104 11
3105 64
3106 53
3107 95
3108 42
3109 115
3110 73
3111 104
3112 31
3113 113
3114 82
3115 133
3116 51
3117 122
3118 71
3119 91
3120 20
3121 89
3122 69
3123 118
3124 49
3125 127
3126 78
3127 107
3128 29
3129 96
3130 67
3131 105
3132 38
3133 85
3134 47
3135 56
3136 9
3137 61
3138 52
3139 95
3140 43
3141 120
3142 77
3143 111
3144 34
3145 127
3146 93
3147 152
3148 59
3149 143
3150 84
3151 109
3152 25
3153 116
3154 91
3155 157
3156 66
3157 173
3158 107
3159 148
3160 41
3161 139
3162 98
3163 155
3164 57
3165 130
3166 73
3167 89
3168 16
3169 87
3170 71
3171 126
3172 55
3173 149
3174 94
3175 133
3176 39
3177 140
3178 101
3179 163
3180 62
3181 147
3182 85
3183 108
3184 23
3185 99
3186 76
3187 129
3188 53
3189 136
3190 83
3191 113
3192 30
3193 97
3194 67
3195 104
3196 37
3197 81
3198 44
3199 51
3200 7
3201 54
3202 47
3203 87
3204 40
3205 113
3206 73
3207 106
3208 33
3209 125
3210 92
3211 151
3212 59
3213 144
3214 85
3215 111
3216 26
3217 123
3218 97
3219 168
3220 71
3221 187
3222 116
3223 161
3224 45
3225 154
3226 109
3227 173
3228 64
3229 147
3230 83
3231 102
3232 19
3233 107
3234 88
3235 157
3236 69
3237 188
3238 119
3239 169
3240 50
3241 181
3242 131
3243 212
3244 81
3245 193
3246 112
3247 143
3248 31
3249 136
3250 105
3251 179
3252 74
3253 191
3254 117
3255 160
3256 43
3257 141
3258 98
3259 153
3260 55
3261 122
3262 67
3263 79
3264 12
3265 77
3266 65
3267 118
3268 53
3269 147
3270 94
3271 135
3272 41
3273 152
3274 111
3275 181
3276 70
3277 169
3278 99
3279 128
3280 29
3281 133
3282 104
3283 179
3284 75
3285 196
3286 121
3287 167
3288 46
3289 155
3290 109
3291 172
3292 63
3293 143
3294 80
3295 97
3296 17
3297 90
3298 73
3299 129
3300 56
3301 151
3302 95
3303 134
3304 39
3305 139
3306 100
3307 161
3308 61
3309 144
3310 83
3311 105
3312 22
3313 93
3314 71
3315 120
3316 49
3317 125
3318 76
3319 103
3320 27
3321 86
3322 59
3323 91
3324 32
3325 69
3326 37
3327 42
3328 5
3329 43
3330 38
3331 71
3332 33
3333 94
3334 61
3335 89
3336 28
3337 107
3338 79
3339 130
3340 51
3341 125
3342 74
3343 97
3344 23
3345 110
3346 87
3347 151
3348 64
3349 169
3350 105
3351 146
3352 41
3353 141
3354 100
3355 159
3356 59
3357 136
3358 77
3359 95
3360 18
3361 103
3362 85
3363 152
3364 67
3365 183
3366 116
3367 165
3368 49
3369 178
3370 129
3371 209
3372 80
3373 191
3374 111
3375 142
3376 31
3377 137
3378 106
3379 181
3380 75
3381 194
3382 119
3383 163
3384 44
3385 145
3386 101
3387 158
3388 57
3389 127
3390 70
3391 83
3392 13
3393 86
3394 73
3395 133
3396 60
3397 167
3398 107
3399 154
3400 47
3401 175
3402 128
3403 209
3404 81
3405 196
3406 115
3407 149
3408 34
3409 157
3410 123
3411 212
3412 89
3413 233
3414 144
3415 199
3416 55
3417 186
3418 131
3419 207
3420 76
3421 173
3422 97
3423 118
3424 21
3425 113
3426 92
3427 163
3428 71
3429 192
3430 121
3431 171
3432 50
3433 179
3434 129
3435 208
3436 79
3437 187
3438 108
3439 137
3440 29
3441 124
3442 95
3443 161
3444 66
3445 169
3446 103
3447 140
3448 37
3449 119
3450 82
3451 127
3452 45
3453 98
3454 53
3455 61
3456 8
3457 59
3458 51
3459 94
3460 43
3461 121
3462 78
3463 113
3464 35
3465 132
3466 97
3467 159
3468 62
3469 151
3470 89
3471 116
3472 27
3473 127
3474 100
3475 173
3476 73
3477 192
3478 119
3479 165
3480 46
3481 157
3482 111
3483 176
3484 65
3485 149
3486 84
3487 103
3488 19
3489 106
3490 87
3491 155
3492 68
3493 185
3494 117
3495 166
3496 49
3497 177
3498 128
3499 207
3500 79
3501 188
3502 109
3503 139
3504 30
3505 131
3506 101
3507 172
3508 71
3509 183
3510 112
3511 153
3512 41
3513 134
3514 93
3515 145
3516 52
3517 115
3518 63
3519 74
3520 11
3521 69
3522 58
3523 105
3524 47
3525 130
3526 83
3527 119
3528 36
3529 133
3530 97
3531 158
3532 61
3533 147
3534 86
3535 111
3536 25
3537 114
3538 89
3539 153
3540 64
3541 167
3542 103
3543 142
3544 39
3545 131
3546 92
3547 145
3548 53
3549 120
3550 67
3551 81
3552 14
3553 73
3554 59
3555 104
3556 45
3557 121
3558 76
3559 107
3560 31
3561 110
3562 79
3563 127
3564 48
3565 113
3566 65
3567 82
3568 17
3569 71
3570 54
3571 91
3572 37
3573 94
3574 57
3575 77
3576 20
3577 63
3578 43
3579 66
3580 23
3581 49
3582 26
3583 29
3584 3
3585 28
3586 25
3587 47
3588 22
3589 63
3590 41
3591 60
3592 19
3593 73
3594 54
3595 89
3596 35
3597 86
3598 51
3599 67
3600 16
3601 77
3602 61
3603 106
3604 45
3605 119
3606 74
3607 103
3608 29
3609 100
3610 71
3611 113
3612 42
3613 97
3614 55
3615 68
3616 13
3617 75
3618 62
3619 111
3620 49
3621 134
3622 85
3623 121
3624 36
3625 131
3626 95
3627 154
3628 59
3629 141
3630 82
3631 105
3632 23
3633 102
3634 79
3635 135
3636 56
3637 145
3638 89
3639 122
3640 33
3641 109
3642 76
3643 119
3644 43
3645 96
3646 53
3647 63
3648 10
3649 67
3650 57
3651 104
3652 47
3653 131
3654 84
3655 121
3656 37
3657 138
3658 101
3659 165
3660 64
3661 155
3662 91
3663 118
3664 27
3665 125
3666 98
3667 169
3668 71
3669 186
3670 115
3671 159
3672 44
3673 149
3674 105
3675 166
3676 61
3677 139
3678 78
3679 95
3680 17
3681 92
3682 75
3683 133
3684 58
3685 157
3686 99
3687 140
3688 41
3689 147
3690 106
3691 171
3692 65
3693 154
3694 89
3695 113
3696 24
3697 103
3698 79
3699 134
3700 55
3701 141
3702 86
3703 117
3704 31
3705 100
3706 69
3707 107
3708 38
3709 83
3710 45
3711 52
3712 7
3713 53
3714 46
3715 85
3716 39
3717 110
3718 71
3719 103
3720 32
3721 121
3722 89
3723 146
3724 57
3725 139
3726 82
3727 107
3728 25
3729 118
3730 93
3731 161
3732 68
3733 179
3734 111
3735 154
3736 43
3737 147
3738 104
3739 165
3740 61
3741 140
3742 79
3743 97
3744 18
3745 101
3746 83
3747 148
3748 65
3749 177
3750 112
3751 159
3752 47
3753 170
3754 123
3755 199
3756 76
3757 181
3758 105
3759 134
3760 29
3761 127
3762 98
3763 167
3764 69
3765 178
3766 109
3767 149
3768 40
3769 131
3770 91
3771 142
3772 51
3773 113
3774 62
3775 73
3776 11
3777 70
3778 59
3779 107
3780 48
3781 133
3782 85
3783 122
3784 37
3785 137
3786 100
3787 163
3788 63
3789 152
3790 89
3791 115
3792 26
3793 119
3794 93
3795 160
3796 67
3797 175
3798 108
3799 149
3800 41
3801 138
3802 97
3803 153
3804 56
3805 127
3806 71
3807 86
3808 15
3809 79
3810 64
3811 113
3812 49
3813 132
3814 83
3815 117
3816 34
3817 121
3818 87
3819 140
3820 53
3821 125
3822 72
3823 91
3824 19
3825 80
3826 61
3827 103
3828 42
3829 107
3830 65
3831 88
3832 23
3833 73
3834 50
3835 77
3836 27
3837 58
3838 31
3839 35
3840 4
3841 33
3842 29
3843 54
3844 25
3845 71
3846 46
3847 67
3848 21
3849 80
3850 59
3851 97
3852 38
3853 93
3854 55
3855 72
3856 17
3857 81
3858 64
3859 111
3860 47
3861 124
3862 77
3863 107
3864 30
3865 103
3866 73
3867 116
3868 43
3869 99
3870 56
3871 69
3872 13
3873 74
3874 61
3875 109
3876 48
3877 131
3878 83
3879 118
3880 35
3881 127
3882 92
3883 149
3884 57
3885 136
3886 79
3887 101
3888 22
3889 97
3890 75
3891 128
3892 53
3893 137
3894 84
3895 115
3896 31
3897 102
3898 71
3899 111
3900 40
3901 89
3902 49
3903 58
3904 9
3905 59
3906 50
3907 91
3908 41
3909 114
3910 73
3911 105
3912 32
3913 119
3914 87
3915 142
3916 55
3917 133
3918 78
3919 101
3920 23
3921 106
3922 83
3923 143
3924 60
3925 157
3926 97
3927 134
3928 37
3929 125
3930 88
3931 139
3932 51
3933 116
3934 65
3935 79
3936 14
3937 75
3938 61
3939 108
3940 47
3941 127
3942 80
3943 113
3944 33
3945 118
3946 85
3947 137
3948 52
3949 123
3950 71
3951 90
3952 19
3953 81
3954 62
3955 105
3956 43
3957 110
3958 67
3959 91
3960 24
3961 77
3962 53
3963 82
3964 29
3965 63
3966 34
3967 39
3968 5
3969 36
3970 31
3971 57
3972 26
3973 73
3974 47
3975 68
3976 21
3977 79
3978 58
3979 95
3980 37
3981 90
3982 53
3983 69
3984 16
3985 75
3986 59
3987 102
3988 43
3989 113
3990 70
3991 97
3992 27
3993 92
3994 65
3995 103
3996 38
3997 87
3998 49
3999 60
4000 11
4001 61
4002 50
4003 89
4004 39
4005 106
4006 67
4007 95
4008 28
4009 101
4010 73
4011 118
4012 45
4013 107
4014 62
4015 79
4016 17
4017 74
4018 57
4019 97
4020 40
4021 103
4022 63
4023 86
4024 23
4025 75
4026 52
4027 81
4028 29
4029 64
4030 35
4031 41
4032 6
4033 37
4034 31
4035 56
4036 25
4037 69
4038 44
4039 63
4040 19
4041 70
4042 51
4043 83
4044 32
4045 77
4046 45
4047 58
4048 13
4049 59
4050 46
4051 79
4052 33
4053 86
4054 53
4055 73
4056 20
4057 67
4058 47
4059 74
4060 27
4061 61
4062 34
4063 41
4064 7
4065 36
4066 29
4067 51
4068 22
4069 59
4070 37
4071 52
4072 15
4073 53
4074 38
4075 61
4076 23
4077 54
4078 31
4079 39
4080 8
4081 33
4082 25
4083 42
4084 17
4085 43
4086 26
4087 35
4088 9
4089 28
4090 19
4091 29
4092 10
4093 21
4094 11
4095 12
4096 1
4097 13
4098 12
4099 23
4100 11
4101 32
4102 21
4103 31
4104 10
4105 39
4106 29
4107 48
4108 19
4109 47
4110 28
4111 37
4112 9
4113 44
4114 35
4115 61
4116 26
4117 69
4118 43
4119 60
4120 17
4121 59
4122 42
4123 67
4124 25
4125 58
4126 33
4127 41
4128 8
4129 47
4130 39
4131 70
4132 31
4133 85
4134 54
4135 77
4136 23
4137 84
4138 61
4139 99
4140 38
4141 91
4142 53
4143 68
4144 15
4145 67
4146 52
4147 89
4148 37
4149 96
4150 59
4151 81
4152 22
4153 73
4154 51
4155 80
4156 29
4157 65
4158 36
4159 43
4160 7
4161 48
4162 41
4163 75
4164 34
4165 95
4166 61
4167 88
4168 27
4169 101
4170 74
4171 121
4172 47
4173 114
4174 67
4175 87
4176 20
4177 93
4178 73
4179 126
4180 53
4181 139
4182 86
4183 119
4184 33
4185 112
4186 79
4187 125
4188 46
4189 105
4190 59
4191 72
4192 13
4193 71
4194 58
4195 103
4196 45
4197 122
4198 77
4199 109
4200 32
4201 115
4202 83
4203 134
4204 51
4205 121
4206 70
4207 89
4208 19
4209 82
4210 63
4211 107
4212 44
4213 113
4214 69
4215 94
4216 25
4217 81
4218 56
4219 87
4220 31
4221 68
4222 37
4223 43
4224 6
4225 47
4226 41
4227 76
4228 35
4229 99
4230 64
4231 93
4232 29
4233 110
4234 81
4235 133
4236 52
4237 127
4238 75
4239 98
4240 23
4241 109
4242 86
4243 149
4244 63
4245 166
4246 103
4247 143
4248 40
4249 137
4250 97
4251 154
4252 57
4253 131
4254 74
4255 91
4256 17
4257 96
4258 79
4259 141
4260 62
4261 169
4262 107
4263 152
4264 45
4265 163
4266 118
4267 191
4268 73
4269 174
4270 101
4271 129
4272 28
4273 123
4274 95
4275 162
4276 67
4277 173
4278 106
4279 145
4280 39
4281 128
4282 89
4283 139
4284 50
4285 111
4286 61
4287 72
4288 11
4289 71
4290 60
4291 109
4292 49
4293 136
4294 87
4295 125
4296 38
4297 141
4298 103
4299 168
4300 65
4301 157
4302 92
4303 119
4304 27
4305 124
4306 97
4307 167
4308 70
4309 183
4310 113
4311 156
4312 43
4313 145
4314 102
4315 161
4316 59
4317 134
4318 75
4319 91
4320 16
4321 85
4322 69
4323 122
4324 53
4325 143
4326 90
4327 127
4328 37
4329 132
4330 95
4331 153
4332 58
4333 137
4334 79
4335 100
4336 21
4337 89
4338 68
4339 115
4340 47
4341 120
4342 73
4343 99
4344 26
4345 83
4346 57
4347 88
4348 31
4349 67
4350 36
4351 41
4352 5
4353 44
4354 39
4355 73
4356 34
4357 97
4358 63
4359 92
4360 29
4361 111
4362 82
4363 135
4364 53
4365 130
4366 77
4367 101
4368 24
4369 115
4370 91
4371 158
4372 67
4373 177
4374 110
4375 153
4376 43
4377 148
4378 105
4379 167
4380 62
4381 143
4382 81
4383 100
4384 19
4385 109
4386 90
4387 161
4388 71
4389 194
4390 123
4391 175
4392 52
4393 189
4394 137
4395 222
4396 85
4397 203
4398 118
4399 151
4400 33
4401 146
4402 113
4403 193
4404 80
4405 207
4406 127
4407 174
4408 47
4409 155
4410 108
4411 169
4412 61
4413 136
4414 75
4415 89
4416 14
4417 93
4418 79
4419 144
4420 65
4421 181
4422 116
4423 167
4424 51
4425 190
4426 139
4427 227
4428 88
4429 213
4430 125
4431 162
4432 37
4433 171
4434 134
4435 231
4436 97
4437 254
4438 157
4439 217
4440 60
4441 203
4442 143
4443 226
4444 83
4445 189
4446 106
4447 129
4448 23
4449 124
4450 101
4451 179
4452 78
4453 211
4454 133
4455 188
4456 55
4457 197
4458 142
4459 229
4460 87
4461 206
4462 119
4463 151
4464 32
4465 137
4466 105
4467 178
4468 73
4469 187
4470 114
4471 155
4472 41
4473 132
4474 91
4475 141
4476 50
4477 109
4478 59
4479 68
4480 9
4481 67
4482 58
4483 107
4484 49
4485 138
4486 89
4487 129
4488 40
4489 151
4490 111
4491 182
4492 71
4493 173
4494 102
4495 133
4496 31
4497 146
4498 115
4499 199
4500 84
4501 221
4502 137
4503 190
4504 53
4505 181
4506 128
4507 203
4508 75
4509 172
4510 97
4511 119
4512 22
4513 123
4514 101
4515 180
4516 79
4517 215
4518 136
4519 193
4520 57
4521 206
4522 149
4523 241
4524 92
4525 219
4526 127
4527 162
4528 35
4529 153
4530 118
4531 201
4532 83
4533 214
4534 131
4535 179
4536 48
4537 157
4538 109
4539 170
4540 61
4541 135
4542 74
4543 87
4544 13
4545 82
4546 69
4547 125
4548 56
4549 155
4550 99
4551 142
4552 43
4553 159
4554 116
4555 189
4556 73
4557 176
4558 103
4559 133
4560 30
4561 137
4562 107
4563 184
4564 77
4565 201
4566 124
4567 171
4568 47
4569 158
4570 111
4571 175
4572 64
4573 145
4574 81
4575 98
4576 17
4577 89
4578 72
4579 127
4580 55
4581 148
4582 93
4583 131
4584 38
4585 135
4586 97
4587 156
4588 59
4589 139
4590 80
4591 101
4592 21
4593 88
4594 67
4595 113
4596 46
4597 117
4598 71
4599 96
4600 25
4601 79
4602 54
4603 83
4604 29
4605 62
4606 33
4607 37
4608 4
4609 39
4610 35
4611 66
4612 31
4613 89
4614 58
4615 85
4616 27
4617 104
4618 77
4619 127
4620 50
4621 123
4622 73
4623 96
4624 23
4625 111
4626 88
4627 153
4628 65
4629 172
4630 107
4631 149
4632 42
4633 145
4634 103
4635 164
4636 61
4637 141
4638 80
4639 99
4640 19
4641 110
4642 91
4643 163
4644 72
4645 197
4646 125
4647 178
4648 53
4649 193
4650 140
4651 227
4652 87
4653 208
4654 121
4655 155
4656 34
4657 151
4658 117
4659 200
4660 83
4661 215
4662 132
4663 181
4664 49
4665 162
4666 113
4667 177
4668 64
4669 143
4670 79
4671 94
4672 15
4673 101
4674 86
4675 157
4676 71
4677 198
4678 127
4679 183
4680 56
4681 209
4682 153
4683 250
4684 97
4685 235
4686 138
4687 179
4688 41
4689 190
4690 149
4691 257
4692 108
4693 283
4694 175
4695 242
4696 67
4697 227
4698 160
4699 253
4700 93
4701 212
4702 119
4703 145
4704 26
4705 141
4706 115
4707 204
4708 89
4709 241
4710 152
4711 215
4712 63
4713 226
4714 163
4715 263
4716 100
4717 237
4718 137
4719 174
4720 37
4721 159
4722 122
4723 207
4724 85
4725 218
4726 133
4727 181
4728 48
4729 155
4730 107
4731 166
4732 59
4733 129
4734 70
4735 81
4736 11
4737 84
4738 73
4739 135
4740 62
4741 175
4742 113
4743 164
4744 51
4745 193
4746 142
4747 233
4748 91
4749 222
4750 131
4751 171
4752 40
4753 189
4754 149
4755 258
4756 109
4757 287
4758 178
4759 247
4760 69
4761 236
4762 167
4763 265
4764 98
4765 225
4766 127
4767 156
4768 29
4769 163
4770 134
4771 239
4772 105
4773 286
4774 181
4775 257
4776 76
4777 275
4778 199
4779 322
4780 123
4781 293
4782 170
4783 217
4784 47
4785 206
4786 159
4787 271
4788 112
4789 289
4790 177
4791 242
4792 65
4793 213
4794 148
4795 231
4796 83
4797 184
4798 101
4799 119
4800 18
4801 115
4802 97
4803 176
4804 79
4805 219
4806 140
4807 201
4808 61
4809 226
4810 165
4811 269
4812 104
4813 251
4814 147
4815 190
4816 43
4817 197
4818 154
4819 265
4820 111
4821 290
4822 179
4823 247
4824 68
4825 229
4826 161
4827 254
4828 93
4829 211
4830 118
4831 143
4832 25
4833 132
4834 107
4835 189
4836 82
4837 221
4838 139
4839 196
4840 57
4841 203
4842 146
4843 235
4844 89
4845 210
4846 121
4847 153
4848 32
4849 135
4850 103
4851 174
4852 71
4853 181
4854 110
4855 149
4856 39
4857 124
4858 85
4859 131
4860 46
4861 99
4862 53
4863 60
4864 7
4865 59
4866 52
4867 97
4868 45
4869 128
4870 83
4871 121
4872 38
4873 145
4874 107
4875 176
4876 69
4877 169
4878 100
4879 131
4880 31
4881 148
4882 117
4883 203
4884 86
4885 227
4886 141
4887 196
4888 55
4889 189
4890 134
4891 213
4892 79
4893 182
4894 103
4895 127
4896 24
4897 137
4898 113
4899 202
4900 89
4901 243
4902 154
4903 219
4904 65
4905 236
4906 171
4907 277
4908 106
4909 253
4910 147
4911 188
4912 41
4913 181
4914 140
4915 239
4916 99
4917 256
4918 157
4919 215
4920 58
4921 191
4922 133
4923 208
4924 75
4925 167
4926 92
4927 109
4928 17
4929 112
4930 95
4931 173
4932 78
4933 217
4934 139
4935 200
4936 61
4937 227
4938 166
4939 271
4940 105
4941 254
4942 149
4943 193
4944 44
4945 203
4946 159
4947 274
4948 115
4949 301
4950 186
4951 257
4952 71
4953 240
4954 169
4955 267
4956 98
4957 223
4958 125
4959 152
4960 27
4961 145
4962 118
4963 209
4964 91
4965 246
4966 155
4967 219
4968 64
4969 229
4970 165
4971 266
4972 101
4973 239
4974 138
4975 175
4976 37
4977 158
4978 121
4979 205
4980 84
4981 215
4982 131
4983 178
4984 47
4985 151
4986 104
4987 161
4988 57
4989 124
4990 67
4991 77
4992 10
4993 73
4994 63
4995 116
4996 53
4997 149
4998 96
4999 139
5000 43
5001 162
5002 119
5003 195
5004 76
5005 185
5006 109
5007 142
5008 33
5009 155
5010 122
5011 211
5012 89
5013 234
5014 145
5015 201
5016 56
5017 191
5018 135
5019 214
5020 79
5021 181
5022 102
5023 125
5024 23
5025 128
5026 105
5027 187
5028 82
5029 223
5030 141
5031 200
5032 59
5033 213
5034 154
5035 249
5036 95
5037 226
5038 131
5039 167
5040 36
5041 157
5042 121
5043 206
5044 85
5045 219
5046 134
5047 183
5048 49
5049 160
5050 111
5051 173
5052 62
5053 137
5054 75
5055 88
5056 13
5057 81
5058 68
5059 123
5060 55
5061 152
5062 97
5063 139
5064 42
5065 155
5066 113
5067 184
5068 71
5069 171
5070 100
5071 129
5072 29
5073 132
5074 103
5075 177
5076 74
5077 193
5078 119
5079 164
5080 45
5081 151
5082 106
5083 167
5084 61
5085 138
5086 77
5087 93
5088 16
5089 83
5090 67
5091 118
5092 51
5093 137
5094 86
5095 121
5096 35
5097 124
5098 89
5099 143
5100 54
5101 127
5102 73
5103 92
5104 19
5105 79
5106 60
5107 101
5108 41
5109 104
5110 63
5111 85
5112 22
5113 69
5114 47
5115 72
5116 25
5117 53
5118 28
5119 31
5120 3
5121 32
5122 29
5123 55
5124 26
5125 75
5126 49
5127 72
5128 23
5129 89
5130 66
5131 109
5132 43
5133 106
5134 63
5135 83
5136 20
5137 97
5138 77
5139 134
5140 57
5141 151
5142 94
5143 131
5144 37
5145 128
5146 91
5147 145
5148 54
5149 125
5150 71
5151 88
5152 17
5153 99
5154 82
5155 147
5156 65
5157 178
5158 113
5159 161
5160 48
5161 175
5162 127
5163 206
5164 79
5165 189
5166 110
5167 141
5168 31
5169 138
5170 107
5171 183
5172 76
5173 197
5174 121
5175 166
5176 45
5177 149
5178 104
5179 163
5180 59
5181 132
5182 73
5183 87
5184 14
5185 95
5186 81
5187 148
5188 67
5189 187
5190 120
5191 173
5192 53
5193 198
5194 145
5195 237
5196 92
5197 223
5198 131
5199 170
5200 39
5201 181
5202 142
5203 245
5204 103
5205 270
5206 167
5207 231
5208 64
5209 217
5210 153
5211 242
5212 89
5213 203
5214 114
5215 139
5216 25
5217 136
5218 111
5219 197
5220 86
5221 233
5222 147
5223 208
5224 61
5225 219
5226 158
5227 255
5228 97
5229 230
5230 133
5231 169
5232 36
5233 155
5234 119
5235 202
5236 83
5237 213
5238 130
5239 177
5240 47
5241 152
5242 105
5243 163
5244 58
5245 127
5246 69
5247 80
5248 11
5249 85
5250 74
5251 137
5252 63
5253 178
5254 115
5255 167
5256 52
5257 197
5258 145
5259 238
5260 93
5261 227
5262 134
5263 175
5264 41
5265 194
5266 153
5267 265
5268 112
5269 295
5270 183
5271 254
5272 71
5273 243
5274 172
5275 273
5276 101
5277 232
5278 131
5279 161
5280 30
5281 169
5282 139
5283 248
5284 109
5285 297
5286 188
5287 267
5288 79
5289 286
5290 207
5291 335
5292 128
5293 305
5294 177
5295 226
5296 49
5297 215
5298 166
5299 283
5300 117
5301 302
5302 185
5303 253
5304 68
5305 223
5306 155
5307 242
5308 87
5309 193
5310 106
5311 125
5312 19
5313 122
5314 103
5315 187
5316 84
5317 233
5318 149
5319 214
5320 65
5321 241
5322 176
5323 287
5324 111
5325 268
5326 157
5327 203
5328 46
5329 211
5330 165
5331 284
5332 119
5333 311
5334 192
5335 265
5336 73
5337 246
5338 173
5339 273
5340 100
5341 227
5342 127
5343 154
5344 27
5345 143
5346 116
5347 205
5348 89
5349 240
5350 151
5351 213
5352 62
5353 221
5354 159
5355 256
5356 97
5357 229
5358 132
5359 167
5360 35
5361 148
5362 113
5363 191
5364 78
5365 199
5366 121
5367 164
5368 43
5369 137
5370 94
5371 145
5372 51
5373 110
5374 59
5375 67
5376 8
5377 69
5378 61
5379 114
5380 53
5381 151
5382 98
5383 143
5384 45
5385 172
5386 127
5387 209
5388 82
5389 201
5390 119
5391 156
5392 37
5393 177
5394 140
5395 243
5396 103
5397 272
5398 169
5399 235
5400 66
5401 227
5402 161
5403 256
5404 95
5405 219
5406 124
5407 153
5408 29
5409 166
5410 137
5411 245
5412 108
5413 295
5414 187
5415 266
5416 79
5417 287
5418 208
5419 337
5420 129
5421 308
5422 179
5423 229
5424 50
5425 221
5426 171
5427 292
5428 121
5429 313
5430 192
5431 263
5432 71
5433 234
5434 163
5435 255
5436 92
5437 205
5438 113
5439 134
5440 21
5441 139
5442 118
5443 215
5444 97
5445 270
5446 173
5447 249
5448 76
5449 283
5450 207
5451 338
5452 131
5453 317
5454 186
5455 241
5456 55
5457 254
5458 199
5459 343
5460 144
5461 377
5462 233
5463 322
5464 89
5465 301
5466 212
5467 335
5468 123
5469 280
5470 157
5471 191
5472 34
5473 183
5474 149
5475 264
5476 115
5477 311
5478 196
5479 277
5480 81
5481 290
5482 209
5483 337
5484 128
5485 303
5486 175
5487 222
5488 47
5489 201
5490 154
5491 261
5492 107
5493 274
5494 167
5495 227
5496 60
5497 193
5498 133
5499 206
5500 73
5501 159
5502 86
5503 99
5504 13
5505 96
5506 83
5507 153
5508 70
5509 197
5510 127
5511 184
5512 57
5513 215
5514 158
5515 259
5516 101
5517 246
5518 145
5519 189
5520 44
5521 207
5522 163
5523 282
5524 119
5525 313
5526 194
5527 269
5528 75
5529 256
5530 181
5531 287
5532 106
5533 243
5534 137
5535 168
5536 31
5537 173
5538 142
5539 253
5540 111
5541 302
5542 191
5543 271
5544 80
5545 289
5546 209
5547 338
5548 129
5549 307
5550 178
5551 227
5552 49
5553 214
5554 165
5555 281
5556 116
5557 299
5558 183
5559 250
5560 67
5561 219
5562 152
5563 237
5564 85
5565 188
5566 103
5567 121
5568 18
5569 113
5570 95
5571 172
5572 77
5573 213
5574 136
5575 195
5576 59
5577 218
5578 159
5579 259
5580 100
5581 241
5582 141
5583 182
5584 41
5585 187
5586 146
5587 251
5588 105
5589 274
5590 169
5591 233
5592 64
5593 215
5594 151
5595 238
5596 87
5597 197
5598 110
5599 133
5600 23
5601 120
5602 97
5603 171
5604 74
5605 199
5606 125
5607 176
5608 51
5609 181
5610 130
5611 209
5612 79
5613 186
5614 107
5615 135
5616 28
5617 117
5618 89
5619 150
5620 61
5621 155
5622 94
5623 127
5624 33
5625 104
5626 71
5627 109
5628 38
5629 81
5630 43
5631 48
5632 5
5633 47
5634 42
5635 79
5636 37
5637 106
5638 69
5639 101
5640 32
5641 123
5642 91
5643 150
5644 59
5645 145
5646 86
5647 113
5648 27
5649 130
5650 103
5651 179
5652 76
5653 201
5654 125
5655 174
5656 49
5657 169
5658 120
5659 191
5660 71
5661 164
5662 93
5663 115
5664 22
5665 127
5666 105
5667 188
5668 83
5669 227
5670 144
5671 205
5672 61
5673 222
5674 161
5675 261
5676 100
5677 239
5678 139
5679 178
5680 39
5681 173
5682 134
5683 229
5684 95
5685 246
5686 151
5687 207
5688 56
5689 185
5690 129
5691 202
5692 73
5693 163
5694 90
5695 107
5696 17
5697 114
5698 97
5699 177
5700 80
5701 223
5702 143
5703 206
5704 63
5705 235
5706 172
5707 281
5708 109
5709 264
5710 155
5711 201
5712 46
5713 213
5714 167
5715 288
5716 121
5717 317
5718 196
5719 271
5720 75
5721 254
5722 179
5723 283
5724 104
5725 237
5726 133
5727 162
5728 29
5729 157
5730 128
5731 227
5732 99
5733 268
5734 169
5735 239
5736 70
5737 251
5738 181
5739 292
5740 111
5741 263
5742 152
5743 193
5744 41
5745 176
5746 135
5747 229
5748 94
5749 241
5750 147
5751 200
5752 53
5753 171
5754 118
5755 183
5756 65
5757 142
5758 77
5759 89
5760 12
5761 91
5762 79
5763 146
5764 67
5765 189
5766 122
5767 177
5768 55
5769 208
5770 153
5771 251
5772 98
5773 239
5774 141
5775 184
5776 43
5777 203
5778 160
5779 277
5780 117
5781 308
5782 191
5783 265
5784 74
5785 253
5786 179
5787 284
5788 105
5789 241
5790 136
5791 167
5792 31
5793 174
5794 143
5795 255
5796 112
5797 305
5798 193
5799 274
5800 81
5801 293
5802 212
5803 343
5804 131
5805 312
5806 181
5807 231
5808 50
5809 219
5810 169
5811 288
5812 119
5813 307
5814 188
5815 257
5816 69
5817 226
5818 157
5819 245
5820 88
5821 195
5822 107
5823 126
5824 19
5825 121
5826 102
5827 185
5828 83
5829 230
5830 147
5831 211
5832 64
5833 237
5834 173
5835 282
5836 109
5837 263
5838 154
5839 199
5840 45
5841 206
5842 161
5843 277
5844 116
5845 303
5846 187
5847 258
5848 71
5849 239
5850 168
5851 265
5852 97
5853 220
5854 123
5855 149
5856 26
5857 137
5858 111
5859 196
5860 85
5861 229
5862 144
5863 203
5864 59
5865 210
5866 151
5867 243
5868 92
5869 217
5870 125
5871 158
5872 33
5873 139
5874 106
5875 179
5876 73
5877 186
5878 113
5879 153
5880 40
5881 127
5882 87
5883 134
5884 47
5885 101
5886 54
5887 61
5888 7
5889 58
5890 51
5891 95
5892 44
5893 125
5894 81
5895 118
5896 37
5897 141
5898 104
5899 171
5900 67
5901 164
5902 97
5903 127
5904 30
5905 143
5906 113
5907 196
5908 83
5909 219
5910 136
5911 189
5912 53
5913 182
5914 129
5915 205
5916 76
5917 175
5918 99
5919 122
5920 23
5921 131
5922 108
5923 193
5924 85
5925 232
5926 147
5927 209
5928 62
5929 225
5930 163
5931 264
5932 101
5933 241
5934 140
5935 179
5936 39
5937 172
5938 133
5939 227
5940 94
5941 243
5942 149
5943 204
5944 55
5945 181
5946 126
5947 197
5948 71
5949 158
5950 87
5951 103
5952 16
5953 105
5954 89
5955 162
5956 73
5957 203
5958 130
5959 187
5960 57
5961 212
5962 155
5963 253
5964 98
5965 237
5966 139
5967 180
5968 41
5969 189
5970 148
5971 255
5972 107
5973 280
5974 173
5975 239
5976 66
5977 223
5978 157
5979 248
5980 91
5981 207
5982 116
5983 141
5984 25
5985 134
5986 109
5987 193
5988 84
5989 227
5990 143
5991 202
5992 59
5993 211
5994 152
5995 245
5996 93
5997 220
5998 127
5999 161
6000 34
6001 145
6002 111
6003 188
6004 77
6005 197
6006 120
6007 163
6008 43
6009 138
6010 95
6011 147
6012 52
6013 113
6014 61
6015 70
6016 9
6017 65
6018 56
6019 103
6020 47
6021 132
6022 85
6023 123
6024 38
6025 143
6026 105
6027 172
6028 67
6029 163
6030 96
6031 125
6032 29
6033 136
6034 107
6035 185
6036 78
6037 205
6038 127
6039 176
6040 49
6041 167
6042 118
6043 187
6044 69
6045 158
6046 89
6047 109
6048 20
6049 111
6050 91
6051 162
6052 71
6053 193
6054 122
6055 173
6056 51
6057 184
6058 133
6059 215
6060 82
6061 195
6062 113
6063 144
6064 31
6065 135
6066 104
6067 177
6068 73
6069 188
6070 115
6071 157
6072 42
6073 137
6074 95
6075 148
6076 53
6077 117
6078 64
6079 75
6080 11
6081 68
6082 57
6083 103
6084 46
6085 127
6086 81
6087 116
6088 35
6089 129
6090 94
6091 153
6092 59
6093 142
6094 83
6095 107
6096 24
6097 109
6098 85
6099 146
6100 61
6101 159
6102 98
6103 135
6104 37
6105 124
6106 87
6107 137
6108 50
6109 113
6110 63
6111 76
6112 13
6113 67
6114 54
6115 95
6116 41
6117 110
6118 69
6119 97
6120 28
6121 99
6122 71
6123 114
6124 43
6125 101
6126 58
6127 73
6128 15
6129 62
6130 47
6131 79
6132 32
6133 81
6134 49
6135 66
6136 17
6137 53
6138 36
6139 55
6140 19
6141 40
6142 21
6143 23
6144 2
6145 23
6146 21
6147 40
6148 19
6149 55
6150 36
6151 53
6152 17
6153 66
6154 49
6155 81
6156 32
6157 79
6158 47
6159 62
6160 15
6161 73
6162 58
6163 101
6164 43
6165 114
6166 71
6167 99
6168 28
6169 97
6170 69
6171 110
6172 41
6173 95
6174 54
6175 67
6176 13
6177 76
6178 63
6179 113
6180 50
6181 137
6182 87
6183 124
6184 37
6185 135
6186 98
6187 159
6188 61
6189 146
6190 85
6191 109
6192 24
6193 107
6194 83
6195 142
6196 59
6197 153
6198 94
6199 129
6200 35
6201 116
6202 81
6203 127
6204 46
6205 103
6206 57
6207 68
6208 11
6209 75
6210 64
6211 117
6212 53
6213 148
6214 95
6215 137
6216 42
6217 157
6218 115
6219 188
6220 73
6221 177
6222 104
6223 135
6224 31
6225 144
6226 113
6227 195
6228 82
6229 215
6230 133
6231 184
6232 51
6233 173
6234 122
6235 193
6236 71
6237 162
6238 91
6239 111
6240 20
6241 109
6242 89
6243 158
6244 69
6245 187
6246 118
6247 167
6248 49
6249 176
6250 127
6251 205
6252 78
6253 185
6254 107
6255 136
6256 29
6257 125
6258 96
6259 163
6260 67
6261 172
6262 105
6263 143
6264 38
6265 123
6266 85
6267 132
6268 47
6269 103
6270 56
6271 65
6272 9
6273 70
6274 61
6275 113
6276 52
6277 147
6278 95
6279 138
6280 43
6281 163
6282 120
6283 197
6284 77
6285 188
6286 111
6287 145
6288 34
6289 161
6290 127
6291 220
6292 93
6293 245
6294 152
6295 211
6296 59
6297 202
6298 143
6299 227
6300 84
6301 193
6302 109
6303 134
6304 25
6305 141
6306 116
6307 207
6308 91
6309 248
6310 157
6311 223
6312 66
6313 239
6314 173
6315 280
6316 107
6317 255
6318 148
6319 189
6320 41
6321 180
6322 139
6323 237
6324 98
6325 253
6326 155
6327 212
6328 57
6329 187
6330 130
6331 203
6332 73
6333 162
6334 89
6335 105
6336 16
6337 103
6338 87
6339 158
6340 71
6341 197
6342 126
6343 181
6344 55
6345 204
6346 149
6347 243
6348 94
6349 227
6350 133
6351 172
6352 39
6353 179
6354 140
6355 241
6356 101
6357 264
6358 163
6359 225
6360 62
6361 209
6362 147
6363 232
6364 85
6365 193
6366 108
6367 131
6368 23
6369 122
6370 99
6371 175
6372 76
6373 205
6374 129
6375 182
6376 53
6377 189
6378 136
6379 219
6380 83
6381 196
6382 113
6383 143
6384 30
6385 127
6386 97
6387 164
6388 67
6389 171
6390 104
6391 141
6392 37
6393 118
6394 81
6395 125
6396 44
6397 95
6398 51
6399 58
6400 7
6401 61
6402 54
6403 101
6404 47
6405 134
6406 87
6407 127
6408 40
6409 153
6410 113
6411 186
6412 73
6413 179
6414 106
6415 139
6416 33
6417 158
6418 125
6419 217
6420 92
6421 243
6422 151
6423 210
6424 59
6425 203
6426 144
6427 229
6428 85
6429 196
6430 111
6431 137
6432 26
6433 149
6434 123
6435 220
6436 97
6437 265
6438 168
6439 239
6440 71
6441 258
6442 187
6443 303
6444 116
6445 277
6446 161
6447 206
6448 45
6449 199
6450 154
6451 263
6452 109
6453 282
6454 173
6455 237
6456 64
6457 211
6458 147
6459 230
6460 83
6461 185
6462 102
6463 121
6464 19
6465 126
6466 107
6467 195
6468 88
6469 245
6470 157
6471 226
6472 69
6473 257
6474 188
6475 307
6476 119
6477 288
6478 169
6479 219
6480 50
6481 231
6482 181
6483 312
6484 131
6485 343
6486 212
6487 293
6488 81
6489 274
6490 193
6491 305
6492 112
6493 255
6494 143
6495 174
6496 31
6497 167
6498 136
6499 241
6500 105
6501 284
6502 179
6503 253
6504 74
6505 265
6506 191
6507 308
6508 117
6509 277
6510 160
6511 203
6512 43
6513 184
6514 141
6515 239
6516 98
6517 251
6518 153
6519 208
6520 55
6521 177
6522 122
6523 189
6524 67
6525 146
6526 79
6527 91
6528 12
6529 89
6530 77
6531 142
6532 65
6533 183
6534 118
6535 171
6536 53
6537 200
6538 147
6539 241
6540 94
6541 229
6542 135
6543 176
6544 41
6545 193
6546 152
6547 263
6548 111
6549 292
6550 181
6551 251
6552 70
6553 239
6554 169
6555 268
6556 99
6557 227
6558 128
6559 157
6560 29
6561 162
6562 133
6563 237
6564 104
6565 283
6566 179
6567 254
6568 75
6569 271
6570 196
6571 317
6572 121
6573 288
6574 167
6575 213
6576 46
6577 201
6578 155
6579 264
6580 109
6581 281
6582 172
6583 235
6584 63
6585 206
6586 143
6587 223
6588 80
6589 177
6590 97
6591 114
6592 17
6593 107
6594 90
6595 163
6596 73
6597 202
6598 129
6599 185
6600 56
6601 207
6602 151
6603 246
6604 95
6605 229
6606 134
6607 173
6608 39
6609 178
6610 139
6611 239
6612 100
6613 261
6614 161
6615 222
6616 61
6617 205
6618 144
6619 227
6620 83
6621 188
6622 105
6623 127
6624 22
6625 115
6626 93
6627 164
6628 71
6629 191
6630 120
6631 169
6632 49
6633 174
6634 125
6635 201
6636 76
6637 179
6638 103
6639 130
6640 27
6641 113
6642 86
6643 145
6644 59
6645 150
6646 91
6647 123
6648 32
6649 101
6650 69
6651 106
6652 37
6653 79
6654 42
6655 47
6656 5
6657 48
6658 43
6659 81
6660 38
6661 109
6662 71
6663 104
6664 33
6665 127
6666 94
6667 155
6668 61
6669 150
6670 89
6671 117
6672 28
6673 135
6674 107
6675 186
6676 79
6677 209
6678 130
6679 181
6680 51
6681 176
6682 125
6683 199
6684 74
6685 171
6686 97
6687 120
6688 23
6689 133
6690 110
6691 197
6692 87
6693 238
6694 151
6695 215
6696 64
6697 233
6698 169
6699 274
6700 105
6701 251
6702 146
6703 187
6704 41
6705 182
6706 141
6707 241
6708 100
6709 259
6710 159
6711 218
6712 59
6713 195
6714 136
6715 213
6716 77
6717 172
6718 95
6719 113
6720 18
6721 121
6722 103
6723 188
6724 85
6725 237
6726 152
6727 219
6728 67
6729 250
6730 183
6731 299
6732 116
6733 281
6734 165
6735 214
6736 49
6737 227
6738 178
6739 307
6740 129
6741 338
6742 209
6743 289
6744 80
6745 271
6746 191
6747 302
6748 111
6749 253
6750 142
6751 173
6752 31
6753 168
6754 137
6755 243
6756 106
6757 287
6758 181
6759 256
6760 75
6761 269
6762 194
6763 313
6764 119
6765 282
6766 163
6767 207
6768 44
6769 189
6770 145
6771 246
6772 101
6773 259
6774 158
6775 215
6776 57
6777 184
6778 127
6779 197
6780 70
6781 153
6782 83
6783 96
6784 13
6785 99
6786 86
6787 159
6788 73
6789 206
6790 133
6791 193
6792 60
6793 227
6794 167
6795 274
6796 107
6797 261
6798 154
6799 201
6800 47
6801 222
6802 175
6803 303
6804 128
6805 337
6806 209
6807 290
6808 81
6809 277
6810 196
6811 311
6812 115
6813 264
6814 149
6815 183
6816 34
6817 191
6818 157
6819 280
6820 123
6821 335
6822 212
6823 301
6824 89
6825 322
6826 233
6827 377
6828 144
6829 343
6830 199
6831 254
6832 55
6833 241
6834 186
6835 317
6836 131
6837 338
6838 207
6839 283
6840 76
6841 249
6842 173
6843 270
6844 97
6845 215
6846 118
6847 139
6848 21
6849 134
6850 113
6851 205
6852 92
6853 255
6854 163
6855 234
6856 71
6857 263
6858 192
6859 313
6860 121
6861 292
6862 171
6863 221
6864 50
6865 229
6866 179
6867 308
6868 129
6869 337
6870 208
6871 287
6872 79
6873 266
6874 187
6875 295
6876 108
6877 245
6878 137
6879 166
6880 29
6881 153
6882 124
6883 219
6884 95
6885 256
6886 161
6887 227
6888 66
6889 235
6890 169
6891 272
6892 103
6893 243
6894 140
6895 177
6896 37
6897 156
6898 119
6899 201
6900 82
6901 209
6902 127
6903 172
6904 45
6905 143
6906 98
6907 151
6908 53
6909 114
6910 61
6911 69
6912 8
6913 67
6914 59
6915 110
6916 51
6917 145
6918 94
6919 137
6920 43
6921 164
6922 121
6923 199
6924 78
6925 191
6926 113
6927 148
6928 35
6929 167
6930 132
6931 229
6932 97
6933 256
6934 159
6935 221
6936 62
6937 213
6938 151
6939 240
6940 89
6941 205
6942 116
6943 143
6944 27
6945 154
6946 127
6947 227
6948 100
6949 273
6950 173
6951 246
6952 73
6953 265
6954 192
6955 311
6956 119
6957 284
6958 165
6959 211
6960 46
6961 203
6962 157
6963 268
6964 111
6965 287
6966 176
6967 241
6968 65
6969 214
6970 149
6971 233
6972 84
6973 187
6974 103
6975 122
6976 19
6977 125
6978 106
6979 193
6980 87
6981 242
6982 155
6983 223
6984 68
6985 253
6986 185
6987 302
6988 117
6989 283
6990 166
6991 215
6992 49
6993 226
6994 177
6995 305
6996 128
6997 335
6998 207
6999 286
7000 79
7001 267
7002 188
7003 297
7004 109
7005 248
7006 139
7007 169
7008 30
7009 161
7010 131
7011 232
7012 101
7013 273
7014 172
7015 243
7016 71
7017 254
7018 183
7019 295
7020 112
7021 265
7022 153
7023 194
7024 41
7025 175
7026 134
7027 227
7028 93
7029 238
7030 145
7031 197
7032 52
7033 167
7034 115
7035 178
7036 63
7037 137
7038 74
7039 85
7040 11
7041 80
7042 69
7043 127
7044 58
7045 163
7046 105
7047 152
7048 47
7049 177
7050 130
7051 213
7052 83
7053 202
7054 119
7055 155
7056 36
7057 169
7058 133
7059 230
7060 97
7061 255
7062 158
7063 219
7064 61
7065 208
7066 147
7067 233
7068 86
7069 197
7070 111
7071 136
7072 25
7073 139
7074 114
7075 203
7076 89
7077 242
7078 153
7079 217
7080 64
7081 231
7082 167
7083 270
7084 103
7085 245
7086 142
7087 181
7088 39
7089 170
7090 131
7091 223
7092 92
7093 237
7094 145
7095 198
7096 53
7097 173
7098 120
7099 187
7100 67
7101 148
7102 81
7103 95
7104 14
7105 87
7106 73
7107 132
7108 59
7109 163
7110 104
7111 149
7112 45
7113 166
7114 121
7115 197
7116 76
7117 183
7118 107
7119 138
7120 31
7121 141
7122 110
7123 189
7124 79
7125 206
7126 127
7127 175
7128 48
7129 161
7130 113
7131 178
7132 65
7133 147
7134 82
7135 99
7136 17
7137 88
7138 71
7139 125
7140 54
7141 145
7142 91
7143 128
7144 37
7145 131
7146 94
7147 151
7148 57
7149 134
7150 77
7151 97
7152 20
7153 83
7154 63
7155 106
7156 43
7157 109
7158 66
7159 89
7160 23
7161 72
7162 49
7163 75
7164 26
7165 55
7166 29
7167 32
7168 3
7169 31
7170 28
7171 53
7172 25
7173 72
7174 47
7175 69
7176 22
7177 85
7178 63
7179 104
7180 41
7181 101
7182 60
7183 79
7184 19
7185 92
7186 73
7187 127
7188 54
7189 143
7190 89
7191 124
7192 35
7193 121
7194 86
7195 137
7196 51
7197 118
7198 67
7199 83
7200 16
7201 93
7202 77
7203 138
7204 61
7205 167
7206 106
7207 151
7208 45
7209 164
7210 119
7211 193
7212 74
7213 177
7214 103
7215 132
7216 29
7217 129
7218 100
7219 171
7220 71
7221 184
7222 113
7223 155
7224 42
7225 139
7226 97
7227 152
7228 55
7229 123
7230 68
7231 81
7232 13
7233 88
7234 75
7235 137
7236 62
7237 173
7238 111
7239 160
7240 49
7241 183
7242 134
7243 219
7244 85
7245 206
7246 121
7247 157
7248 36
7249 167
7250 131
7251 226
7252 95
7253 249
7254 154
7255 213
7256 59
7257 200
7258 141
7259 223
7260 82
7261 187
7262 105
7263 128
7264 23
7265 125
7266 102
7267 181
7268 79
7269 214
7270 135
7271 191
7272 56
7273 201
7274 145
7275 234
7276 89
7277 211
7278 122
7279 155
7280 33
7281 142
7282 109
7283 185
7284 76
7285 195
7286 119
7287 162
7288 43
7289 139
7290 96
7291 149
7292 53
7293 116
7294 63
7295 73
7296 10
7297 77
7298 67
7299 124
7300 57
7301 161
7302 104
7303 151
7304 47
7305 178
7306 131
7307 215
7308 84
7309 205
7310 121
7311 158
7312 37
7313 175
7314 138
7315 239
7316 101
7317 266
7318 165
7319 229
7320 64
7321 219
7322 155
7323 246
7324 91
7325 209
7326 118
7327 145
7328 27
7329 152
7330 125
7331 223
7332 98
7333 267
7334 169
7335 240
7336 71
7337 257
7338 186
7339 301
7340 115
7341 274
7342 159
7343 203
7344 44
7345 193
7346 149
7347 254
7348 105
7349 271
7350 166
7351 227
7352 61
7353 200
7354 139
7355 217
7356 78
7357 173
7358 95
7359 112
7360 17
7361 109
7362 92
7363 167
7364 75
7365 208
7366 133
7367 191
7368 58
7369 215
7370 157
7371 256
7372 99
7373 239
7374 140
7375 181
7376 41
7377 188
7378 147
7379 253
7380 106
7381 277
7382 171
7383 236
7384 65
7385 219
7386 154
7387 243
7388 89
7389 202
7390 113
7391 137
7392 24
7393 127
7394 103
7395 182
7396 79
7397 213
7398 134
7399 189
7400 55
7401 196
7402 141
7403 227
7404 86
7405 203
7406 117
7407 148
7408 31
7409 131
7410 100
7411 169
7412 69
7413 176
7414 107
7415 145
7416 38
7417 121
7418 83
7419 128
7420 45
7421 97
7422 52
7423 59
7424 7
7425 60
7426 53
7427 99
7428 46
7429 131
7430 85
7431 124
7432 39
7433 149
7434 110
7435 181
7436 71
7437 174
7438 103
7439 135
7440 32
7441 153
7442 121
7443 210
7444 89
7445 235
7446 146
7447 203
7448 57
7449 196
7450 139
7451 221
7452 82
7453 189
7454 107
7455 132
7456 25
7457 143
7458 118
7459 211
7460 93
7461 254
7462 161
7463 229
7464 68
7465 247
7466 179
7467 290
7468 111
7469 265
7470 154
7471 197
7472 43
7473 190
7474 147
7475 251
7476 104
7477 269
7478 165
7479 226
7480 61
7481 201
7482 140
7483 219
7484 79
7485 176
7486 97
7487 115
7488 18
7489 119
7490 101
7491 184
7492 83
7493 231
7494 148
7495 213
7496 65
7497 242
7498 177
7499 289
7500 112
7501 271
7502 159
7503 206
7504 47
7505 217
7506 170
7507 293
7508 123
7509 322
7510 199
7511 275
7512 76
7513 257
7514 181
7515 286
7516 105
7517 239
7518 134
7519 163
7520 29
7521 156
7522 127
7523 225
7524 98
7525 265
7526 167
7527 236
7528 69
7529 247
7530 178
7531 287
7532 109
7533 258
7534 149
7535 189
7536 40
7537 171
7538 131
7539 222
7540 91
7541 233
7542 142
7543 193
7544 51
7545 164
7546 113
7547 175
7548 62
7549 135
7550 73
7551 84
7552 11
7553 81
7554 70
7555 129
7556 59
7557 166
7558 107
7559 155
7560 48
7561 181
7562 133
7563 218
7564 85
7565 207
7566 122
7567 159
7568 37
7569 174
7570 137
7571 237
7572 100
7573 263
7574 163
7575 226
7576 63
7577 215
7578 152
7579 241
7580 89
7581 204
7582 115
7583 141
7584 26
7585 145
7586 119
7587 212
7588 93
7589 253
7590 160
7591 227
7592 67
7593 242
7594 175
7595 283
7596 108
7597 257
7598 149
7599 190
7600 41
7601 179
7602 138
7603 235
7604 97
7605 250
7606 153
7607 209
7608 56
7609 183
7610 127
7611 198
7612 71
7613 157
7614 86
7615 101
7616 15
7617 94
7618 79
7619 143
7620 64
7621 177
7622 113
7623 162
7624 49
7625 181
7626 132
7627 215
7628 83
7629 200
7630 117
7631 151
7632 34
7633 155
7634 121
7635 208
7636 87
7637 227
7638 140
7639 193
7640 53
7641 178
7642 125
7643 197
7644 72
7645 163
7646 91
7647 110
7648 19
7649 99
7650 80
7651 141
7652 61
7653 164
7654 103
7655 145
7656 42
7657 149
7658 107
7659 172
7660 65
7661 153
7662 88
7663 111
7664 23
7665 96
7666 73
7667 123
7668 50
7669 127
7670 77
7671 104
7672 27
7673 85
7674 58
7675 89
7676 31
7677 66
7678 35
7679 39
7680 4
7681 37
7682 33
7683 62
7684 29
7685 83
7686 54
7687 79
7688 25
7689 96
7690 71
7691 117
7692 46
7693 113
7694 67
7695 88
7696 21
7697 101
7698 80
7699 139
7700 59
7701 156
7702 97
7703 135
7704 38
7705 131
7706 93
7707 148
7708 55
7709 127
7710 72
7711 89
7712 17
7713 98
7714 81
7715 145
7716 64
7717 175
7718 111
7719 158
7720 47
7721 171
7722 124
7723 201
7724 77
7725 184
7726 107
7727 137
7728 30
7729 133
7730 103
7731 176
7732 73
7733 189
7734 116
7735 159
7736 43
7737 142
7738 99
7739 155
7740 56
7741 125
7742 69
7743 82
7744 13
7745 87
7746 74
7747 135
7748 61
7749 170
7750 109
7751 157
7752 48
7753 179
7754 131
7755 214
7756 83
7757 201
7758 118
7759 153
7760 35
7761 162
7762 127
7763 219
7764 92
7765 241
7766 149
7767 206
7768 57
7769 193
7770 136
7771 215
7772 79
7773 180
7774 101
7775 123
7776 22
7777 119
7778 97
7779 172
7780 75
7781 203
7782 128
7783 181
7784 53
7785 190
7786 137
7787 221
7788 84
7789 199
7790 115
7791 146
7792 31
7793 133
7794 102
7795 173
7796 71
7797 182
7798 111
7799 151
7800 40
7801 129
7802 89
7803 138
7804 49
7805 107
7806 58
7807 67
7808 9
7809 68
7810 59
7811 109
7812 50
7813 141
7814 91
7815 132
7816 41
7817 155
7818 114
7819 187
7820 73
7821 178
7822 105
7823 137
7824 32
7825 151
7826 119
7827 206
7828 87
7829 229
7830 142
7831 197
7832 55
7833 188
7834 133
7835 211
7836 78
7837 179
7838 101
7839 124
7840 23
7841 129
7842 106
7843 189
7844 83
7845 226
7846 143
7847 203
7848 60
7849 217
7850 157
7851 254
7852 97
7853 231
7854 134
7855 171
7856 37
7857 162
7858 125
7859 213
7860 88
7861 227
7862 139
7863 190
7864 51
7865 167
7866 116
7867 181
7868 65
7869 144
7870 79
7871 93
7872 14
7873 89
7874 75
7875 136
7876 61
7877 169
7878 108
7879 155
7880 47
7881 174
7882 127
7883 207
7884 80
7885 193
7886 113
7887 146
7888 33
7889 151
7890 118
7891 203
7892 85
7893 222
7894 137
7895 189
7896 52
7897 175
7898 123
7899 194
7900 71
7901 161
7902 90
7903 109
7904 19
7905 100
7906 81
7907 143
7908 62
7909 167
7910 105
7911 148
7912 43
7913 153
7914 110
7915 177
7916 67
7917 158
7918 91
7919 115
7920 24
7921 101
7922 77
7923 130
7924 53
7925 135
7926 82
7927 111
7928 29
7929 92
7930 63
7931 97
7932 34
7933 73
7934 39
7935 44
7936 5
7937 41
7938 36
7939 67
7940 31
7941 88
7942 57
7943 83
7944 26
7945 99
7946 73
7947 120
7948 47
7949 115
7950 68
7951 89
7952 21
7953 100
7954 79
7955 137
7956 58
7957 153
7958 95
7959 132
7960 37
7961 127
7962 90
7963 143
7964 53
7965 122
7966 69
7967 85
7968 16
7969 91
7970 75
7971 134
7972 59
7973 161
7974 102
7975 145
7976 43
7977 156
7978 113
7979 183
7980 70
7981 167
7982 97
7983 124
7984 27
7985 119
7986 92
7987 157
7988 65
7989 168
7990 103
7991 141
7992 38
7993 125
7994 87
7995 136
7996 49
7997 109
7998 60
7999 71
8000 11
8001 72
8002 61
8003 111
8004 50
8005 139
8006 89
8007 128
8008 39
8009 145
8010 106
8011 173
8012 67
8013 162
8014 95
8015 123
8016 28
8017 129
8018 101
8019 174
8020 73
8021 191
8022 118
8023 163
8024 45
8025 152
8026 107
8027 169
8028 62
8029 141
8030 79
8031 96
8032 17
8033 91
8034 74
8035 131
8036 57
8037 154
8038 97
8039 137
8040 40
8041 143
8042 103
8043 166
8044 63
8045 149
8046 86
8047 109
8048 23
8049 98
8050 75
8051 127
8052 52
8053 133
8054 81
8055 110
8056 29
8057 93
8058 64
8059 99
8060 35
8061 76
8062 41
8063 47
8064 6
8065 43
8066 37
8067 68
8068 31
8069 87
8070 56
8071 81
8072 25
8073 94
8074 69
8075 113
8076 44
8077 107
8078 63
8079 82
8080 19
8081 89
8082 70
8083 121
8084 51
8085 134
8086 83
8087 115
8088 32
8089 109
8090 77
8091 122
8092 45
8093 103
8094 58
8095 71
8096 13
8097 72
8098 59
8099 105
8100 46
8101 125
8102 79
8103 112
8104 33
8105 119
8106 86
8107 139
8108 53
8109 126
8110 73
8111 93
8112 20
8113 87
8114 67
8115 114
8116 47
8117 121
8118 74
8119 101
8120 27
8121 88
8122 61
8123 95
8124 34
8125 75
8126 41
8127 48
8128 7
8129 43
8130 36
8131 65
8132 29
8133 80
8134 51
8135 73
8136 22
8137 81
8138 59
8139 96
8140 37
8141 89
8142 52
8143 67
8144 15
8145 68
8146 53
8147 91
8148 38
8149 99
8150 61
8151 84
8152 23
8153 77
8154 54
8155 85
8156 31
8157 70
8158 39
8159 47
8160 8
8161 41
8162 33
8163 58
8164 25
8165 67
8166 42
8167 59
8168 17
8169 60
8170 43
8171 69
8172 26
8173 61
8174 35
8175 44
8176 9
8177 37
8178 28
8179 47
8180 19
8181 48
8182 29
8183 39
8184 10
8185 31
8186 21
8187 32
8188 11
8189 23
8190 12
8191 13
8192 1
8193 14
8194 13
8195 25
8196 12
8197 35
8198 23
8199 34
8200 11
8201 43
8202 32
8203 53
8204 21
8205 52
8206 31
8207 41
8208 10
8209 49
8210 39
8211 68
8212 29
8213 77
8214 48
8215 67
8216 19
8217 66
8218 47
8219 75
8220 28
8221 65
8222 37
8223 46
8224 9
8225 53
8226 44
8227 79
8228 35
8229 96
8230 61
8231 87
8232 26
8233 95
8234 69
8235 112
8236 43
8237 103
8238 60
8239 77
8240 17
8241 76
8242 59
8243 101
8244 42
8245 109
8246 67
8247 92
8248 25
8249 83
8250 58
8251 91
8252 33
8253 74
8254 41
8255 49
8256 8
8257 55
8258 47
8259 86
8260 39
8261 109
8262 70
8263 101
8264 31
8265 116
8266 85
8267 139
8268 54
8269 131
8270 77
8271 100
8272 23
8273 107
8274 84
8275 145
8276 61
8277 160
8278 99
8279 137
8280 38
8281 129
8282 91
8283 144
8284 53
8285 121
8286 68
8287 83
8288 15
8289 82
8290 67
8291 119
8292 52
8293 141
8294 89
8295 126
8296 37
8297 133
8298 96
8299 155
8300 59
8301 140
8302 81
8303 103
8304 22
8305 95
8306 73
8307 124
8308 51
8309 131
8310 80
8311 109
8312 29
8313 94
8314 65
8315 101
8316 36
8317 79
8318 43
8319 50
8320 7
8321 55
8322 48
8323 89
8324 41
8325 116
8326 75
8327 109
8328 34
8329 129
8330 95
8331 156
8332 61
8333 149
8334 88
8335 115
8336 27
8337 128
8338 101
8339 175
8340 74
8341 195
8342 121
8343 168
8344 47
8345 161
8346 114
8347 181
8348 67
8349 154
8350 87
8351 107
8352 20
8353 113
8354 93
8355 166
8356 73
8357 199
8358 126
8359 179
8360 53
8361 192
8362 139
8363 225
8364 86
8365 205
8366 119
8367 152
8368 33
8369 145
8370 112
8371 191
8372 79
8373 204
8374 125
8375 171
8376 46
8377 151
8378 105
8379 164
8380 59
8381 131
8382 72
8383 85
8384 13
8385 84
8386 71
8387 129
8388 58
8389 161
8390 103
8391 148
8392 45
8393 167
8394 122
8395 199
8396 77
8397 186
8398 109
8399 141
8400 32
8401 147
8402 115
8403 198
8404 83
8405 217
8406 134
8407 185
8408 51
8409 172
8410 121
8411 191
8412 70
8413 159
8414 89
8415 108
8416 19
8417 101
8418 82
8419 145
8420 63
8421 170
8422 107
8423 151
8424 44
8425 157
8426 113
8427 182
8428 69
8429 163
8430 94
8431 119
8432 25
8433 106
8434 81
8435 137
8436 56
8437 143
8438 87
8439 118
8440 31
8441 99
8442 68
8443 105
8444 37
8445 80
8446 43
8447 49
8448 6
8449 53
8450 47
8451 88
8452 41
8453 117
8454 76
8455 111
8456 35
8457 134
8458 99
8459 163
8460 64
8461 157
8462 93
8463 122
8464 29
8465 139
8466 110
8467 191
8468 81
8469 214
8470 133
8471 185
8472 52
8473 179
8474 127
8475 202
8476 75
8477 173
8478 98
8479 121
8480 23
8481 132
8482 109
8483 195
8484 86
8485 235
8486 149
8487 212
8488 63
8489 229
8490 166
8491 269
8492 103
8493 246
8494 143
8495 183
8496 40
8497 177
8498 137
8499 234
8500 97
8501 251
8502 154
8503 211
8504 57
8505 188
8506 131
8507 205
8508 74
8509 165
8510 91
8511 108
8512 17
8513 113
8514 96
8515 175
8516 79
8517 220
8518 141
8519 203
8520 62
8521 231
8522 169
8523 276
8524 107
8525 259
8526 152
8527 197
8528 45
8529 208
8530 163
8531 281
8532 118
8533 309
8534 191
8535 264
8536 73
8537 247
8538 174
8539 275
8540 101
8541 230
8542 129
8543 157
8544 28
8545 151
8546 123
8547 218
8548 95
8549 257
8550 162
8551 229
8552 67
8553 240
8554 173
8555 279
8556 106
8557 251
8558 145
8559 184
8560 39
8561 167
8562 128
8563 217
8564 89
8565 228
8566 139
8567 189
8568 50
8569 161
8570 111
8571 172
8572 61
8573 133
8574 72
8575 83
8576 11
8577 82
8578 71
8579 131
8580 60
8581 169
8582 109
8583 158
8584 49
8585 185
8586 136
8587 223
8588 87
8589 212
8590 125
8591 163
8592 38
8593 179
8594 141
8595 244
8596 103
8597 271
8598 168
8599 233
8600 65
8601 222
8602 157
8603 249
8604 92
8605 211
8606 119
8607 146
8608 27
8609 151
8610 124
8611 221
8612 97
8613 264
8614 167
8615 237
8616 70
8617 253
8618 183
8619 296
8620 113
8621 269
8622 156
8623 199
8624 43
8625 188
8626 145
8627 247
8628 102
8629 263
8630 161
8631 220
8632 59
8633 193
8634 134
8635 209
8636 75
8637 166
8638 91
8639 107
8640 16
8641 101
8642 85
8643 154
8644 69
8645 191
8646 122
8647 175
8648 53
8649 196
8650 143
8651 233
8652 90
8653 217
8654 127
8655 164
8656 37
8657 169
8658 132
8659 227
8660 95
8661 248
8662 153
8663 211
8664 58
8665 195
8666 137
8667 216
8668 79
8669 179
8670 100
8671 121
8672 21
8673 110
8674 89
8675 157
8676 68
8677 183
8678 115
8679 162
8680 47
8681 167
8682 120
8683 193
8684 73
8685 172
8686 99
8687 125
8688 26
8689 109
8690 83
8691 140
8692 57
8693 145
8694 88
8695 119
8696 31
8697 98
8698 67
8699 103
8700 36
8701 77
8702 41
8703 46
8704 5
8705 49
8706 44
8707 83
8708 39
8709 112
8710 73
8711 107
8712 34
8713 131
8714 97
8715 160
8716 63
8717 155
8718 92
8719 121
8720 29
8721 140
8722 111
8723 193
8724 82
8725 217
8726 135
8727 188
8728 53
8729 183
8730 130
8731 207
8732 77
8733 178
8734 101
8735 125
8736 24
8737 139
8738 115
8739 206
8740 91
8741 249
8742 158
8743 225
8744 67
8745 244
8746 177
8747 287
8748 110
8749 263
8750 153
8751 196
8752 43
8753 191
8754 148
8755 253
8756 105
8757 272
8758 167
8759 229
8760 62
8761 205
8762 143
8763 224
8764 81
8765 181
8766 100
8767 119
8768 19
8769 128
8770 109
8771 199
8772 90
8773 251
8774 161
8775 232
8776 71
8777 265
8778 194
8779 317
8780 123
8781 298
8782 175
8783 227
8784 52
8785 241
8786 189
8787 326
8788 137
8789 359
8790 222
8791 307
8792 85
8793 288
8794 203
8795 321
8796 118
8797 269
8798 151
8799 184
8800 33
8801 179
8802 146
8803 259
8804 113
8805 306
8806 193
8807 273
8808 80
8809 287
8810 207
8811 334
8812 127
8813 301
8814 174
8815 221
8816 47
8817 202
8818 155
8819 263
8820 108
8821 277
8822 169
8823 230
8824 61
8825 197
8826 136
8827 211
8828 75
8829 164
8830 89
8831 103
8832 14
8833 107
8834 93
8835 172
8836 79
8837 223
8838 144
8839 209
8840 65
8841 246
8842 181
8843 297
8844 116
8845 283
8846 167
8847 218
8848 51
8849 241
8850 190
8851 329
8852 139
8853 366
8854 227
8855 315
8856 88
8857 301
8858 213
8859 338
8860 125
8861 287
8862 162
8863 199
8864 37
8865 208
8866 171
8867 305
8868 134
8869 365
8870 231
8871 328
8872 97
8873 351
8874 254
8875 411
8876 157
8877 374
8878 217
8879 277
8880 60
8881 263
8882 203
8883 346
8884 143
8885 369
8886 226
8887 309
8888 83
8889 272
8890 189
8891 295
8892 106
8893 235
8894 129
8895 152
8896 23
8897 147
8898 124
8899 225
8900 101
8901 280
8902 179
8903 257
8904 78
8905 289
8906 211
8907 344
8908 133
8909 321
8910 188
8911 243
8912 55
8913 252
8914 197
8915 339
8916 142
8917 371
8918 229
8919 316
8920 87
8921 293
8922 206
8923 325
8924 119
8925 270
8926 151
8927 183
8928 32
8929 169
8930 137
8931 242
8932 105
8933 283
8934 178
8935 251
8936 73
8937 260
8938 187
8939 301
8940 114
8941 269
8942 155
8943 196
8944 41
8945 173
8946 132
8947 223
8948 91
8949 232
8950 141
8951 191
8952 50
8953 159
8954 109
8955 168
8956 59
8957 127
8958 68
8959 77
8960 9
8961 76
8962 67
8963 125
8964 58
8965 165
8966 107
8967 156
8968 49
8969 187
8970 138
8971 227
8972 89
8973 218
8974 129
8975 169
8976 40
8977 191
8978 151
8979 262
8980 111
8981 293
8982 182
8983 253
8984 71
8985 244
8986 173
8987 275
8988 102
8989 235
8990 133
8991 164
8992 31
8993 177
8994 146
8995 261
8996 115
8997 314
8998 199
8999 283
9000 84
9001 305
9002 221
9003 358
9004 137
9005 327
9006 190
9007 243
9008 53
9009 234
9010 181
9011 309
9012 128
9013 331
9014 203
9015 278
9016 75
9017 247
9018 172
9019 269
9020 97
9021 216
9022 119
9023 141
9024 22
9025 145
9026 123
9027 224
9028 101
9029 281
9030 180
9031 259
9032 79
9033 294
9034 215
9035 351
9036 136
9037 329
9038 193
9039 250
9040 57
9041 263
9042 206
9043 355
9044 149
9045 390
9046 241
9047 333
9048 92
9049 311
9050 219
9051 346
9052 127
9053 289
9054 162
9055 197
9056 35
9057 188
9058 153
9059 271
9060 118
9061 319
9062 201
9063 284
9064 83
9065 297
9066 214
9067 345
9068 131
9069 310
9070 179
9071 227
9072 48
9073 205
9074 157
9075 266
9076 109
9077 279
9078 170
9079 231
9080 61
9081 196
9082 135
9083 209
9084 74
9085 161
9086 87
9087 100
9088 13
9089 95
9090 82
9091 151
9092 69
9093 194
9094 125
9095 181
9096 56
9097 211
9098 155
9099 254
9100 99
9101 241
9102 142
9103 185
9104 43
9105 202
9106 159
9107 275
9108 116
9109 305
9110 189
9111 262
9112 73
9113 249
9114 176
9115 279
9116 103
9117 236
9118 133
9119 163
9120 30
9121 167
9122 137
9123 244
9124 107
9125 291
9126 184
9127 261
9128 77
9129 278
9130 201
9131 325
9132 124
9133 295
9134 171
9135 218
9136 47
9137 205
9138 158
9139 269
9140 111
9141 286
9142 175
9143 239
9144 64
9145 209
9146 145
9147 226
9148 81
9149 179
9150 98
9151 115
9152 17
9153 106
9154 89
9155 161
9156 72
9157 199
9158 127
9159 182
9160 55
9161 203
9162 148
9163 241
9164 93
9165 224
9166 131
9167 169
9168 38
9169 173
9170 135
9171 232
9172 97
9173 253
9174 156
9175 215
9176 59
9177 198
9178 139
9179 219
9180 80
9181 181
9182 101
9183 122
9184 21
9185 109
9186 88
9187 155
9188 67
9189 180
9190 113
9191 159
9192 46
9193 163
9194 117
9195 188
9196 71
9197 167
9198 96
9199 121
9200 25
9201 104
9202 79
9203 133
9204 54
9205 137
9206 83
9207 112
9208 29
9209 91
9210 62
9211 95
9212 33
9213 70
9214 37
9215 41
9216 4
9217 43
9218 39
9219 74
9220 35
9221 101
9222 66
9223 97
9224 31
9225 120
9226 89
9227 147
9228 58
9229 143
9230 85
9231 112
9232 27
9233 131
9234 104
9235 181
9236 77
9237 204
9238 127
9239 177
9240 50
9241 173
9242 123
9243 196
9244 73
9245 169
9246 96
9247 119
9248 23
9249 134
9250 111
9251 199
9252 88
9253 241
9254 153
9255 218
9256 65
9257 237
9258 172
9259 279
9260 107
9261 256
9262 149
9263 191
9264 42
9265 187
9266 145
9267 248
9268 103
9269 267
9270 164
9271 225
9272 61
9273 202
9274 141
9275 221
9276 80
9277 179
9278 99
9279 118
9280 19
9281 129
9282 110
9283 201
9284 91
9285 254
9286 163
9287 235
9288 72
9289 269
9290 197
9291 322
9292 125
9293 303
9294 178
9295 231
9296 53
9297 246
9298 193
9299 333
9300 140
9301 367
9302 227
9303 314
9304 87
9305 295
9306 208
9307 329
9308 121
9309 276
9310 155
9311 189
9312 34
9313 185
9314 151
9315 268
9316 117
9317 317
9318 200
9319 283
9320 83
9321 298
9322 215
9323 347
9324 132
9325 313
9326 181
9327 230
9328 49
9329 211
9330 162
9331 275
9332 113
9333 290
9334 177
9335 241
9336 64
9337 207
9338 143
9339 222
9340 79
9341 173
9342 94
9343 109
9344 15
9345 116
9346 101
9347 187
9348 86
9349 243
9350 157
9351 228
9352 71
9353 269
9354 198
9355 325
9356 127
9357 310
9358 183
9359 239
9360 56
9361 265
9362 209
9363 362
9364 153
9365 403
9366 250
9367 347
9368 97
9369 332
9370 235
9371 373
9372 138
9373 317
9374 179
9375 220
9376 41
9377 231
9378 190
9379 339
9380 149
9381 406
9382 257
9383 365
9384 108
9385 391
9386 283
9387 458
9388 175
9389 417
9390 242
9391 309
9392 67
9393 294
9394 227
9395 387
9396 160
9397 413
9398 253
9399 346
9400 93
9401 305
9402 212
9403 331
9404 119
9405 264
9406 145
9407 171
9408 26
9409 167
9410 141
9411 256
9412 115
9413 319
9414 204
9415 293
9416 89
9417 330
9418 241
9419 393
9420 152
9421 367
9422 215
9423 278
9424 63
9425 289
9426 226
9427 389
9428 163
9429 426
9430 263
9431 363
9432 100
9433 337
9434 237
9435 374
9436 137
9437 311
9438 174
9439 211
9440 37
9441 196
9442 159
9443 281
9444 122
9445 329
9446 207
9447 292
9448 85
9449 303
9450 218
9451 351
9452 133
9453 314
9454 181
9455 229
9456 48
9457 203
9458 155
9459 262
9460 107
9461 273
9462 166
9463 225
9464 59
9465 188
9466 129
9467 199
9468 70
9469 151
9470 81
9471 92
9472 11
9473 95
9474 84
9475 157
9476 73
9477 208
9478 135
9479 197
9480 62
9481 237
9482 175
9483 288
9484 113
9485 277
9486 164
9487 215
9488 51
9489 244
9490 193
9491 335
9492 142
9493 375
9494 233
9495 324
9496 91
9497 313
9498 222
9499 353
9500 131
9501 302
9502 171
9503 211
9504 40
9505 229
9506 189
9507 338
9508 149
9509 407
9510 258
9511 367
9512 109
9513 396
9514 287
9515 465
9516 178
9517 425
9518 247
9519 316
9520 69
9521 305
9522 236
9523 403
9524 167
9525 432
9526 265
9527 363
9528 98
9529 323
9530 225
9531 352
9532 127
9533 283
9534 156
9535 185
9536 29
9537 192
9538 163
9539 297
9540 134
9541 373
9542 239
9543 344
9544 105
9545 391
9546 286
9547 467
9548 181
9549 438
9550 257
9551 333
9552 76
9553 351
9554 275
9555 474
9556 199
9557 521
9558 322
9559 445
9560 123
9561 416
9562 293
9563 463
9564 170
9565 387
9566 217
9567 264
9568 47
9569 253
9570 206
9571 365
9572 159
9573 430
9574 271
9575 383
9576 112
9577 401
9578 289
9579 466
9580 177
9581 419
9582 242
9583 307
9584 65
9585 278
9586 213
9587 361
9588 148
9589 379
9590 231
9591 314
9592 83
9593 267
9594 184
9595 285
9596 101
9597 220
9598 119
9599 137
9600 18
9601 133
9602 115
9603 212
9604 97
9605 273
9606 176
9607 255
9608 79
9609 298
9610 219
9611 359
9612 140
9613 341
9614 201
9615 262
9616 61
9617 287
9618 226
9619 391
9620 165
9621 434
9622 269
9623 373
9624 104
9625 355
9626 251
9627 398
9628 147
9629 337
9630 190
9631 233
9632 43
9633 240
9634 197
9635 351
9636 154
9637 419
9638 265
9639 376
9640 111
9641 401
9642 290
9643 469
9644 179
9645 426
9646 247
9647 315
9648 68
9649 297
9650 229
9651 390
9652 161
9653 415
9654 254
9655 347
9656 93
9657 304
9658 211
9659 329
9660 118
9661 261
9662 143
9663 168
9664 25
9665 157
9666 132
9667 239
9668 107
9669 296
9670 189
9671 271
9672 82
9673 303
9674 221
9675 360
9676 139
9677 335
9678 196
9679 253
9680 57
9681 260
9682 203
9683 349
9684 146
9685 381
9686 235
9687 324
9688 89
9689 299
9690 210
9691 331
9692 121
9693 274
9694 153
9695 185
9696 32
9697 167
9698 135
9699 238
9700 103
9701 277
9702 174
9703 245
9704 71
9705 252
9706 181
9707 291
9708 110
9709 259
9710 149
9711 188
9712 39
9713 163
9714 124
9715 209
9716 85
9717 216
9718 131
9719 177
9720 46
9721 145
9722 99
9723 152
9724 53
9725 113
9726 60
9727 67
9728 7
9729 66
9730 59
9731 111
9732 52
9733 149
9734 97
9735 142
9736 45
9737 173
9738 128
9739 211
9740 83
9741 204
9742 121
9743 159
9744 38
9745 183
9746 145
9747 252
9748 107
9749 283
9750 176
9751 245
9752 69
9753 238
9754 169
9755 269
9756 100
9757 231
9758 131
9759 162
9760 31
9761 179
9762 148
9763 265
9764 117
9765 320
9766 203
9767 289
9768 86
9769 313
9770 227
9771 368
9772 141
9773 337
9774 196
9775 251
9776 55
9777 244
9778 189
9779 323
9780 134
9781 347
9782 213
9783 292
9784 79
9785 261
9786 182
9787 285
9788 103
9789 230
9790 127
9791 151
9792 24
9793 161
9794 137
9795 250
9796 113
9797 315
9798 202
9799 291
9800 89
9801 332
9802 243
9803 397
9804 154
9805 373
9806 219
9807 284
9808 65
9809 301
9810 236
9811 407
9812 171
9813 448
9814 277
9815 383
9816 106
9817 359
9818 253
9819 400
9820 147
9821 335
9822 188
9823 229
9824 41
9825 222
9826 181
9827 321
9828 140
9829 379
9830 239
9831 338
9832 99
9833 355
9834 256
9835 413
9836 157
9837 372
9838 215
9839 273
9840 58
9841 249
9842 191
9843 324
9844 133
9845 341
9846 208
9847 283
9848 75
9849 242
9850 167
9851 259
9852 92
9853 201
9854 109
9855 126
9856 17
9857 129
9858 112
9859 207
9860 95
9861 268
9862 173
9863 251
9864 78
9865 295
9866 217
9867 356
9868 139
9869 339
9870 200
9871 261
9872 61
9873 288
9874 227
9875 393
9876 166
9877 437
9878 271
9879 376
9880 105
9881 359
9882 254
9883 403
9884 149
9885 342
9886 193
9887 237
9888 44
9889 247
9890 203
9891 362
9892 159
9893 433
9894 274
9895 389
9896 115
9897 416
9898 301
9899 487
9900 186
9901 443
9902 257
9903 328
9904 71
9905 311
9906 240
9907 409
9908 169
9909 436
9910 267
9911 365
9912 98
9913 321
9914 223
9915 348
9916 125
9917 277
9918 152
9919 179
9920 27
9921 172
9922 145
9923 263
9924 118
9925 327
9926 209
9927 300
9928 91
9929 337
9930 246
9931 401
9932 155
9933 374
9934 219
9935 283
9936 64
9937 293
9938 229
9939 394
9940 165
9941 431
9942 266
9943 367
9944 101
9945 340
9946 239
9947 377
9948 138
9949 313
9950 175
9951 212
9952 37
9953 195
9954 158
9955 279
9956 121
9957 326
9958 205
9959 289
9960 84
9961 299
9962 215
9963 346
9964 131
9965 309
9966 178
9967 225
9968 47
9969 198
9970 151
9971 255
9972 104
9973 265
9974 161
9975 218
9976 57
9977 181
9978 124
9979 191
9980 67
9981 144
9982 77
9983 87
9984 10
9985 83
9986 73
9987 136
9988 63
9989 179
9990 116
9991 169
9992 53
9993 202
9994 149
9995 245
9996 96
9997 235
9998 139
9999 182
10000 43







