1 1
2 1
3 2
4 1
5 2
6 3
7 1
8 2
9 3
10 4
11 1
12 2
13 3
14 4
15 5
16 1
17 2
18 3
19 4
20 5
21 6
22 1
23 2
24 3
25 4
26 5
27 6
28 7
29 1
30 2
31 3
32 4
33 5
34 6
35 7
36 8
37 1
38 2
39 3
40 4
41 5
42 6
43 7
44 8
45 9
46 1
47 2
48 3
49 4
50 5
51 6
52 7
53 8
54 9
55 10
56 1
57 2
58 3
59 4
60 5
61 6
62 7
63 8
64 9
65 10
66 11
67 1
68 2
69 3
70 4
71 5
72 6
73 7
74 8
75 9
76 10
77 11
78 12
79 1
80 2
81 3
82 4
83 5
84 6
85 7
86 8
87 9
88 10
89 11
90 12
91 13
92 1
93 2
94 3
95 4
96 5
97 6
98 7
99 8
100 9
101 10
102 11
103 12
104 13
105 14
106 1
107 2
108 3
109 4
110 5
111 6
112 7
113 8
114 9
115 10
116 11
117 12
118 13
119 14
120 15
121 1
122 2
123 3
124 4
125 5
126 6
127 7
128 8
129 9
130 10
131 11
132 12
133 13
134 14
135 15
136 16
137 1
138 2
139 3
140 4
141 5
142 6
143 7
144 8
145 9
146 10
147 11
148 12
149 13
150 14
151 15
152 16
153 17
154 1
155 2
156 3
157 4
158 5
159 6
160 7
161 8
162 9
163 10
164 11
165 12
166 13
167 14
168 15
169 16
170 17
171 18
172 1
173 2
174 3
175 4
176 5
177 6
178 7
179 8
180 9
181 10
182 11
183 12
184 13
185 14
186 15
187 16
188 17
189 18
190 19
191 1
192 2
193 3
194 4
195 5
196 6
197 7
198 8
199 9
200 10
201 11
202 12
203 13
204 14
205 15
206 16
207 17
208 18
209 19
210 20
211 1
212 2
213 3
214 4
215 5
216 6
217 7
218 8
219 9
220 10
221 11
222 12
223 13
224 14
225 15
226 16
227 17
228 18
229 19
230 20
231 21
232 1
233 2
234 3
235 4
236 5
237 6
238 7
239 8
240 9
241 10
242 11
243 12
244 13
245 14
246 15
247 16
248 17
249 18
250 19
251 20
252 21
253 22
254 1
255 2
256 3
257 4
258 5
259 6
260 7
261 8
262 9
263 10
264 11
265 12
266 13
267 14
268 15
269 16
270 17
271 18
272 19
273 20
274 21
275 22
276 23
277 1
278 2
279 3
280 4
281 5
282 6
283 7
284 8
285 9
286 10
287 11
288 12
289 13
290 14
291 15
292 16
293 17
294 18
295 19
296 20
297 21
298 22
299 23
300 24
301 1
302 2
303 3
304 4
305 5
306 6
307 7
308 8
309 9
310 10
311 11
312 12
313 13
314 14
315 15
316 16
317 17
318 18
319 19
320 20
321 21
322 22
323 23
324 24
325 25
326 1
327 2
328 3
329 4
330 5
331 6
332 7
333 8
334 9
335 10
336 11
337 12
338 13
339 14
340 15
341 16
342 17
343 18
344 19
345 20
346 21
347 22
348 23
349 24
350 25
351 26
352 1
353 2
354 3
355 4
356 5
357 6
358 7
359 8
360 9
361 10
362 11
363 12
364 13
365 14
366 15
367 16
368 17
369 18
370 19
371 20
372 21
373 22
374 23
375 24
376 25
377 26
378 27
379 1
380 2
381 3
382 4
383 5
384 6
385 7
386 8
387 9
388 10
389 11
390 12
391 13
392 14
393 15
394 16
395 17
396 18
397 19
398 20
399 21
400 22
401 23
402 24
403 25
404 26
405 27
406 28
407 1
408 2
409 3
410 4
411 5
412 6
413 7
414 8
415 9
416 10
417 11
418 12
419 13
420 14
421 15
422 16
423 17
424 18
425 19
426 20
427 21
428 22
429 23
430 24
431 25
432 26
433 27
434 28
435 29
436 1
437 2
438 3
439 4
440 5
441 6
442 7
443 8
444 9
445 10
446 11
447 12
448 13
449 14
450 15
451 16
452 17
453 18
454 19
455 20
456 21
457 22
458 23
459 24
460 25
461 26
462 27
463 28
464 29
465 30
466 1
467 2
468 3
469 4
470 5
471 6
472 7
473 8
474 9
475 10
476 11
477 12
478 13
479 14
480 15
481 16
482 17
483 18
484 19
485 20
486 21
487 22
488 23
489 24
490 25
491 26
492 27
493 28
494 29
495 30
496 31
497 1
498 2
499 3
500 4
501 5
502 6
503 7
504 8
505 9
506 10
507 11
508 12
509 13
510 14
511 15
512 16
513 17
514 18
515 19
516 20
517 21
518 22
519 23
520 24
521 25
522 26
523 27
524 28
525 29
526 30
527 31
528 32
529 1
530 2
531 3
532 4
533 5
534 6
535 7
536 8
537 9
538 10
539 11
540 12
541 13
542 14
543 15
544 16
545 17
546 18
547 19
548 20
549 21
550 22
551 23
552 24
553 25
554 26
555 27
556 28
557 29
558 30
559 31
560 32
561 33
562 1
563 2
564 3
565 4
566 5
567 6
568 7
569 8
570 9
571 10
572 11
573 12
574 13
575 14
576 15
577 16
578 17
579 18
580 19
581 20
582 21
583 22
584 23
585 24
586 25
587 26
588 27
589 28
590 29
591 30
592 31
593 32
594 33
595 34
596 1
597 2
598 3
599 4
600 5
601 6
602 7
603 8
604 9
605 10
606 11
607 12
608 13
609 14
610 15
611 16
612 17
613 18
614 19
615 20
616 21
617 22
618 23
619 24
620 25
621 26
622 27
623 28
624 29
625 30
626 31
627 32
628 33
629 34
630 35
631 1
632 2
633 3
634 4
635 5
636 6
637 7
638 8
639 9
640 10
641 11
642 12
643 13
644 14
645 15
646 16
647 17
648 18
649 19
650 20
651 21
652 22
653 23
654 24
655 25
656 26
657 27
658 28
659 29
660 30
661 31
662 32
663 33
664 34
665 35
666 36
667 1
668 2
669 3
670 4
671 5
672 6
673 7
674 8
675 9
676 10
677 11
678 12
679 13
680 14
681 15
682 16
683 17
684 18
685 19
686 20
687 21
688 22
689 23
690 24
691 25
692 26
693 27
694 28
695 29
696 30
697 31
698 32
699 33
700 34
701 35
702 36
703 37
704 1
705 2
706 3
707 4
708 5
709 6
710 7
711 8
712 9
713 10
714 11
715 12
716 13
717 14
718 15
719 16
720 17
721 18
722 19
723 20
724 21
725 22
726 23
727 24
728 25
729 26
730 27
731 28
732 29
733 30
734 31
735 32
736 33
737 34
738 35
739 36
740 37
741 38
742 1
743 2
744 3
745 4
746 5
747 6
748 7
749 8
750 9
751 10
752 11
753 12
754 13
755 14
756 15
757 16
758 17
759 18
760 19
761 20
762 21
763 22
764 23
765 24
766 25
767 26
768 27
769 28
770 29
771 30
772 31
773 32
774 33
775 34
776 35
777 36
778 37
779 38
780 39
781 1
782 2
783 3
784 4
785 5
786 6
787 7
788 8
789 9
790 10
791 11
792 12
793 13
794 14
795 15
796 16
797 17
798 18
799 19
800 20
801 21
802 22
803 23
804 24
805 25
806 26
807 27
808 28
809 29
810 30
811 31
812 32
813 33
814 34
815 35
816 36
817 37
818 38
819 39
820 40
821 1
822 2
823 3
824 4
825 5
826 6
827 7
828 8
829 9
830 10
831 11
832 12
833 13
834 14
835 15
836 16
837 17
838 18
839 19
840 20
841 21
842 22
843 23
844 24
845 25
846 26
847 27
848 28
849 29
850 30
851 31
852 32
853 33
854 34
855 35
856 36
857 37
858 38
859 39
860 40
861 41
862 1
863 2
864 3
865 4
866 5
867 6
868 7
869 8
870 9
871 10
872 11
873 12
874 13
875 14
876 15
877 16
878 17
879 18
880 19
881 20
882 21
883 22
884 23
885 24
886 25
887 26
888 27
889 28
890 29
891 30
892 31
893 32
894 33
895 34
896 35
897 36
898 37
899 38
900 39
901 40
902 41
903 42
904 1
905 2
906 3
907 4
908 5
909 6
910 7
911 8
912 9
913 10
914 11
915 12
916 13
917 14
918 15
919 16
920 17
921 18
922 19
923 20
924 21
925 22
926 23
927 24
928 25
929 26
930 27
931 28
932 29
933 30
934 31
935 32
936 33
937 34
938 35
939 36
940 37
941 38
942 39
943 40
944 41
945 42
946 43
947 1
948 2
949 3
950 4
951 5
952 6
953 7
954 8
955 9
956 10
957 11
958 12
959 13
960 14
961 15
962 16
963 17
964 18
965 19
966 20
967 21
968 22
969 23
970 24
971 25
972 26
973 27
974 28
975 29
976 30
977 31
978 32
979 33
980 34
981 35
982 36
983 37
984 38
985 39
986 40
987 41
988 42
989 43
990 44
991 1
992 2
993 3
994 4
995 5
996 6
997 7
998 8
999 9
1000 10
1001 11
1002 12
1003 13
1004 14
1005 15
1006 16
1007 17
1008 18
1009 19
1010 20
1011 21
1012 22
1013 23
1014 24
1015 25
1016 26
1017 27
1018 28
1019 29
1020 30
1021 31
1022 32
1023 33
1024 34
1025 35
1026 36
1027 37
1028 38
1029 39
1030 40
1031 41
1032 42
1033 43
1034 44
1035 45
1036 1
1037 2
1038 3
1039 4
1040 5
1041 6
1042 7
1043 8
1044 9
1045 10
1046 11
1047 12
1048 13
1049 14
1050 15
1051 16
1052 17
1053 18
1054 19
1055 20
1056 21
1057 22
1058 23
1059 24
1060 25
1061 26
1062 27
1063 28
1064 29
1065 30
1066 31
1067 32
1068 33
1069 34
1070 35
1071 36
1072 37
1073 38
1074 39
1075 40
1076 41
1077 42
1078 43
1079 44
1080 45
1081 46
1082 1
1083 2
1084 3
1085 4
1086 5
1087 6
1088 7
1089 8
1090 9
1091 10
1092 11
1093 12
1094 13
1095 14
1096 15
1097 16
1098 17
1099 18
1100 19
1101 20
1102 21
1103 22
1104 23
1105 24
1106 25
1107 26
1108 27
1109 28
1110 29
1111 30
1112 31
1113 32
1114 33
1115 34
1116 35
1117 36
1118 37
1119 38
1120 39
1121 40
1122 41
1123 42
1124 43
1125 44
1126 45
1127 46
1128 47
1129 1
1130 2
1131 3
1132 4
1133 5
1134 6
1135 7
1136 8
1137 9
1138 10
1139 11
1140 12
1141 13
1142 14
1143 15
1144 16
1145 17
1146 18
1147 19
1148 20
1149 21
1150 22
1151 23
1152 24
1153 25
1154 26
1155 27
1156 28
1157 29
1158 30
1159 31
1160 32
1161 33
1162 34
1163 35
1164 36
1165 37
1166 38
1167 39
1168 40
1169 41
1170 42
1171 43
1172 44
1173 45
1174 46
1175 47
1176 48
1177 1
1178 2
1179 3
1180 4
1181 5
1182 6
1183 7
1184 8
1185 9
1186 10
1187 11
1188 12
1189 13
1190 14
1191 15
1192 16
1193 17
1194 18
1195 19
1196 20
1197 21
1198 22
1199 23
1200 24
1201 25
1202 26
1203 27
1204 28
1205 29
1206 30
1207 31
1208 32
1209 33
1210 34
1211 35
1212 36
1213 37
1214 38
1215 39
1216 40
1217 41
1218 42
1219 43
1220 44
1221 45
1222 46
1223 47
1224 48
1225 49
1226 1
1227 2
1228 3
1229 4
1230 5
1231 6
1232 7
1233 8
1234 9
1235 10
1236 11
1237 12
1238 13
1239 14
1240 15
1241 16
1242 17
1243 18
1244 19
1245 20
1246 21
1247 22
1248 23
1249 24
1250 25
1251 26
1252 27
1253 28
1254 29
1255 30
1256 31
1257 32
1258 33
1259 34
1260 35
1261 36
1262 37
1263 38
1264 39
1265 40
1266 41
1267 42
1268 43
1269 44
1270 45
1271 46
1272 47
1273 48
1274 49
1275 50
1276 1
1277 2
1278 3
1279 4
1280 5
1281 6
1282 7
1283 8
1284 9
1285 10
1286 11
1287 12
1288 13
1289 14
1290 15
1291 16
1292 17
1293 18
1294 19
1295 20
1296 21
1297 22
1298 23
1299 24
1300 25
1301 26
1302 27
1303 28
1304 29
1305 30
1306 31
1307 32
1308 33
1309 34
1310 35
1311 36
1312 37
1313 38
1314 39
1315 40
1316 41
1317 42
1318 43
1319 44
1320 45
1321 46
1322 47
1323 48
1324 49
1325 50
1326 51
1327 1
1328 2
1329 3
1330 4
1331 5
1332 6
1333 7
1334 8
1335 9
1336 10
1337 11
1338 12
1339 13
1340 14
1341 15
1342 16
1343 17
1344 18
1345 19
1346 20
1347 21
1348 22
1349 23
1350 24
1351 25
1352 26
1353 27
1354 28
1355 29
1356 30
1357 31
1358 32
1359 33
1360 34
1361 35
1362 36
1363 37
1364 38
1365 39
1366 40
1367 41
1368 42
1369 43
1370 44
1371 45
1372 46
1373 47
1374 48
1375 49
1376 50
1377 51
1378 52
1379 1
1380 2
1381 3
1382 4
1383 5
1384 6
1385 7
1386 8
1387 9
1388 10
1389 11
1390 12
1391 13
1392 14
1393 15
1394 16
1395 17
1396 18
1397 19
1398 20
1399 21
1400 22
1401 23
1402 24
1403 25
1404 26
1405 27
1406 28
1407 29
1408 30
1409 31
1410 32
1411 33
1412 34
1413 35
1414 36
1415 37
1416 38
1417 39
1418 40
1419 41
1420 42
1421 43
1422 44
1423 45
1424 46
1425 47
1426 48
1427 49
1428 50
1429 51
1430 52
1431 53
1432 1
1433 2
1434 3
1435 4
1436 5
1437 6
1438 7
1439 8
1440 9
1441 10
1442 11
1443 12
1444 13
1445 14
1446 15
1447 16
1448 17
1449 18
1450 19
1451 20
1452 21
1453 22
1454 23
1455 24
1456 25
1457 26
1458 27
1459 28
1460 29
1461 30
1462 31
1463 32
1464 33
1465 34
1466 35
1467 36
1468 37
1469 38
1470 39
1471 40
1472 41
1473 42
1474 43
1475 44
1476 45
1477 46
1478 47
1479 48
1480 49
1481 50
1482 51
1483 52
1484 53
1485 54
1486 1
1487 2
1488 3
1489 4
1490 5
1491 6
1492 7
1493 8
1494 9
1495 10
1496 11
1497 12
1498 13
1499 14
1500 15
1501 16
1502 17
1503 18
1504 19
1505 20
1506 21
1507 22
1508 23
1509 24
1510 25
1511 26
1512 27
1513 28
1514 29
1515 30
1516 31
1517 32
1518 33
1519 34
1520 35
1521 36
1522 37
1523 38
1524 39
1525 40
1526 41
1527 42
1528 43
1529 44
1530 45
1531 46
1532 47
1533 48
1534 49
1535 50
1536 51
1537 52
1538 53
1539 54
1540 55
1541 1
1542 2
1543 3
1544 4
1545 5
1546 6
1547 7
1548 8
1549 9
1550 10
1551 11
1552 12
1553 13
1554 14
1555 15
1556 16
1557 17
1558 18
1559 19
1560 20
1561 21
1562 22
1563 23
1564 24
1565 25
1566 26
1567 27
1568 28
1569 29
1570 30
1571 31
1572 32
1573 33
1574 34
1575 35
1576 36
1577 37
1578 38
1579 39
1580 40
1581 41
1582 42
1583 43
1584 44
1585 45
1586 46
1587 47
1588 48
1589 49
1590 50
1591 51
1592 52
1593 53
1594 54
1595 55
1596 56
1597 1
1598 2
1599 3
1600 4
1601 5
1602 6
1603 7
1604 8
1605 9
1606 10
1607 11
1608 12
1609 13
1610 14
1611 15
1612 16
1613 17
1614 18
1615 19
1616 20
1617 21
1618 22
1619 23
1620 24
1621 25
1622 26
1623 27
1624 28
1625 29
1626 30
1627 31
1628 32
1629 33
1630 34
1631 35
1632 36
1633 37
1634 38
1635 39
1636 40
1637 41
1638 42
1639 43
1640 44
1641 45
1642 46
1643 47
1644 48
1645 49
1646 50
1647 51
1648 52
1649 53
1650 54
1651 55
1652 56
1653 57
1654 1
1655 2
1656 3
1657 4
1658 5
1659 6
1660 7
1661 8
1662 9
1663 10
1664 11
1665 12
1666 13
1667 14
1668 15
1669 16
1670 17
1671 18
1672 19
1673 20
1674 21
1675 22
1676 23
1677 24
1678 25
1679 26
1680 27
1681 28
1682 29
1683 30
1684 31
1685 32
1686 33
1687 34
1688 35
1689 36
1690 37
1691 38
1692 39
1693 40
1694 41
1695 42
1696 43
1697 44
1698 45
1699 46
1700 47
1701 48
1702 49
1703 50
1704 51
1705 52
1706 53
1707 54
1708 55
1709 56
1710 57
1711 58
1712 1
1713 2
1714 3
1715 4
1716 5
1717 6
1718 7
1719 8
1720 9
1721 10
1722 11
1723 12
1724 13
1725 14
1726 15
1727 16
1728 17
1729 18
1730 19
1731 20
1732 21
1733 22
1734 23
1735 24
1736 25
1737 26
1738 27
1739 28
1740 29
1741 30
1742 31
1743 32
1744 33
1745 34
1746 35
1747 36
1748 37
1749 38
1750 39
1751 40
1752 41
1753 42
1754 43
1755 44
1756 45
1757 46
1758 47
1759 48
1760 49
1761 50
1762 51
1763 52
1764 53
1765 54
1766 55
1767 56
1768 57
1769 58
1770 59
1771 1
1772 2
1773 3
1774 4
1775 5
1776 6
1777 7
1778 8
1779 9
1780 10
1781 11
1782 12
1783 13
1784 14
1785 15
1786 16
1787 17
1788 18
1789 19
1790 20
1791 21
1792 22
1793 23
1794 24
1795 25
1796 26
1797 27
1798 28
1799 29
1800 30
1801 31
1802 32
1803 33
1804 34
1805 35
1806 36
1807 37
1808 38
1809 39
1810 40
1811 41
1812 42
1813 43
1814 44
1815 45
1816 46
1817 47
1818 48
1819 49
1820 50
1821 51
1822 52
1823 53
1824 54
1825 55
1826 56
1827 57
1828 58
1829 59
1830 60
1831 1
1832 2
1833 3
1834 4
1835 5
1836 6
1837 7
1838 8
1839 9
1840 10
1841 11
1842 12
1843 13
1844 14
1845 15
1846 16
1847 17
1848 18
1849 19
1850 20
1851 21
1852 22
1853 23
1854 24
1855 25
1856 26
1857 27
1858 28
1859 29
1860 30
1861 31
1862 32
1863 33
1864 34
1865 35
1866 36
1867 37
1868 38
1869 39
1870 40
1871 41
1872 42
1873 43
1874 44
1875 45
1876 46
1877 47
1878 48
1879 49
1880 50
1881 51
1882 52
1883 53
1884 54
1885 55
1886 56
1887 57
1888 58
1889 59
1890 60
1891 61
1892 1
1893 2
1894 3
1895 4
1896 5
1897 6
1898 7
1899 8
1900 9
1901 10
1902 11
1903 12
1904 13
1905 14
1906 15
1907 16
1908 17
1909 18
1910 19
1911 20
1912 21
1913 22
1914 23
1915 24
1916 25
1917 26
1918 27
1919 28
1920 29
1921 30
1922 31
1923 32
1924 33
1925 34
1926 35
1927 36
1928 37
1929 38
1930 39
1931 40
1932 41
1933 42
1934 43
1935 44
1936 45
1937 46
1938 47
1939 48
1940 49
1941 50
1942 51
1943 52
1944 53
1945 54
1946 55
1947 56
1948 57
1949 58
1950 59
1951 60
1952 61
1953 62
1954 1
1955 2
1956 3
1957 4
1958 5
1959 6
1960 7
1961 8
1962 9
1963 10
1964 11
1965 12
1966 13
1967 14
1968 15
1969 16
1970 17
1971 18
1972 19
1973 20
1974 21
1975 22
1976 23
1977 24
1978 25
1979 26
1980 27
1981 28
1982 29
1983 30
1984 31
1985 32
1986 33
1987 34
1988 35
1989 36
1990 37
1991 38
1992 39
1993 40
1994 41
1995 42
1996 43
1997 44
1998 45
1999 46
2000 47
2001 48
2002 49
2003 50
2004 51
2005 52
2006 53
2007 54
2008 55
2009 56
2010 57
2011 58
2012 59
2013 60
2014 61
2015 62
2016 63
2017 1
2018 2
2019 3
2020 4
2021 5
2022 6
2023 7
2024 8
2025 9
2026 10
2027 11
2028 12
2029 13
2030 14
2031 15
2032 16
2033 17
2034 18
2035 19
2036 20
2037 21
2038 22
2039 23
2040 24
2041 25
2042 26
2043 27
2044 28
2045 29
2046 30
2047 31
2048 32
2049 33
2050 34
2051 35
2052 36
2053 37
2054 38
2055 39
2056 40
2057 41
2058 42
2059 43
2060 44
2061 45
2062 46
2063 47
2064 48
2065 49
2066 50
2067 51
2068 52
2069 53
2070 54
2071 55
2072 56
2073 57
2074 58
2075 59
2076 60
2077 61
2078 62
2079 63
2080 64
2081 1
2082 2
2083 3
2084 4
2085 5
2086 6
2087 7
2088 8
2089 9
2090 10
2091 11
2092 12
2093 13
2094 14
2095 15
2096 16
2097 17
2098 18
2099 19
2100 20
2101 21
2102 22
2103 23
2104 24
2105 25
2106 26
2107 27
2108 28
2109 29
2110 30
2111 31
2112 32
2113 33
2114 34
2115 35
2116 36
2117 37
2118 38
2119 39
2120 40
2121 41
2122 42
2123 43
2124 44
2125 45
2126 46
2127 47
2128 48
2129 49
2130 50
2131 51
2132 52
2133 53
2134 54
2135 55
2136 56
2137 57
2138 58
2139 59
2140 60
2141 61
2142 62
2143 63
2144 64
2145 65
2146 1
2147 2
2148 3
2149 4
2150 5
2151 6
2152 7
2153 8
2154 9
2155 10
2156 11
2157 12
2158 13
2159 14
2160 15
2161 16
2162 17
2163 18
2164 19
2165 20
2166 21
2167 22
2168 23
2169 24
2170 25
2171 26
2172 27
2173 28
2174 29
2175 30
2176 31
2177 32
2178 33
2179 34
2180 35
2181 36
2182 37
2183 38
2184 39
2185 40
2186 41
2187 42
2188 43
2189 44
2190 45
2191 46
2192 47
2193 48
2194 49
2195 50
2196 51
2197 52
2198 53
2199 54
2200 55
2201 56
2202 57
2203 58
2204 59
2205 60
2206 61
2207 62
2208 63
2209 64
2210 65
2211 66
2212 1
2213 2
2214 3
2215 4
2216 5
2217 6
2218 7
2219 8
2220 9
2221 10
2222 11
2223 12
2224 13
2225 14
2226 15
2227 16
2228 17
2229 18
2230 19
2231 20
2232 21
2233 22
2234 23
2235 24
2236 25
2237 26
2238 27
2239 28
2240 29
2241 30
2242 31
2243 32
2244 33
2245 34
2246 35
2247 36
2248 37
2249 38
2250 39
2251 40
2252 41
2253 42
2254 43
2255 44
2256 45
2257 46
2258 47
2259 48
2260 49
2261 50
2262 51
2263 52
2264 53
2265 54
2266 55
2267 56
2268 57
2269 58
2270 59
2271 60
2272 61
2273 62
2274 63
2275 64
2276 65
2277 66
2278 67
2279 1
2280 2
2281 3
2282 4
2283 5
2284 6
2285 7
2286 8
2287 9
2288 10
2289 11
2290 12
2291 13
2292 14
2293 15
2294 16
2295 17
2296 18
2297 19
2298 20
2299 21
2300 22
2301 23
2302 24
2303 25
2304 26
2305 27
2306 28
2307 29
2308 30
2309 31
2310 32
2311 33
2312 34
2313 35
2314 36
2315 37
2316 38
2317 39
2318 40
2319 41
2320 42
2321 43
2322 44
2323 45
2324 46
2325 47
2326 48
2327 49
2328 50
2329 51
2330 52
2331 53
2332 54
2333 55
2334 56
2335 57
2336 58
2337 59
2338 60
2339 61
2340 62
2341 63
2342 64
2343 65
2344 66
2345 67
2346 68
2347 1
2348 2
2349 3
2350 4
2351 5
2352 6
2353 7
2354 8
2355 9
2356 10
2357 11
2358 12
2359 13
2360 14
2361 15
2362 16
2363 17
2364 18
2365 19
2366 20
2367 21
2368 22
2369 23
2370 24
2371 25
2372 26
2373 27
2374 28
2375 29
2376 30
2377 31
2378 32
2379 33
2380 34
2381 35
2382 36
2383 37
2384 38
2385 39
2386 40
2387 41
2388 42
2389 43
2390 44
2391 45
2392 46
2393 47
2394 48
2395 49
2396 50
2397 51
2398 52
2399 53
2400 54
2401 55
2402 56
2403 57
2404 58
2405 59
2406 60
2407 61
2408 62
2409 63
2410 64
2411 65
2412 66
2413 67
2414 68
2415 69
2416 1
2417 2
2418 3
2419 4
2420 5
2421 6
2422 7
2423 8
2424 9
2425 10
2426 11
2427 12
2428 13
2429 14
2430 15
2431 16
2432 17
2433 18
2434 19
2435 20
2436 21
2437 22
2438 23
2439 24
2440 25
2441 26
2442 27
2443 28
2444 29
2445 30
2446 31
2447 32
2448 33
2449 34
2450 35
2451 36
2452 37
2453 38
2454 39
2455 40
2456 41
2457 42
2458 43
2459 44
2460 45
2461 46
2462 47
2463 48
2464 49
2465 50
2466 51
2467 52
2468 53
2469 54
2470 55
2471 56
2472 57
2473 58
2474 59
2475 60
2476 61
2477 62
2478 63
2479 64
2480 65
2481 66
2482 67
2483 68
2484 69
2485 70
2486 1
2487 2
2488 3
2489 4
2490 5
2491 6
2492 7
2493 8
2494 9
2495 10
2496 11
2497 12
2498 13
2499 14
2500 15
2501 16
2502 17
2503 18
2504 19
2505 20
2506 21
2507 22
2508 23
2509 24
2510 25
2511 26
2512 27
2513 28
2514 29
2515 30
2516 31
2517 32
2518 33
2519 34
2520 35
2521 36
2522 37
2523 38
2524 39
2525 40
2526 41
2527 42
2528 43
2529 44
2530 45
2531 46
2532 47
2533 48
2534 49
2535 50
2536 51
2537 52
2538 53
2539 54
2540 55
2541 56
2542 57
2543 58
2544 59
2545 60
2546 61
2547 62
2548 63
2549 64
2550 65
2551 66
2552 67
2553 68
2554 69
2555 70
2556 71
2557 1
2558 2
2559 3
2560 4
2561 5
2562 6
2563 7
2564 8
2565 9
2566 10
2567 11
2568 12
2569 13
2570 14
2571 15
2572 16
2573 17
2574 18
2575 19
2576 20
2577 21
2578 22
2579 23
2580 24
2581 25
2582 26
2583 27
2584 28
2585 29
2586 30
2587 31
2588 32
2589 33
2590 34
2591 35
2592 36
2593 37
2594 38
2595 39
2596 40
2597 41
2598 42
2599 43
2600 44
2601 45
2602 46
2603 47
2604 48
2605 49
2606 50
2607 51
2608 52
2609 53
2610 54
2611 55
2612 56
2613 57
2614 58
2615 59
2616 60
2617 61
2618 62
2619 63
2620 64
2621 65
2622 66
2623 67
2624 68
2625 69
2626 70
2627 71
2628 72
2629 1
2630 2
2631 3
2632 4
2633 5
2634 6
2635 7
2636 8
2637 9
2638 10
2639 11
2640 12
2641 13
2642 14
2643 15
2644 16
2645 17
2646 18
2647 19
2648 20
2649 21
2650 22
2651 23
2652 24
2653 25
2654 26
2655 27
2656 28
2657 29
2658 30
2659 31
2660 32
2661 33
2662 34
2663 35
2664 36
2665 37
2666 38
2667 39
2668 40
2669 41
2670 42
2671 43
2672 44
2673 45
2674 46
2675 47
2676 48
2677 49
2678 50
2679 51
2680 52
2681 53
2682 54
2683 55
2684 56
2685 57
2686 58
2687 59
2688 60
2689 61
2690 62
2691 63
2692 64
2693 65
2694 66
2695 67
2696 68
2697 69
2698 70
2699 71
2700 72
2701 73
2702 1
2703 2
2704 3
2705 4
2706 5
2707 6
2708 7
2709 8
2710 9
2711 10
2712 11
2713 12
2714 13
2715 14
2716 15
2717 16
2718 17
2719 18
2720 19
2721 20
2722 21
2723 22
2724 23
2725 24
2726 25
2727 26
2728 27
2729 28
2730 29
2731 30
2732 31
2733 32
2734 33
2735 34
2736 35
2737 36
2738 37
2739 38
2740 39
2741 40
2742 41
2743 42
2744 43
2745 44
2746 45
2747 46
2748 47
2749 48
2750 49
2751 50
2752 51
2753 52
2754 53
2755 54
2756 55
2757 56
2758 57
2759 58
2760 59
2761 60
2762 61
2763 62
2764 63
2765 64
2766 65
2767 66
2768 67
2769 68
2770 69
2771 70
2772 71
2773 72
2774 73
2775 74
2776 1
2777 2
2778 3
2779 4
2780 5
2781 6
2782 7
2783 8
2784 9
2785 10
2786 11
2787 12
2788 13
2789 14
2790 15
2791 16
2792 17
2793 18
2794 19
2795 20
2796 21
2797 22
2798 23
2799 24
2800 25
2801 26
2802 27
2803 28
2804 29
2805 30
2806 31
2807 32
2808 33
2809 34
2810 35
2811 36
2812 37
2813 38
2814 39
2815 40
2816 41
2817 42
2818 43
2819 44
2820 45
2821 46
2822 47
2823 48
2824 49
2825 50
2826 51
2827 52
2828 53
2829 54
2830 55
2831 56
2832 57
2833 58
2834 59
2835 60
2836 61
2837 62
2838 63
2839 64
2840 65
2841 66
2842 67
2843 68
2844 69
2845 70
2846 71
2847 72
2848 73
2849 74
2850 75
2851 1
2852 2
2853 3
2854 4
2855 5
2856 6
2857 7
2858 8
2859 9
2860 10
2861 11
2862 12
2863 13
2864 14
2865 15
2866 16
2867 17
2868 18
2869 19
2870 20
2871 21
2872 22
2873 23
2874 24
2875 25
2876 26
2877 27
2878 28
2879 29
2880 30
2881 31
2882 32
2883 33
2884 34
2885 35
2886 36
2887 37
2888 38
2889 39
2890 40
2891 41
2892 42
2893 43
2894 44
2895 45
2896 46
2897 47
2898 48
2899 49
2900 50
2901 51
2902 52
2903 53
2904 54
2905 55
2906 56
2907 57
2908 58
2909 59
2910 60
2911 61
2912 62
2913 63
2914 64
2915 65
2916 66
2917 67
2918 68
2919 69
2920 70
2921 71
2922 72
2923 73
2924 74
2925 75
2926 76
2927 1
2928 2
2929 3
2930 4
2931 5
2932 6
2933 7
2934 8
2935 9
2936 10
2937 11
2938 12
2939 13
2940 14
2941 15
2942 16
2943 17
2944 18
2945 19
2946 20
2947 21
2948 22
2949 23
2950 24
2951 25
2952 26
2953 27
2954 28
2955 29
2956 30
2957 31
2958 32
2959 33
2960 34
2961 35
2962 36
2963 37
2964 38
2965 39
2966 40
2967 41
2968 42
2969 43
2970 44
2971 45
2972 46
2973 47
2974 48
2975 49
2976 50
2977 51
2978 52
2979 53
2980 54
2981 55
2982 56
2983 57
2984 58
2985 59
2986 60
2987 61
2988 62
2989 63
2990 64
2991 65
2992 66
2993 67
2994 68
2995 69
2996 70
2997 71
2998 72
2999 73
3000 74
3001 75
3002 76
3003 77
3004 1
3005 2
3006 3
3007 4
3008 5
3009 6
3010 7
3011 8
3012 9
3013 10
3014 11
3015 12
3016 13
3017 14
3018 15
3019 16
3020 17
3021 18
3022 19
3023 20
3024 21
3025 22
3026 23
3027 24
3028 25
3029 26
3030 27
3031 28
3032 29
3033 30
3034 31
3035 32
3036 33
3037 34
3038 35
3039 36
3040 37
3041 38
3042 39
3043 40
3044 41
3045 42
3046 43
3047 44
3048 45
3049 46
3050 47
3051 48
3052 49
3053 50
3054 51
3055 52
3056 53
3057 54
3058 55
3059 56
3060 57
3061 58
3062 59
3063 60
3064 61
3065 62
3066 63
3067 64
3068 65
3069 66
3070 67
3071 68
3072 69
3073 70
3074 71
3075 72
3076 73
3077 74
3078 75
3079 76
3080 77
3081 78
3082 1
3083 2
3084 3
3085 4
3086 5
3087 6
3088 7
3089 8
3090 9
3091 10
3092 11
3093 12
3094 13
3095 14
3096 15
3097 16
3098 17
3099 18
3100 19
3101 20
3102 21
3103 22
3104 23
3105 24
3106 25
3107 26
3108 27
3109 28
3110 29
3111 30
3112 31
3113 32
3114 33
3115 34
3116 35
3117 36
3118 37
3119 38
3120 39
3121 40
3122 41
3123 42
3124 43
3125 44
3126 45
3127 46
3128 47
3129 48
3130 49
3131 50
3132 51
3133 52
3134 53
3135 54
3136 55
3137 56
3138 57
3139 58
3140 59
3141 60
3142 61
3143 62
3144 63
3145 64
3146 65
3147 66
3148 67
3149 68
3150 69
3151 70
3152 71
3153 72
3154 73
3155 74
3156 75
3157 76
3158 77
3159 78
3160 79
3161 1
3162 2
3163 3
3164 4
3165 5
3166 6
3167 7
3168 8
3169 9
3170 10
3171 11
3172 12
3173 13
3174 14
3175 15
3176 16
3177 17
3178 18
3179 19
3180 20
3181 21
3182 22
3183 23
3184 24
3185 25
3186 26
3187 27
3188 28
3189 29
3190 30
3191 31
3192 32
3193 33
3194 34
3195 35
3196 36
3197 37
3198 38
3199 39
3200 40
3201 41
3202 42
3203 43
3204 44
3205 45
3206 46
3207 47
3208 48
3209 49
3210 50
3211 51
3212 52
3213 53
3214 54
3215 55
3216 56
3217 57
3218 58
3219 59
3220 60
3221 61
3222 62
3223 63
3224 64
3225 65
3226 66
3227 67
3228 68
3229 69
3230 70
3231 71
3232 72
3233 73
3234 74
3235 75
3236 76
3237 77
3238 78
3239 79
3240 80
3241 1
3242 2
3243 3
3244 4
3245 5
3246 6
3247 7
3248 8
3249 9
3250 10
3251 11
3252 12
3253 13
3254 14
3255 15
3256 16
3257 17
3258 18
3259 19
3260 20
3261 21
3262 22
3263 23
3264 24
3265 25
3266 26
3267 27
3268 28
3269 29
3270 30
3271 31
3272 32
3273 33
3274 34
3275 35
3276 36
3277 37
3278 38
3279 39
3280 40
3281 41
3282 42
3283 43
3284 44
3285 45
3286 46
3287 47
3288 48
3289 49
3290 50
3291 51
3292 52
3293 53
3294 54
3295 55
3296 56
3297 57
3298 58
3299 59
3300 60
3301 61
3302 62
3303 63
3304 64
3305 65
3306 66
3307 67
3308 68
3309 69
3310 70
3311 71
3312 72
3313 73
3314 74
3315 75
3316 76
3317 77
3318 78
3319 79
3320 80
3321 81
3322 1
3323 2
3324 3
3325 4
3326 5
3327 6
3328 7
3329 8
3330 9
3331 10
3332 11
3333 12
3334 13
3335 14
3336 15
3337 16
3338 17
3339 18
3340 19
3341 20
3342 21
3343 22
3344 23
3345 24
3346 25
3347 26
3348 27
3349 28
3350 29
3351 30
3352 31
3353 32
3354 33
3355 34
3356 35
3357 36
3358 37
3359 38
3360 39
3361 40
3362 41
3363 42
3364 43
3365 44
3366 45
3367 46
3368 47
3369 48
3370 49
3371 50
3372 51
3373 52
3374 53
3375 54
3376 55
3377 56
3378 57
3379 58
3380 59
3381 60
3382 61
3383 62
3384 63
3385 64
3386 65
3387 66
3388 67
3389 68
3390 69
3391 70
3392 71
3393 72
3394 73
3395 74
3396 75
3397 76
3398 77
3399 78
3400 79
3401 80
3402 81
3403 82
3404 1
3405 2
3406 3
3407 4
3408 5
3409 6
3410 7
3411 8
3412 9
3413 10
3414 11
3415 12
3416 13
3417 14
3418 15
3419 16
3420 17
3421 18
3422 19
3423 20
3424 21
3425 22
3426 23
3427 24
3428 25
3429 26
3430 27
3431 28
3432 29
3433 30
3434 31
3435 32
3436 33
3437 34
3438 35
3439 36
3440 37
3441 38
3442 39
3443 40
3444 41
3445 42
3446 43
3447 44
3448 45
3449 46
3450 47
3451 48
3452 49
3453 50
3454 51
3455 52
3456 53
3457 54
3458 55
3459 56
3460 57
3461 58
3462 59
3463 60
3464 61
3465 62
3466 63
3467 64
3468 65
3469 66
3470 67
3471 68
3472 69
3473 70
3474 71
3475 72
3476 73
3477 74
3478 75
3479 76
3480 77
3481 78
3482 79
3483 80
3484 81
3485 82
3486 83
3487 1
3488 2
3489 3
3490 4
3491 5
3492 6
3493 7
3494 8
3495 9
3496 10
3497 11
3498 12
3499 13
3500 14
3501 15
3502 16
3503 17
3504 18
3505 19
3506 20
3507 21
3508 22
3509 23
3510 24
3511 25
3512 26
3513 27
3514 28
3515 29
3516 30
3517 31
3518 32
3519 33
3520 34
3521 35
3522 36
3523 37
3524 38
3525 39
3526 40
3527 41
3528 42
3529 43
3530 44
3531 45
3532 46
3533 47
3534 48
3535 49
3536 50
3537 51
3538 52
3539 53
3540 54
3541 55
3542 56
3543 57
3544 58
3545 59
3546 60
3547 61
3548 62
3549 63
3550 64
3551 65
3552 66
3553 67
3554 68
3555 69
3556 70
3557 71
3558 72
3559 73
3560 74
3561 75
3562 76
3563 77
3564 78
3565 79
3566 80
3567 81
3568 82
3569 83
3570 84
3571 1
3572 2
3573 3
3574 4
3575 5
3576 6
3577 7
3578 8
3579 9
3580 10
3581 11
3582 12
3583 13
3584 14
3585 15
3586 16
3587 17
3588 18
3589 19
3590 20
3591 21
3592 22
3593 23
3594 24
3595 25
3596 26
3597 27
3598 28
3599 29
3600 30
3601 31
3602 32
3603 33
3604 34
3605 35
3606 36
3607 37
3608 38
3609 39
3610 40
3611 41
3612 42
3613 43
3614 44
3615 45
3616 46
3617 47
3618 48
3619 49
3620 50
3621 51
3622 52
3623 53
3624 54
3625 55
3626 56
3627 57
3628 58
3629 59
3630 60
3631 61
3632 62
3633 63
3634 64
3635 65
3636 66
3637 67
3638 68
3639 69
3640 70
3641 71
3642 72
3643 73
3644 74
3645 75
3646 76
3647 77
3648 78
3649 79
3650 80
3651 81
3652 82
3653 83
3654 84
3655 85
3656 1
3657 2
3658 3
3659 4
3660 5
3661 6
3662 7
3663 8
3664 9
3665 10
3666 11
3667 12
3668 13
3669 14
3670 15
3671 16
3672 17
3673 18
3674 19
3675 20
3676 21
3677 22
3678 23
3679 24
3680 25
3681 26
3682 27
3683 28
3684 29
3685 30
3686 31
3687 32
3688 33
3689 34
3690 35
3691 36
3692 37
3693 38
3694 39
3695 40
3696 41
3697 42
3698 43
3699 44
3700 45
3701 46
3702 47
3703 48
3704 49
3705 50
3706 51
3707 52
3708 53
3709 54
3710 55
3711 56
3712 57
3713 58
3714 59
3715 60
3716 61
3717 62
3718 63
3719 64
3720 65
3721 66
3722 67
3723 68
3724 69
3725 70
3726 71
3727 72
3728 73
3729 74
3730 75
3731 76
3732 77
3733 78
3734 79
3735 80
3736 81
3737 82
3738 83
3739 84
3740 85
3741 86
3742 1
3743 2
3744 3
3745 4
3746 5
3747 6
3748 7
3749 8
3750 9
3751 10
3752 11
3753 12
3754 13
3755 14
3756 15
3757 16
3758 17
3759 18
3760 19
3761 20
3762 21
3763 22
3764 23
3765 24
3766 25
3767 26
3768 27
3769 28
3770 29
3771 30
3772 31
3773 32
3774 33
3775 34
3776 35
3777 36
3778 37
3779 38
3780 39
3781 40
3782 41
3783 42
3784 43
3785 44
3786 45
3787 46
3788 47
3789 48
3790 49
3791 50
3792 51
3793 52
3794 53
3795 54
3796 55
3797 56
3798 57
3799 58
3800 59
3801 60
3802 61
3803 62
3804 63
3805 64
3806 65
3807 66
3808 67
3809 68
3810 69
3811 70
3812 71
3813 72
3814 73
3815 74
3816 75
3817 76
3818 77
3819 78
3820 79
3821 80
3822 81
3823 82
3824 83
3825 84
3826 85
3827 86
3828 87
3829 1
3830 2
3831 3
3832 4
3833 5
3834 6
3835 7
3836 8
3837 9
3838 10
3839 11
3840 12
3841 13
3842 14
3843 15
3844 16
3845 17
3846 18
3847 19
3848 20
3849 21
3850 22
3851 23
3852 24
3853 25
3854 26
3855 27
3856 28
3857 29
3858 30
3859 31
3860 32
3861 33
3862 34
3863 35
3864 36
3865 37
3866 38
3867 39
3868 40
3869 41
3870 42
3871 43
3872 44
3873 45
3874 46
3875 47
3876 48
3877 49
3878 50
3879 51
3880 52
3881 53
3882 54
3883 55
3884 56
3885 57
3886 58
3887 59
3888 60
3889 61
3890 62
3891 63
3892 64
3893 65
3894 66
3895 67
3896 68
3897 69
3898 70
3899 71
3900 72
3901 73
3902 74
3903 75
3904 76
3905 77
3906 78
3907 79
3908 80
3909 81
3910 82
3911 83
3912 84
3913 85
3914 86
3915 87
3916 88
3917 1
3918 2
3919 3
3920 4
3921 5
3922 6
3923 7
3924 8
3925 9
3926 10
3927 11
3928 12
3929 13
3930 14
3931 15
3932 16
3933 17
3934 18
3935 19
3936 20
3937 21
3938 22
3939 23
3940 24
3941 25
3942 26
3943 27
3944 28
3945 29
3946 30
3947 31
3948 32
3949 33
3950 34
3951 35
3952 36
3953 37
3954 38
3955 39
3956 40
3957 41
3958 42
3959 43
3960 44
3961 45
3962 46
3963 47
3964 48
3965 49
3966 50
3967 51
3968 52
3969 53
3970 54
3971 55
3972 56
3973 57
3974 58
3975 59
3976 60
3977 61
3978 62
3979 63
3980 64
3981 65
3982 66
3983 67
3984 68
3985 69
3986 70
3987 71
3988 72
3989 73
3990 74
3991 75
3992 76
3993 77
3994 78
3995 79
3996 80
3997 81
3998 82
3999 83
4000 84
4001 85
4002 86
4003 87
4004 88
4005 89
4006 1
4007 2
4008 3
4009 4
4010 5
4011 6
4012 7
4013 8
4014 9
4015 10
4016 11
4017 12
4018 13
4019 14
4020 15
4021 16
4022 17
4023 18
4024 19
4025 20
4026 21
4027 22
4028 23
4029 24
4030 25
4031 26
4032 27
4033 28
4034 29
4035 30
4036 31
4037 32
4038 33
4039 34
4040 35
4041 36
4042 37
4043 38
4044 39
4045 40
4046 41
4047 42
4048 43
4049 44
4050 45
4051 46
4052 47
4053 48
4054 49
4055 50
4056 51
4057 52
4058 53
4059 54
4060 55
4061 56
4062 57
4063 58
4064 59
4065 60
4066 61
4067 62
4068 63
4069 64
4070 65
4071 66
4072 67
4073 68
4074 69
4075 70
4076 71
4077 72
4078 73
4079 74
4080 75
4081 76
4082 77
4083 78
4084 79
4085 80
4086 81
4087 82
4088 83
4089 84
4090 85
4091 86
4092 87
4093 88
4094 89
4095 90
4096 1
4097 2
4098 3
4099 4
4100 5
4101 6
4102 7
4103 8
4104 9
4105 10
4106 11
4107 12
4108 13
4109 14
4110 15
4111 16
4112 17
4113 18
4114 19
4115 20
4116 21
4117 22
4118 23
4119 24
4120 25
4121 26
4122 27
4123 28
4124 29
4125 30
4126 31
4127 32
4128 33
4129 34
4130 35
4131 36
4132 37
4133 38
4134 39
4135 40
4136 41
4137 42
4138 43
4139 44
4140 45
4141 46
4142 47
4143 48
4144 49
4145 50
4146 51
4147 52
4148 53
4149 54
4150 55
4151 56
4152 57
4153 58
4154 59
4155 60
4156 61
4157 62
4158 63
4159 64
4160 65
4161 66
4162 67
4163 68
4164 69
4165 70
4166 71
4167 72
4168 73
4169 74
4170 75
4171 76
4172 77
4173 78
4174 79
4175 80
4176 81
4177 82
4178 83
4179 84
4180 85
4181 86
4182 87
4183 88
4184 89
4185 90
4186 91
4187 1
4188 2
4189 3
4190 4
4191 5
4192 6
4193 7
4194 8
4195 9
4196 10
4197 11
4198 12
4199 13
4200 14
4201 15
4202 16
4203 17
4204 18
4205 19
4206 20
4207 21
4208 22
4209 23
4210 24
4211 25
4212 26
4213 27
4214 28
4215 29
4216 30
4217 31
4218 32
4219 33
4220 34
4221 35
4222 36
4223 37
4224 38
4225 39
4226 40
4227 41
4228 42
4229 43
4230 44
4231 45
4232 46
4233 47
4234 48
4235 49
4236 50
4237 51
4238 52
4239 53
4240 54
4241 55
4242 56
4243 57
4244 58
4245 59
4246 60
4247 61
4248 62
4249 63
4250 64
4251 65
4252 66
4253 67
4254 68
4255 69
4256 70
4257 71
4258 72
4259 73
4260 74
4261 75
4262 76
4263 77
4264 78
4265 79
4266 80
4267 81
4268 82
4269 83
4270 84
4271 85
4272 86
4273 87
4274 88
4275 89
4276 90
4277 91
4278 92
4279 1
4280 2
4281 3
4282 4
4283 5
4284 6
4285 7
4286 8
4287 9
4288 10
4289 11
4290 12
4291 13
4292 14
4293 15
4294 16
4295 17
4296 18
4297 19
4298 20
4299 21
4300 22
4301 23
4302 24
4303 25
4304 26
4305 27
4306 28
4307 29
4308 30
4309 31
4310 32
4311 33
4312 34
4313 35
4314 36
4315 37
4316 38
4317 39
4318 40
4319 41
4320 42
4321 43
4322 44
4323 45
4324 46
4325 47
4326 48
4327 49
4328 50
4329 51
4330 52
4331 53
4332 54
4333 55
4334 56
4335 57
4336 58
4337 59
4338 60
4339 61
4340 62
4341 63
4342 64
4343 65
4344 66
4345 67
4346 68
4347 69
4348 70
4349 71
4350 72
4351 73
4352 74
4353 75
4354 76
4355 77
4356 78
4357 79
4358 80
4359 81
4360 82
4361 83
4362 84
4363 85
4364 86
4365 87
4366 88
4367 89
4368 90
4369 91
4370 92
4371 93
4372 1
4373 2
4374 3
4375 4
4376 5
4377 6
4378 7
4379 8
4380 9
4381 10
4382 11
4383 12
4384 13
4385 14
4386 15
4387 16
4388 17
4389 18
4390 19
4391 20
4392 21
4393 22
4394 23
4395 24
4396 25
4397 26
4398 27
4399 28
4400 29
4401 30
4402 31
4403 32
4404 33
4405 34
4406 35
4407 36
4408 37
4409 38
4410 39
4411 40
4412 41
4413 42
4414 43
4415 44
4416 45
4417 46
4418 47
4419 48
4420 49
4421 50
4422 51
4423 52
4424 53
4425 54
4426 55
4427 56
4428 57
4429 58
4430 59
4431 60
4432 61
4433 62
4434 63
4435 64
4436 65
4437 66
4438 67
4439 68
4440 69
4441 70
4442 71
4443 72
4444 73
4445 74
4446 75
4447 76
4448 77
4449 78
4450 79
4451 80
4452 81
4453 82
4454 83
4455 84
4456 85
4457 86
4458 87
4459 88
4460 89
4461 90
4462 91
4463 92
4464 93
4465 94
4466 1
4467 2
4468 3
4469 4
4470 5
4471 6
4472 7
4473 8
4474 9
4475 10
4476 11
4477 12
4478 13
4479 14
4480 15
4481 16
4482 17
4483 18
4484 19
4485 20
4486 21
4487 22
4488 23
4489 24
4490 25
4491 26
4492 27
4493 28
4494 29
4495 30
4496 31
4497 32
4498 33
4499 34
4500 35
4501 36
4502 37
4503 38
4504 39
4505 40
4506 41
4507 42
4508 43
4509 44
4510 45
4511 46
4512 47
4513 48
4514 49
4515 50
4516 51
4517 52
4518 53
4519 54
4520 55
4521 56
4522 57
4523 58
4524 59
4525 60
4526 61
4527 62
4528 63
4529 64
4530 65
4531 66
4532 67
4533 68
4534 69
4535 70
4536 71
4537 72
4538 73
4539 74
4540 75
4541 76
4542 77
4543 78
4544 79
4545 80
4546 81
4547 82
4548 83
4549 84
4550 85
4551 86
4552 87
4553 88
4554 89
4555 90
4556 91
4557 92
4558 93
4559 94
4560 95
4561 1
4562 2
4563 3
4564 4
4565 5
4566 6
4567 7
4568 8
4569 9
4570 10
4571 11
4572 12
4573 13
4574 14
4575 15
4576 16
4577 17
4578 18
4579 19
4580 20
4581 21
4582 22
4583 23
4584 24
4585 25
4586 26
4587 27
4588 28
4589 29
4590 30
4591 31
4592 32
4593 33
4594 34
4595 35
4596 36
4597 37
4598 38
4599 39
4600 40
4601 41
4602 42
4603 43
4604 44
4605 45
4606 46
4607 47
4608 48
4609 49
4610 50
4611 51
4612 52
4613 53
4614 54
4615 55
4616 56
4617 57
4618 58
4619 59
4620 60
4621 61
4622 62
4623 63
4624 64
4625 65
4626 66
4627 67
4628 68
4629 69
4630 70
4631 71
4632 72
4633 73
4634 74
4635 75
4636 76
4637 77
4638 78
4639 79
4640 80
4641 81
4642 82
4643 83
4644 84
4645 85
4646 86
4647 87
4648 88
4649 89
4650 90
4651 91
4652 92
4653 93
4654 94
4655 95
4656 96
4657 1
4658 2
4659 3
4660 4
4661 5
4662 6
4663 7
4664 8
4665 9
4666 10
4667 11
4668 12
4669 13
4670 14
4671 15
4672 16
4673 17
4674 18
4675 19
4676 20
4677 21
4678 22
4679 23
4680 24
4681 25
4682 26
4683 27
4684 28
4685 29
4686 30
4687 31
4688 32
4689 33
4690 34
4691 35
4692 36
4693 37
4694 38
4695 39
4696 40
4697 41
4698 42
4699 43
4700 44
4701 45
4702 46
4703 47
4704 48
4705 49
4706 50
4707 51
4708 52
4709 53
4710 54
4711 55
4712 56
4713 57
4714 58
4715 59
4716 60
4717 61
4718 62
4719 63
4720 64
4721 65
4722 66
4723 67
4724 68
4725 69
4726 70
4727 71
4728 72
4729 73
4730 74
4731 75
4732 76
4733 77
4734 78
4735 79
4736 80
4737 81
4738 82
4739 83
4740 84
4741 85
4742 86
4743 87
4744 88
4745 89
4746 90
4747 91
4748 92
4749 93
4750 94
4751 95
4752 96
4753 97
4754 1
4755 2
4756 3
4757 4
4758 5
4759 6
4760 7
4761 8
4762 9
4763 10
4764 11
4765 12
4766 13
4767 14
4768 15
4769 16
4770 17
4771 18
4772 19
4773 20
4774 21
4775 22
4776 23
4777 24
4778 25
4779 26
4780 27
4781 28
4782 29
4783 30
4784 31
4785 32
4786 33
4787 34
4788 35
4789 36
4790 37
4791 38
4792 39
4793 40
4794 41
4795 42
4796 43
4797 44
4798 45
4799 46
4800 47
4801 48
4802 49
4803 50
4804 51
4805 52
4806 53
4807 54
4808 55
4809 56
4810 57
4811 58
4812 59
4813 60
4814 61
4815 62
4816 63
4817 64
4818 65
4819 66
4820 67
4821 68
4822 69
4823 70
4824 71
4825 72
4826 73
4827 74
4828 75
4829 76
4830 77
4831 78
4832 79
4833 80
4834 81
4835 82
4836 83
4837 84
4838 85
4839 86
4840 87
4841 88
4842 89
4843 90
4844 91
4845 92
4846 93
4847 94
4848 95
4849 96
4850 97
4851 98
4852 1
4853 2
4854 3
4855 4
4856 5
4857 6
4858 7
4859 8
4860 9
4861 10
4862 11
4863 12
4864 13
4865 14
4866 15
4867 16
4868 17
4869 18
4870 19
4871 20
4872 21
4873 22
4874 23
4875 24
4876 25
4877 26
4878 27
4879 28
4880 29
4881 30
4882 31
4883 32
4884 33
4885 34
4886 35
4887 36
4888 37
4889 38
4890 39
4891 40
4892 41
4893 42
4894 43
4895 44
4896 45
4897 46
4898 47
4899 48
4900 49
4901 50
4902 51
4903 52
4904 53
4905 54
4906 55
4907 56
4908 57
4909 58
4910 59
4911 60
4912 61
4913 62
4914 63
4915 64
4916 65
4917 66
4918 67
4919 68
4920 69
4921 70
4922 71
4923 72
4924 73
4925 74
4926 75
4927 76
4928 77
4929 78
4930 79
4931 80
4932 81
4933 82
4934 83
4935 84
4936 85
4937 86
4938 87
4939 88
4940 89
4941 90
4942 91
4943 92
4944 93
4945 94
4946 95
4947 96
4948 97
4949 98
4950 99
4951 1
4952 2
4953 3
4954 4
4955 5
4956 6
4957 7
4958 8
4959 9
4960 10
4961 11
4962 12
4963 13
4964 14
4965 15
4966 16
4967 17
4968 18
4969 19
4970 20
4971 21
4972 22
4973 23
4974 24
4975 25
4976 26
4977 27
4978 28
4979 29
4980 30
4981 31
4982 32
4983 33
4984 34
4985 35
4986 36
4987 37
4988 38
4989 39
4990 40
4991 41
4992 42
4993 43
4994 44
4995 45
4996 46
4997 47
4998 48
4999 49
5000 50
5001 51
5002 52
5003 53
5004 54
5005 55
5006 56
5007 57
5008 58
5009 59
5010 60
5011 61
5012 62
5013 63
5014 64
5015 65
5016 66
5017 67
5018 68
5019 69
5020 70
5021 71
5022 72
5023 73
5024 74
5025 75
5026 76
5027 77
5028 78
5029 79
5030 80
5031 81
5032 82
5033 83
5034 84
5035 85
5036 86
5037 87
5038 88
5039 89
5040 90
5041 91
5042 92
5043 93
5044 94
5045 95
5046 96
5047 97
5048 98
5049 99
5050 100
5051 1
5052 2
5053 3
5054 4
5055 5
5056 6
5057 7
5058 8
5059 9
5060 10
5061 11
5062 12
5063 13
5064 14
5065 15
5066 16
5067 17
5068 18
5069 19
5070 20
5071 21
5072 22
5073 23
5074 24
5075 25
5076 26
5077 27
5078 28
5079 29
5080 30
5081 31
5082 32
5083 33
5084 34
5085 35
5086 36
5087 37
5088 38
5089 39
5090 40
5091 41
5092 42
5093 43
5094 44
5095 45
5096 46
5097 47
5098 48
5099 49
5100 50
5101 51
5102 52
5103 53
5104 54
5105 55
5106 56
5107 57
5108 58
5109 59
5110 60
5111 61
5112 62
5113 63
5114 64
5115 65
5116 66
5117 67
5118 68
5119 69
5120 70
5121 71
5122 72
5123 73
5124 74
5125 75
5126 76
5127 77
5128 78
5129 79
5130 80
5131 81
5132 82
5133 83
5134 84
5135 85
5136 86
5137 87
5138 88
5139 89
5140 90
5141 91
5142 92
5143 93
5144 94
5145 95
5146 96
5147 97
5148 98
5149 99
5150 100
5151 101
5152 1
5153 2
5154 3
5155 4
5156 5
5157 6
5158 7
5159 8
5160 9
5161 10
5162 11
5163 12
5164 13
5165 14
5166 15
5167 16
5168 17
5169 18
5170 19
5171 20
5172 21
5173 22
5174 23
5175 24
5176 25
5177 26
5178 27
5179 28
5180 29
5181 30
5182 31
5183 32
5184 33
5185 34
5186 35
5187 36
5188 37
5189 38
5190 39
5191 40
5192 41
5193 42
5194 43
5195 44
5196 45
5197 46
5198 47
5199 48
5200 49
5201 50
5202 51
5203 52
5204 53
5205 54
5206 55
5207 56
5208 57
5209 58
5210 59
5211 60
5212 61
5213 62
5214 63
5215 64
5216 65
5217 66
5218 67
5219 68
5220 69
5221 70
5222 71
5223 72
5224 73
5225 74
5226 75
5227 76
5228 77
5229 78
5230 79
5231 80
5232 81
5233 82
5234 83
5235 84
5236 85
5237 86
5238 87
5239 88
5240 89
5241 90
5242 91
5243 92
5244 93
5245 94
5246 95
5247 96
5248 97
5249 98
5250 99
5251 100
5252 101
5253 102
5254 1
5255 2
5256 3
5257 4
5258 5
5259 6
5260 7
5261 8
5262 9
5263 10
5264 11
5265 12
5266 13
5267 14
5268 15
5269 16
5270 17
5271 18
5272 19
5273 20
5274 21
5275 22
5276 23
5277 24
5278 25
5279 26
5280 27
5281 28
5282 29
5283 30
5284 31
5285 32
5286 33
5287 34
5288 35
5289 36
5290 37
5291 38
5292 39
5293 40
5294 41
5295 42
5296 43
5297 44
5298 45
5299 46
5300 47
5301 48
5302 49
5303 50
5304 51
5305 52
5306 53
5307 54
5308 55
5309 56
5310 57
5311 58
5312 59
5313 60
5314 61
5315 62
5316 63
5317 64
5318 65
5319 66
5320 67
5321 68
5322 69
5323 70
5324 71
5325 72
5326 73
5327 74
5328 75
5329 76
5330 77
5331 78
5332 79
5333 80
5334 81
5335 82
5336 83
5337 84
5338 85
5339 86
5340 87
5341 88
5342 89
5343 90
5344 91
5345 92
5346 93
5347 94
5348 95
5349 96
5350 97
5351 98
5352 99
5353 100
5354 101
5355 102
5356 103
5357 1
5358 2
5359 3
5360 4
5361 5
5362 6
5363 7
5364 8
5365 9
5366 10
5367 11
5368 12
5369 13
5370 14
5371 15
5372 16
5373 17
5374 18
5375 19
5376 20
5377 21
5378 22
5379 23
5380 24
5381 25
5382 26
5383 27
5384 28
5385 29
5386 30
5387 31
5388 32
5389 33
5390 34
5391 35
5392 36
5393 37
5394 38
5395 39
5396 40
5397 41
5398 42
5399 43
5400 44
5401 45
5402 46
5403 47
5404 48
5405 49
5406 50
5407 51
5408 52
5409 53
5410 54
5411 55
5412 56
5413 57
5414 58
5415 59
5416 60
5417 61
5418 62
5419 63
5420 64
5421 65
5422 66
5423 67
5424 68
5425 69
5426 70
5427 71
5428 72
5429 73
5430 74
5431 75
5432 76
5433 77
5434 78
5435 79
5436 80
5437 81
5438 82
5439 83
5440 84
5441 85
5442 86
5443 87
5444 88
5445 89
5446 90
5447 91
5448 92
5449 93
5450 94
5451 95
5452 96
5453 97
5454 98
5455 99
5456 100
5457 101
5458 102
5459 103
5460 104
5461 1
5462 2
5463 3
5464 4
5465 5
5466 6
5467 7
5468 8
5469 9
5470 10
5471 11
5472 12
5473 13
5474 14
5475 15
5476 16
5477 17
5478 18
5479 19
5480 20
5481 21
5482 22
5483 23
5484 24
5485 25
5486 26
5487 27
5488 28
5489 29
5490 30
5491 31
5492 32
5493 33
5494 34
5495 35
5496 36
5497 37
5498 38
5499 39
5500 40
5501 41
5502 42
5503 43
5504 44
5505 45
5506 46
5507 47
5508 48
5509 49
5510 50
5511 51
5512 52
5513 53
5514 54
5515 55
5516 56
5517 57
5518 58
5519 59
5520 60
5521 61
5522 62
5523 63
5524 64
5525 65
5526 66
5527 67
5528 68
5529 69
5530 70
5531 71
5532 72
5533 73
5534 74
5535 75
5536 76
5537 77
5538 78
5539 79
5540 80
5541 81
5542 82
5543 83
5544 84
5545 85
5546 86
5547 87
5548 88
5549 89
5550 90
5551 91
5552 92
5553 93
5554 94
5555 95
5556 96
5557 97
5558 98
5559 99
5560 100
5561 101
5562 102
5563 103
5564 104
5565 105
5566 1
5567 2
5568 3
5569 4
5570 5
5571 6
5572 7
5573 8
5574 9
5575 10
5576 11
5577 12
5578 13
5579 14
5580 15
5581 16
5582 17
5583 18
5584 19
5585 20
5586 21
5587 22
5588 23
5589 24
5590 25
5591 26
5592 27
5593 28
5594 29
5595 30
5596 31
5597 32
5598 33
5599 34
5600 35
5601 36
5602 37
5603 38
5604 39
5605 40
5606 41
5607 42
5608 43
5609 44
5610 45
5611 46
5612 47
5613 48
5614 49
5615 50
5616 51
5617 52
5618 53
5619 54
5620 55
5621 56
5622 57
5623 58
5624 59
5625 60
5626 61
5627 62
5628 63
5629 64
5630 65
5631 66
5632 67
5633 68
5634 69
5635 70
5636 71
5637 72
5638 73
5639 74
5640 75
5641 76
5642 77
5643 78
5644 79
5645 80
5646 81
5647 82
5648 83
5649 84
5650 85
5651 86
5652 87
5653 88
5654 89
5655 90
5656 91
5657 92
5658 93
5659 94
5660 95
5661 96
5662 97
5663 98
5664 99
5665 100
5666 101
5667 102
5668 103
5669 104
5670 105
5671 106
5672 1
5673 2
5674 3
5675 4
5676 5
5677 6
5678 7
5679 8
5680 9
5681 10
5682 11
5683 12
5684 13
5685 14
5686 15
5687 16
5688 17
5689 18
5690 19
5691 20
5692 21
5693 22
5694 23
5695 24
5696 25
5697 26
5698 27
5699 28
5700 29
5701 30
5702 31
5703 32
5704 33
5705 34
5706 35
5707 36
5708 37
5709 38
5710 39
5711 40
5712 41
5713 42
5714 43
5715 44
5716 45
5717 46
5718 47
5719 48
5720 49
5721 50
5722 51
5723 52
5724 53
5725 54
5726 55
5727 56
5728 57
5729 58
5730 59
5731 60
5732 61
5733 62
5734 63
5735 64
5736 65
5737 66
5738 67
5739 68
5740 69
5741 70
5742 71
5743 72
5744 73
5745 74
5746 75
5747 76
5748 77
5749 78
5750 79
5751 80
5752 81
5753 82
5754 83
5755 84
5756 85
5757 86
5758 87
5759 88
5760 89
5761 90
5762 91
5763 92
5764 93
5765 94
5766 95
5767 96
5768 97
5769 98
5770 99
5771 100
5772 101
5773 102
5774 103
5775 104
5776 105
5777 106
5778 107
5779 1
5780 2
5781 3
5782 4
5783 5
5784 6
5785 7
5786 8
5787 9
5788 10
5789 11
5790 12
5791 13
5792 14
5793 15
5794 16
5795 17
5796 18
5797 19
5798 20
5799 21
5800 22
5801 23
5802 24
5803 25
5804 26
5805 27
5806 28
5807 29
5808 30
5809 31
5810 32
5811 33
5812 34
5813 35
5814 36
5815 37
5816 38
5817 39
5818 40
5819 41
5820 42
5821 43
5822 44
5823 45
5824 46
5825 47
5826 48
5827 49
5828 50
5829 51
5830 52
5831 53
5832 54
5833 55
5834 56
5835 57
5836 58
5837 59
5838 60
5839 61
5840 62
5841 63
5842 64
5843 65
5844 66
5845 67
5846 68
5847 69
5848 70
5849 71
5850 72
5851 73
5852 74
5853 75
5854 76
5855 77
5856 78
5857 79
5858 80
5859 81
5860 82
5861 83
5862 84
5863 85
5864 86
5865 87
5866 88
5867 89
5868 90
5869 91
5870 92
5871 93
5872 94
5873 95
5874 96
5875 97
5876 98
5877 99
5878 100
5879 101
5880 102
5881 103
5882 104
5883 105
5884 106
5885 107
5886 108
5887 1
5888 2
5889 3
5890 4
5891 5
5892 6
5893 7
5894 8
5895 9
5896 10
5897 11
5898 12
5899 13
5900 14
5901 15
5902 16
5903 17
5904 18
5905 19
5906 20
5907 21
5908 22
5909 23
5910 24
5911 25
5912 26
5913 27
5914 28
5915 29
5916 30
5917 31
5918 32
5919 33
5920 34
5921 35
5922 36
5923 37
5924 38
5925 39
5926 40
5927 41
5928 42
5929 43
5930 44
5931 45
5932 46
5933 47
5934 48
5935 49
5936 50
5937 51
5938 52
5939 53
5940 54
5941 55
5942 56
5943 57
5944 58
5945 59
5946 60
5947 61
5948 62
5949 63
5950 64
5951 65
5952 66
5953 67
5954 68
5955 69
5956 70
5957 71
5958 72
5959 73
5960 74
5961 75
5962 76
5963 77
5964 78
5965 79
5966 80
5967 81
5968 82
5969 83
5970 84
5971 85
5972 86
5973 87
5974 88
5975 89
5976 90
5977 91
5978 92
5979 93
5980 94
5981 95
5982 96
5983 97
5984 98
5985 99
5986 100
5987 101
5988 102
5989 103
5990 104
5991 105
5992 106
5993 107
5994 108
5995 109
5996 1
5997 2
5998 3
5999 4
6000 5
6001 6
6002 7
6003 8
6004 9
6005 10
6006 11
6007 12
6008 13
6009 14
6010 15
6011 16
6012 17
6013 18
6014 19
6015 20
6016 21
6017 22
6018 23
6019 24
6020 25
6021 26
6022 27
6023 28
6024 29
6025 30
6026 31
6027 32
6028 33
6029 34
6030 35
6031 36
6032 37
6033 38
6034 39
6035 40
6036 41
6037 42
6038 43
6039 44
6040 45
6041 46
6042 47
6043 48
6044 49
6045 50
6046 51
6047 52
6048 53
6049 54
6050 55
6051 56
6052 57
6053 58
6054 59
6055 60
6056 61
6057 62
6058 63
6059 64
6060 65
6061 66
6062 67
6063 68
6064 69
6065 70
6066 71
6067 72
6068 73
6069 74
6070 75
6071 76
6072 77
6073 78
6074 79
6075 80
6076 81
6077 82
6078 83
6079 84
6080 85
6081 86
6082 87
6083 88
6084 89
6085 90
6086 91
6087 92
6088 93
6089 94
6090 95
6091 96
6092 97
6093 98
6094 99
6095 100
6096 101
6097 102
6098 103
6099 104
6100 105
6101 106
6102 107
6103 108
6104 109
6105 110
6106 1
6107 2
6108 3
6109 4
6110 5
6111 6
6112 7
6113 8
6114 9
6115 10
6116 11
6117 12
6118 13
6119 14
6120 15
6121 16
6122 17
6123 18
6124 19
6125 20
6126 21
6127 22
6128 23
6129 24
6130 25
6131 26
6132 27
6133 28
6134 29
6135 30
6136 31
6137 32
6138 33
6139 34
6140 35
6141 36
6142 37
6143 38
6144 39
6145 40
6146 41
6147 42
6148 43
6149 44
6150 45
6151 46
6152 47
6153 48
6154 49
6155 50
6156 51
6157 52
6158 53
6159 54
6160 55
6161 56
6162 57
6163 58
6164 59
6165 60
6166 61
6167 62
6168 63
6169 64
6170 65
6171 66
6172 67
6173 68
6174 69
6175 70
6176 71
6177 72
6178 73
6179 74
6180 75
6181 76
6182 77
6183 78
6184 79
6185 80
6186 81
6187 82
6188 83
6189 84
6190 85
6191 86
6192 87
6193 88
6194 89
6195 90
6196 91
6197 92
6198 93
6199 94
6200 95
6201 96
6202 97
6203 98
6204 99
6205 100
6206 101
6207 102
6208 103
6209 104
6210 105
6211 106
6212 107
6213 108
6214 109
6215 110
6216 111
6217 1
6218 2
6219 3
6220 4
6221 5
6222 6
6223 7
6224 8
6225 9
6226 10
6227 11
6228 12
6229 13
6230 14
6231 15
6232 16
6233 17
6234 18
6235 19
6236 20
6237 21
6238 22
6239 23
6240 24
6241 25
6242 26
6243 27
6244 28
6245 29
6246 30
6247 31
6248 32
6249 33
6250 34
6251 35
6252 36
6253 37
6254 38
6255 39
6256 40
6257 41
6258 42
6259 43
6260 44
6261 45
6262 46
6263 47
6264 48
6265 49
6266 50
6267 51
6268 52
6269 53
6270 54
6271 55
6272 56
6273 57
6274 58
6275 59
6276 60
6277 61
6278 62
6279 63
6280 64
6281 65
6282 66
6283 67
6284 68
6285 69
6286 70
6287 71
6288 72
6289 73
6290 74
6291 75
6292 76
6293 77
6294 78
6295 79
6296 80
6297 81
6298 82
6299 83
6300 84
6301 85
6302 86
6303 87
6304 88
6305 89
6306 90
6307 91
6308 92
6309 93
6310 94
6311 95
6312 96
6313 97
6314 98
6315 99
6316 100
6317 101
6318 102
6319 103
6320 104
6321 105
6322 106
6323 107
6324 108
6325 109
6326 110
6327 111
6328 112
6329 1
6330 2
6331 3
6332 4
6333 5
6334 6
6335 7
6336 8
6337 9
6338 10
6339 11
6340 12
6341 13
6342 14
6343 15
6344 16
6345 17
6346 18
6347 19
6348 20
6349 21
6350 22
6351 23
6352 24
6353 25
6354 26
6355 27
6356 28
6357 29
6358 30
6359 31
6360 32
6361 33
6362 34
6363 35
6364 36
6365 37
6366 38
6367 39
6368 40
6369 41
6370 42
6371 43
6372 44
6373 45
6374 46
6375 47
6376 48
6377 49
6378 50
6379 51
6380 52
6381 53
6382 54
6383 55
6384 56
6385 57
6386 58
6387 59
6388 60
6389 61
6390 62
6391 63
6392 64
6393 65
6394 66
6395 67
6396 68
6397 69
6398 70
6399 71
6400 72
6401 73
6402 74
6403 75
6404 76
6405 77
6406 78
6407 79
6408 80
6409 81
6410 82
6411 83
6412 84
6413 85
6414 86
6415 87
6416 88
6417 89
6418 90
6419 91
6420 92
6421 93
6422 94
6423 95
6424 96
6425 97
6426 98
6427 99
6428 100
6429 101
6430 102
6431 103
6432 104
6433 105
6434 106
6435 107
6436 108
6437 109
6438 110
6439 111
6440 112
6441 113
6442 1
6443 2
6444 3
6445 4
6446 5
6447 6
6448 7
6449 8
6450 9
6451 10
6452 11
6453 12
6454 13
6455 14
6456 15
6457 16
6458 17
6459 18
6460 19
6461 20
6462 21
6463 22
6464 23
6465 24
6466 25
6467 26
6468 27
6469 28
6470 29
6471 30
6472 31
6473 32
6474 33
6475 34
6476 35
6477 36
6478 37
6479 38
6480 39
6481 40
6482 41
6483 42
6484 43
6485 44
6486 45
6487 46
6488 47
6489 48
6490 49
6491 50
6492 51
6493 52
6494 53
6495 54
6496 55
6497 56
6498 57
6499 58
6500 59
6501 60
6502 61
6503 62
6504 63
6505 64
6506 65
6507 66
6508 67
6509 68
6510 69
6511 70
6512 71
6513 72
6514 73
6515 74
6516 75
6517 76
6518 77
6519 78
6520 79
6521 80
6522 81
6523 82
6524 83
6525 84
6526 85
6527 86
6528 87
6529 88
6530 89
6531 90
6532 91
6533 92
6534 93
6535 94
6536 95
6537 96
6538 97
6539 98
6540 99
6541 100
6542 101
6543 102
6544 103
6545 104
6546 105
6547 106
6548 107
6549 108
6550 109
6551 110
6552 111
6553 112
6554 113
6555 114
6556 1
6557 2
6558 3
6559 4
6560 5
6561 6
6562 7
6563 8
6564 9
6565 10
6566 11
6567 12
6568 13
6569 14
6570 15
6571 16
6572 17
6573 18
6574 19
6575 20
6576 21
6577 22
6578 23
6579 24
6580 25
6581 26
6582 27
6583 28
6584 29
6585 30
6586 31
6587 32
6588 33
6589 34
6590 35
6591 36
6592 37
6593 38
6594 39
6595 40
6596 41
6597 42
6598 43
6599 44
6600 45
6601 46
6602 47
6603 48
6604 49
6605 50
6606 51
6607 52
6608 53
6609 54
6610 55
6611 56
6612 57
6613 58
6614 59
6615 60
6616 61
6617 62
6618 63
6619 64
6620 65
6621 66
6622 67
6623 68
6624 69
6625 70
6626 71
6627 72
6628 73
6629 74
6630 75
6631 76
6632 77
6633 78
6634 79
6635 80
6636 81
6637 82
6638 83
6639 84
6640 85
6641 86
6642 87
6643 88
6644 89
6645 90
6646 91
6647 92
6648 93
6649 94
6650 95
6651 96
6652 97
6653 98
6654 99
6655 100
6656 101
6657 102
6658 103
6659 104
6660 105
6661 106
6662 107
6663 108
6664 109
6665 110
6666 111
6667 112
6668 113
6669 114
6670 115
6671 1
6672 2
6673 3
6674 4
6675 5
6676 6
6677 7
6678 8
6679 9
6680 10
6681 11
6682 12
6683 13
6684 14
6685 15
6686 16
6687 17
6688 18
6689 19
6690 20
6691 21
6692 22
6693 23
6694 24
6695 25
6696 26
6697 27
6698 28
6699 29
6700 30
6701 31
6702 32
6703 33
6704 34
6705 35
6706 36
6707 37
6708 38
6709 39
6710 40
6711 41
6712 42
6713 43
6714 44
6715 45
6716 46
6717 47
6718 48
6719 49
6720 50
6721 51
6722 52
6723 53
6724 54
6725 55
6726 56
6727 57
6728 58
6729 59
6730 60
6731 61
6732 62
6733 63
6734 64
6735 65
6736 66
6737 67
6738 68
6739 69
6740 70
6741 71
6742 72
6743 73
6744 74
6745 75
6746 76
6747 77
6748 78
6749 79
6750 80
6751 81
6752 82
6753 83
6754 84
6755 85
6756 86
6757 87
6758 88
6759 89
6760 90
6761 91
6762 92
6763 93
6764 94
6765 95
6766 96
6767 97
6768 98
6769 99
6770 100
6771 101
6772 102
6773 103
6774 104
6775 105
6776 106
6777 107
6778 108
6779 109
6780 110
6781 111
6782 112
6783 113
6784 114
6785 115
6786 116
6787 1
6788 2
6789 3
6790 4
6791 5
6792 6
6793 7
6794 8
6795 9
6796 10
6797 11
6798 12
6799 13
6800 14
6801 15
6802 16
6803 17
6804 18
6805 19
6806 20
6807 21
6808 22
6809 23
6810 24
6811 25
6812 26
6813 27
6814 28
6815 29
6816 30
6817 31
6818 32
6819 33
6820 34
6821 35
6822 36
6823 37
6824 38
6825 39
6826 40
6827 41
6828 42
6829 43
6830 44
6831 45
6832 46
6833 47
6834 48
6835 49
6836 50
6837 51
6838 52
6839 53
6840 54
6841 55
6842 56
6843 57
6844 58
6845 59
6846 60
6847 61
6848 62
6849 63
6850 64
6851 65
6852 66
6853 67
6854 68
6855 69
6856 70
6857 71
6858 72
6859 73
6860 74
6861 75
6862 76
6863 77
6864 78
6865 79
6866 80
6867 81
6868 82
6869 83
6870 84
6871 85
6872 86
6873 87
6874 88
6875 89
6876 90
6877 91
6878 92
6879 93
6880 94
6881 95
6882 96
6883 97
6884 98
6885 99
6886 100
6887 101
6888 102
6889 103
6890 104
6891 105
6892 106
6893 107
6894 108
6895 109
6896 110
6897 111
6898 112
6899 113
6900 114
6901 115
6902 116
6903 117
6904 1
6905 2
6906 3
6907 4
6908 5
6909 6
6910 7
6911 8
6912 9
6913 10
6914 11
6915 12
6916 13
6917 14
6918 15
6919 16
6920 17
6921 18
6922 19
6923 20
6924 21
6925 22
6926 23
6927 24
6928 25
6929 26
6930 27
6931 28
6932 29
6933 30
6934 31
6935 32
6936 33
6937 34
6938 35
6939 36
6940 37
6941 38
6942 39
6943 40
6944 41
6945 42
6946 43
6947 44
6948 45
6949 46
6950 47
6951 48
6952 49
6953 50
6954 51
6955 52
6956 53
6957 54
6958 55
6959 56
6960 57
6961 58
6962 59
6963 60
6964 61
6965 62
6966 63
6967 64
6968 65
6969 66
6970 67
6971 68
6972 69
6973 70
6974 71
6975 72
6976 73
6977 74
6978 75
6979 76
6980 77
6981 78
6982 79
6983 80
6984 81
6985 82
6986 83
6987 84
6988 85
6989 86
6990 87
6991 88
6992 89
6993 90
6994 91
6995 92
6996 93
6997 94
6998 95
6999 96
7000 97
7001 98
7002 99
7003 100
7004 101
7005 102
7006 103
7007 104
7008 105
7009 106
7010 107
7011 108
7012 109
7013 110
7014 111
7015 112
7016 113
7017 114
7018 115
7019 116
7020 117
7021 118
7022 1
7023 2
7024 3
7025 4
7026 5
7027 6
7028 7
7029 8
7030 9
7031 10
7032 11
7033 12
7034 13
7035 14
7036 15
7037 16
7038 17
7039 18
7040 19
7041 20
7042 21
7043 22
7044 23
7045 24
7046 25
7047 26
7048 27
7049 28
7050 29
7051 30
7052 31
7053 32
7054 33
7055 34
7056 35
7057 36
7058 37
7059 38
7060 39
7061 40
7062 41
7063 42
7064 43
7065 44
7066 45
7067 46
7068 47
7069 48
7070 49
7071 50
7072 51
7073 52
7074 53
7075 54
7076 55
7077 56
7078 57
7079 58
7080 59
7081 60
7082 61
7083 62
7084 63
7085 64
7086 65
7087 66
7088 67
7089 68
7090 69
7091 70
7092 71
7093 72
7094 73
7095 74
7096 75
7097 76
7098 77
7099 78
7100 79
7101 80
7102 81
7103 82
7104 83
7105 84
7106 85
7107 86
7108 87
7109 88
7110 89
7111 90
7112 91
7113 92
7114 93
7115 94
7116 95
7117 96
7118 97
7119 98
7120 99
7121 100
7122 101
7123 102
7124 103
7125 104
7126 105
7127 106
7128 107
7129 108
7130 109
7131 110
7132 111
7133 112
7134 113
7135 114
7136 115
7137 116
7138 117
7139 118
7140 119
7141 1
7142 2
7143 3
7144 4
7145 5
7146 6
7147 7
7148 8
7149 9
7150 10
7151 11
7152 12
7153 13
7154 14
7155 15
7156 16
7157 17
7158 18
7159 19
7160 20
7161 21
7162 22
7163 23
7164 24
7165 25
7166 26
7167 27
7168 28
7169 29
7170 30
7171 31
7172 32
7173 33
7174 34
7175 35
7176 36
7177 37
7178 38
7179 39
7180 40
7181 41
7182 42
7183 43
7184 44
7185 45
7186 46
7187 47
7188 48
7189 49
7190 50
7191 51
7192 52
7193 53
7194 54
7195 55
7196 56
7197 57
7198 58
7199 59
7200 60
7201 61
7202 62
7203 63
7204 64
7205 65
7206 66
7207 67
7208 68
7209 69
7210 70
7211 71
7212 72
7213 73
7214 74
7215 75
7216 76
7217 77
7218 78
7219 79
7220 80
7221 81
7222 82
7223 83
7224 84
7225 85
7226 86
7227 87
7228 88
7229 89
7230 90
7231 91
7232 92
7233 93
7234 94
7235 95
7236 96
7237 97
7238 98
7239 99
7240 100
7241 101
7242 102
7243 103
7244 104
7245 105
7246 106
7247 107
7248 108
7249 109
7250 110
7251 111
7252 112
7253 113
7254 114
7255 115
7256 116
7257 117
7258 118
7259 119
7260 120
7261 1
7262 2
7263 3
7264 4
7265 5
7266 6
7267 7
7268 8
7269 9
7270 10
7271 11
7272 12
7273 13
7274 14
7275 15
7276 16
7277 17
7278 18
7279 19
7280 20
7281 21
7282 22
7283 23
7284 24
7285 25
7286 26
7287 27
7288 28
7289 29
7290 30
7291 31
7292 32
7293 33
7294 34
7295 35
7296 36
7297 37
7298 38
7299 39
7300 40
7301 41
7302 42
7303 43
7304 44
7305 45
7306 46
7307 47
7308 48
7309 49
7310 50
7311 51
7312 52
7313 53
7314 54
7315 55
7316 56
7317 57
7318 58
7319 59
7320 60
7321 61
7322 62
7323 63
7324 64
7325 65
7326 66
7327 67
7328 68
7329 69
7330 70
7331 71
7332 72
7333 73
7334 74
7335 75
7336 76
7337 77
7338 78
7339 79
7340 80
7341 81
7342 82
7343 83
7344 84
7345 85
7346 86
7347 87
7348 88
7349 89
7350 90
7351 91
7352 92
7353 93
7354 94
7355 95
7356 96
7357 97
7358 98
7359 99
7360 100
7361 101
7362 102
7363 103
7364 104
7365 105
7366 106
7367 107
7368 108
7369 109
7370 110
7371 111
7372 112
7373 113
7374 114
7375 115
7376 116
7377 117
7378 118
7379 119
7380 120
7381 121
7382 1
7383 2
7384 3
7385 4
7386 5
7387 6
7388 7
7389 8
7390 9
7391 10
7392 11
7393 12
7394 13
7395 14
7396 15
7397 16
7398 17
7399 18
7400 19
7401 20
7402 21
7403 22
7404 23
7405 24
7406 25
7407 26
7408 27
7409 28
7410 29
7411 30
7412 31
7413 32
7414 33
7415 34
7416 35
7417 36
7418 37
7419 38
7420 39
7421 40
7422 41
7423 42
7424 43
7425 44
7426 45
7427 46
7428 47
7429 48
7430 49
7431 50
7432 51
7433 52
7434 53
7435 54
7436 55
7437 56
7438 57
7439 58
7440 59
7441 60
7442 61
7443 62
7444 63
7445 64
7446 65
7447 66
7448 67
7449 68
7450 69
7451 70
7452 71
7453 72
7454 73
7455 74
7456 75
7457 76
7458 77
7459 78
7460 79
7461 80
7462 81
7463 82
7464 83
7465 84
7466 85
7467 86
7468 87
7469 88
7470 89
7471 90
7472 91
7473 92
7474 93
7475 94
7476 95
7477 96
7478 97
7479 98
7480 99
7481 100
7482 101
7483 102
7484 103
7485 104
7486 105
7487 106
7488 107
7489 108
7490 109
7491 110
7492 111
7493 112
7494 113
7495 114
7496 115
7497 116
7498 117
7499 118
7500 119
7501 120
7502 121
7503 122
7504 1
7505 2
7506 3
7507 4
7508 5
7509 6
7510 7
7511 8
7512 9
7513 10
7514 11
7515 12
7516 13
7517 14
7518 15
7519 16
7520 17
7521 18
7522 19
7523 20
7524 21
7525 22
7526 23
7527 24
7528 25
7529 26
7530 27
7531 28
7532 29
7533 30
7534 31
7535 32
7536 33
7537 34
7538 35
7539 36
7540 37
7541 38
7542 39
7543 40
7544 41
7545 42
7546 43
7547 44
7548 45
7549 46
7550 47
7551 48
7552 49
7553 50
7554 51
7555 52
7556 53
7557 54
7558 55
7559 56
7560 57
7561 58
7562 59
7563 60
7564 61
7565 62
7566 63
7567 64
7568 65
7569 66
7570 67
7571 68
7572 69
7573 70
7574 71
7575 72
7576 73
7577 74
7578 75
7579 76
7580 77
7581 78
7582 79
7583 80
7584 81
7585 82
7586 83
7587 84
7588 85
7589 86
7590 87
7591 88
7592 89
7593 90
7594 91
7595 92
7596 93
7597 94
7598 95
7599 96
7600 97
7601 98
7602 99
7603 100
7604 101
7605 102
7606 103
7607 104
7608 105
7609 106
7610 107
7611 108
7612 109
7613 110
7614 111
7615 112
7616 113
7617 114
7618 115
7619 116
7620 117
7621 118
7622 119
7623 120
7624 121
7625 122
7626 123
7627 1
7628 2
7629 3
7630 4
7631 5
7632 6
7633 7
7634 8
7635 9
7636 10
7637 11
7638 12
7639 13
7640 14
7641 15
7642 16
7643 17
7644 18
7645 19
7646 20
7647 21
7648 22
7649 23
7650 24
7651 25
7652 26
7653 27
7654 28
7655 29
7656 30
7657 31
7658 32
7659 33
7660 34
7661 35
7662 36
7663 37
7664 38
7665 39
7666 40
7667 41
7668 42
7669 43
7670 44
7671 45
7672 46
7673 47
7674 48
7675 49
7676 50
7677 51
7678 52
7679 53
7680 54
7681 55
7682 56
7683 57
7684 58
7685 59
7686 60
7687 61
7688 62
7689 63
7690 64
7691 65
7692 66
7693 67
7694 68
7695 69
7696 70
7697 71
7698 72
7699 73
7700 74
7701 75
7702 76
7703 77
7704 78
7705 79
7706 80
7707 81
7708 82
7709 83
7710 84
7711 85
7712 86
7713 87
7714 88
7715 89
7716 90
7717 91
7718 92
7719 93
7720 94
7721 95
7722 96
7723 97
7724 98
7725 99
7726 100
7727 101
7728 102
7729 103
7730 104
7731 105
7732 106
7733 107
7734 108
7735 109
7736 110
7737 111
7738 112
7739 113
7740 114
7741 115
7742 116
7743 117
7744 118
7745 119
7746 120
7747 121
7748 122
7749 123
7750 124
7751 1
7752 2
7753 3
7754 4
7755 5
7756 6
7757 7
7758 8
7759 9
7760 10
7761 11
7762 12
7763 13
7764 14
7765 15
7766 16
7767 17
7768 18
7769 19
7770 20
7771 21
7772 22
7773 23
7774 24
7775 25
7776 26
7777 27
7778 28
7779 29
7780 30
7781 31
7782 32
7783 33
7784 34
7785 35
7786 36
7787 37
7788 38
7789 39
7790 40
7791 41
7792 42
7793 43
7794 44
7795 45
7796 46
7797 47
7798 48
7799 49
7800 50
7801 51
7802 52
7803 53
7804 54
7805 55
7806 56
7807 57
7808 58
7809 59
7810 60
7811 61
7812 62
7813 63
7814 64
7815 65
7816 66
7817 67
7818 68
7819 69
7820 70
7821 71
7822 72
7823 73
7824 74
7825 75
7826 76
7827 77
7828 78
7829 79
7830 80
7831 81
7832 82
7833 83
7834 84
7835 85
7836 86
7837 87
7838 88
7839 89
7840 90
7841 91
7842 92
7843 93
7844 94
7845 95
7846 96
7847 97
7848 98
7849 99
7850 100
7851 101
7852 102
7853 103
7854 104
7855 105
7856 106
7857 107
7858 108
7859 109
7860 110
7861 111
7862 112
7863 113
7864 114
7865 115
7866 116
7867 117
7868 118
7869 119
7870 120
7871 121
7872 122
7873 123
7874 124
7875 125
7876 1
7877 2
7878 3
7879 4
7880 5
7881 6
7882 7
7883 8
7884 9
7885 10
7886 11
7887 12
7888 13
7889 14
7890 15
7891 16
7892 17
7893 18
7894 19
7895 20
7896 21
7897 22
7898 23
7899 24
7900 25
7901 26
7902 27
7903 28
7904 29
7905 30
7906 31
7907 32
7908 33
7909 34
7910 35
7911 36
7912 37
7913 38
7914 39
7915 40
7916 41
7917 42
7918 43
7919 44
7920 45
7921 46
7922 47
7923 48
7924 49
7925 50
7926 51
7927 52
7928 53
7929 54
7930 55
7931 56
7932 57
7933 58
7934 59
7935 60
7936 61
7937 62
7938 63
7939 64
7940 65
7941 66
7942 67
7943 68
7944 69
7945 70
7946 71
7947 72
7948 73
7949 74
7950 75
7951 76
7952 77
7953 78
7954 79
7955 80
7956 81
7957 82
7958 83
7959 84
7960 85
7961 86
7962 87
7963 88
7964 89
7965 90
7966 91
7967 92
7968 93
7969 94
7970 95
7971 96
7972 97
7973 98
7974 99
7975 100
7976 101
7977 102
7978 103
7979 104
7980 105
7981 106
7982 107
7983 108
7984 109
7985 110
7986 111
7987 112
7988 113
7989 114
7990 115
7991 116
7992 117
7993 118
7994 119
7995 120
7996 121
7997 122
7998 123
7999 124
8000 125
8001 126
8002 1
8003 2
8004 3
8005 4
8006 5
8007 6
8008 7
8009 8
8010 9
8011 10
8012 11
8013 12
8014 13
8015 14
8016 15
8017 16
8018 17
8019 18
8020 19
8021 20
8022 21
8023 22
8024 23
8025 24
8026 25
8027 26
8028 27
8029 28
8030 29
8031 30
8032 31
8033 32
8034 33
8035 34
8036 35
8037 36
8038 37
8039 38
8040 39
8041 40
8042 41
8043 42
8044 43
8045 44
8046 45
8047 46
8048 47
8049 48
8050 49
8051 50
8052 51
8053 52
8054 53
8055 54
8056 55
8057 56
8058 57
8059 58
8060 59
8061 60
8062 61
8063 62
8064 63
8065 64
8066 65
8067 66
8068 67
8069 68
8070 69
8071 70
8072 71
8073 72
8074 73
8075 74
8076 75
8077 76
8078 77
8079 78
8080 79
8081 80
8082 81
8083 82
8084 83
8085 84
8086 85
8087 86
8088 87
8089 88
8090 89
8091 90
8092 91
8093 92
8094 93
8095 94
8096 95
8097 96
8098 97
8099 98
8100 99
8101 100
8102 101
8103 102
8104 103
8105 104
8106 105
8107 106
8108 107
8109 108
8110 109
8111 110
8112 111
8113 112
8114 113
8115 114
8116 115
8117 116
8118 117
8119 118
8120 119
8121 120
8122 121
8123 122
8124 123
8125 124
8126 125
8127 126
8128 127
8129 1
8130 2
8131 3
8132 4
8133 5
8134 6
8135 7
8136 8
8137 9
8138 10
8139 11
8140 12
8141 13
8142 14
8143 15
8144 16
8145 17
8146 18
8147 19
8148 20
8149 21
8150 22
8151 23
8152 24
8153 25
8154 26
8155 27
8156 28
8157 29
8158 30
8159 31
8160 32
8161 33
8162 34
8163 35
8164 36
8165 37
8166 38
8167 39
8168 40
8169 41
8170 42
8171 43
8172 44
8173 45
8174 46
8175 47
8176 48
8177 49
8178 50
8179 51
8180 52
8181 53
8182 54
8183 55
8184 56
8185 57
8186 58
8187 59
8188 60
8189 61
8190 62
8191 63
8192 64
8193 65
8194 66
8195 67
8196 68
8197 69
8198 70
8199 71
8200 72
8201 73
8202 74
8203 75
8204 76
8205 77
8206 78
8207 79
8208 80
8209 81
8210 82
8211 83
8212 84
8213 85
8214 86
8215 87
8216 88
8217 89
8218 90
8219 91
8220 92
8221 93
8222 94
8223 95
8224 96
8225 97
8226 98
8227 99
8228 100
8229 101
8230 102
8231 103
8232 104
8233 105
8234 106
8235 107
8236 108
8237 109
8238 110
8239 111
8240 112
8241 113
8242 114
8243 115
8244 116
8245 117
8246 118
8247 119
8248 120
8249 121
8250 122
8251 123
8252 124
8253 125
8254 126
8255 127
8256 128
8257 1
8258 2
8259 3
8260 4
8261 5
8262 6
8263 7
8264 8
8265 9
8266 10
8267 11
8268 12
8269 13
8270 14
8271 15
8272 16
8273 17
8274 18
8275 19
8276 20
8277 21
8278 22
8279 23
8280 24
8281 25
8282 26
8283 27
8284 28
8285 29
8286 30
8287 31
8288 32
8289 33
8290 34
8291 35
8292 36
8293 37
8294 38
8295 39
8296 40
8297 41
8298 42
8299 43
8300 44
8301 45
8302 46
8303 47
8304 48
8305 49
8306 50
8307 51
8308 52
8309 53
8310 54
8311 55
8312 56
8313 57
8314 58
8315 59
8316 60
8317 61
8318 62
8319 63
8320 64
8321 65
8322 66
8323 67
8324 68
8325 69
8326 70
8327 71
8328 72
8329 73
8330 74
8331 75
8332 76
8333 77
8334 78
8335 79
8336 80
8337 81
8338 82
8339 83
8340 84
8341 85
8342 86
8343 87
8344 88
8345 89
8346 90
8347 91
8348 92
8349 93
8350 94
8351 95
8352 96
8353 97
8354 98
8355 99
8356 100
8357 101
8358 102
8359 103
8360 104
8361 105
8362 106
8363 107
8364 108
8365 109
8366 110
8367 111
8368 112
8369 113
8370 114
8371 115
8372 116
8373 117
8374 118
8375 119
8376 120
8377 121
8378 122
8379 123
8380 124
8381 125
8382 126
8383 127
8384 128
8385 129
8386 1
8387 2
8388 3
8389 4
8390 5
8391 6
8392 7
8393 8
8394 9
8395 10
8396 11
8397 12
8398 13
8399 14
8400 15
8401 16
8402 17
8403 18
8404 19
8405 20
8406 21
8407 22
8408 23
8409 24
8410 25
8411 26
8412 27
8413 28
8414 29
8415 30
8416 31
8417 32
8418 33
8419 34
8420 35
8421 36
8422 37
8423 38
8424 39
8425 40
8426 41
8427 42
8428 43
8429 44
8430 45
8431 46
8432 47
8433 48
8434 49
8435 50
8436 51
8437 52
8438 53
8439 54
8440 55
8441 56
8442 57
8443 58
8444 59
8445 60
8446 61
8447 62
8448 63
8449 64
8450 65
8451 66
8452 67
8453 68
8454 69
8455 70
8456 71
8457 72
8458 73
8459 74
8460 75
8461 76
8462 77
8463 78
8464 79
8465 80
8466 81
8467 82
8468 83
8469 84
8470 85
8471 86
8472 87
8473 88
8474 89
8475 90
8476 91
8477 92
8478 93
8479 94
8480 95
8481 96
8482 97
8483 98
8484 99
8485 100
8486 101
8487 102
8488 103
8489 104
8490 105
8491 106
8492 107
8493 108
8494 109
8495 110
8496 111
8497 112
8498 113
8499 114
8500 115
8501 116
8502 117
8503 118
8504 119
8505 120
8506 121
8507 122
8508 123
8509 124
8510 125
8511 126
8512 127
8513 128
8514 129
8515 130
8516 1
8517 2
8518 3
8519 4
8520 5
8521 6
8522 7
8523 8
8524 9
8525 10
8526 11
8527 12
8528 13
8529 14
8530 15
8531 16
8532 17
8533 18
8534 19
8535 20
8536 21
8537 22
8538 23
8539 24
8540 25
8541 26
8542 27
8543 28
8544 29
8545 30
8546 31
8547 32
8548 33
8549 34
8550 35
8551 36
8552 37
8553 38
8554 39
8555 40
8556 41
8557 42
8558 43
8559 44
8560 45
8561 46
8562 47
8563 48
8564 49
8565 50
8566 51
8567 52
8568 53
8569 54
8570 55
8571 56
8572 57
8573 58
8574 59
8575 60
8576 61
8577 62
8578 63
8579 64
8580 65
8581 66
8582 67
8583 68
8584 69
8585 70
8586 71
8587 72
8588 73
8589 74
8590 75
8591 76
8592 77
8593 78
8594 79
8595 80
8596 81
8597 82
8598 83
8599 84
8600 85
8601 86
8602 87
8603 88
8604 89
8605 90
8606 91
8607 92
8608 93
8609 94
8610 95
8611 96
8612 97
8613 98
8614 99
8615 100
8616 101
8617 102
8618 103
8619 104
8620 105
8621 106
8622 107
8623 108
8624 109
8625 110
8626 111
8627 112
8628 113
8629 114
8630 115
8631 116
8632 117
8633 118
8634 119
8635 120
8636 121
8637 122
8638 123
8639 124
8640 125
8641 126
8642 127
8643 128
8644 129
8645 130
8646 131
8647 1
8648 2
8649 3
8650 4
8651 5
8652 6
8653 7
8654 8
8655 9
8656 10
8657 11
8658 12
8659 13
8660 14
8661 15
8662 16
8663 17
8664 18
8665 19
8666 20
8667 21
8668 22
8669 23
8670 24
8671 25
8672 26
8673 27
8674 28
8675 29
8676 30
8677 31
8678 32
8679 33
8680 34
8681 35
8682 36
8683 37
8684 38
8685 39
8686 40
8687 41
8688 42
8689 43
8690 44
8691 45
8692 46
8693 47
8694 48
8695 49
8696 50
8697 51
8698 52
8699 53
8700 54
8701 55
8702 56
8703 57
8704 58
8705 59
8706 60
8707 61
8708 62
8709 63
8710 64
8711 65
8712 66
8713 67
8714 68
8715 69
8716 70
8717 71
8718 72
8719 73
8720 74
8721 75
8722 76
8723 77
8724 78
8725 79
8726 80
8727 81
8728 82
8729 83
8730 84
8731 85
8732 86
8733 87
8734 88
8735 89
8736 90
8737 91
8738 92
8739 93
8740 94
8741 95
8742 96
8743 97
8744 98
8745 99
8746 100
8747 101
8748 102
8749 103
8750 104
8751 105
8752 106
8753 107
8754 108
8755 109
8756 110
8757 111
8758 112
8759 113
8760 114
8761 115
8762 116
8763 117
8764 118
8765 119
8766 120
8767 121
8768 122
8769 123
8770 124
8771 125
8772 126
8773 127
8774 128
8775 129
8776 130
8777 131
8778 132
8779 1
8780 2
8781 3
8782 4
8783 5
8784 6
8785 7
8786 8
8787 9
8788 10
8789 11
8790 12
8791 13
8792 14
8793 15
8794 16
8795 17
8796 18
8797 19
8798 20
8799 21
8800 22
8801 23
8802 24
8803 25
8804 26
8805 27
8806 28
8807 29
8808 30
8809 31
8810 32
8811 33
8812 34
8813 35
8814 36
8815 37
8816 38
8817 39
8818 40
8819 41
8820 42
8821 43
8822 44
8823 45
8824 46
8825 47
8826 48
8827 49
8828 50
8829 51
8830 52
8831 53
8832 54
8833 55
8834 56
8835 57
8836 58
8837 59
8838 60
8839 61
8840 62
8841 63
8842 64
8843 65
8844 66
8845 67
8846 68
8847 69
8848 70
8849 71
8850 72
8851 73
8852 74
8853 75
8854 76
8855 77
8856 78
8857 79
8858 80
8859 81
8860 82
8861 83
8862 84
8863 85
8864 86
8865 87
8866 88
8867 89
8868 90
8869 91
8870 92
8871 93
8872 94
8873 95
8874 96
8875 97
8876 98
8877 99
8878 100
8879 101
8880 102
8881 103
8882 104
8883 105
8884 106
8885 107
8886 108
8887 109
8888 110
8889 111
8890 112
8891 113
8892 114
8893 115
8894 116
8895 117
8896 118
8897 119
8898 120
8899 121
8900 122
8901 123
8902 124
8903 125
8904 126
8905 127
8906 128
8907 129
8908 130
8909 131
8910 132
8911 133
8912 1
8913 2
8914 3
8915 4
8916 5
8917 6
8918 7
8919 8
8920 9
8921 10
8922 11
8923 12
8924 13
8925 14
8926 15
8927 16
8928 17
8929 18
8930 19
8931 20
8932 21
8933 22
8934 23
8935 24
8936 25
8937 26
8938 27
8939 28
8940 29
8941 30
8942 31
8943 32
8944 33
8945 34
8946 35
8947 36
8948 37
8949 38
8950 39
8951 40
8952 41
8953 42
8954 43
8955 44
8956 45
8957 46
8958 47
8959 48
8960 49
8961 50
8962 51
8963 52
8964 53
8965 54
8966 55
8967 56
8968 57
8969 58
8970 59
8971 60
8972 61
8973 62
8974 63
8975 64
8976 65
8977 66
8978 67
8979 68
8980 69
8981 70
8982 71
8983 72
8984 73
8985 74
8986 75
8987 76
8988 77
8989 78
8990 79
8991 80
8992 81
8993 82
8994 83
8995 84
8996 85
8997 86
8998 87
8999 88
9000 89
9001 90
9002 91
9003 92
9004 93
9005 94
9006 95
9007 96
9008 97
9009 98
9010 99
9011 100
9012 101
9013 102
9014 103
9015 104
9016 105
9017 106
9018 107
9019 108
9020 109
9021 110
9022 111
9023 112
9024 113
9025 114
9026 115
9027 116
9028 117
9029 118
9030 119
9031 120
9032 121
9033 122
9034 123
9035 124
9036 125
9037 126
9038 127
9039 128
9040 129
9041 130
9042 131
9043 132
9044 133
9045 134
9046 1
9047 2
9048 3
9049 4
9050 5
9051 6
9052 7
9053 8
9054 9
9055 10
9056 11
9057 12
9058 13
9059 14
9060 15
9061 16
9062 17
9063 18
9064 19
9065 20
9066 21
9067 22
9068 23
9069 24
9070 25
9071 26
9072 27
9073 28
9074 29
9075 30
9076 31
9077 32
9078 33
9079 34
9080 35
9081 36
9082 37
9083 38
9084 39
9085 40
9086 41
9087 42
9088 43
9089 44
9090 45
9091 46
9092 47
9093 48
9094 49
9095 50
9096 51
9097 52
9098 53
9099 54
9100 55
9101 56
9102 57
9103 58
9104 59
9105 60
9106 61
9107 62
9108 63
9109 64
9110 65
9111 66
9112 67
9113 68
9114 69
9115 70
9116 71
9117 72
9118 73
9119 74
9120 75
9121 76
9122 77
9123 78
9124 79
9125 80
9126 81
9127 82
9128 83
9129 84
9130 85
9131 86
9132 87
9133 88
9134 89
9135 90
9136 91
9137 92
9138 93
9139 94
9140 95
9141 96
9142 97
9143 98
9144 99
9145 100
9146 101
9147 102
9148 103
9149 104
9150 105
9151 106
9152 107
9153 108
9154 109
9155 110
9156 111
9157 112
9158 113
9159 114
9160 115
9161 116
9162 117
9163 118
9164 119
9165 120
9166 121
9167 122
9168 123
9169 124
9170 125
9171 126
9172 127
9173 128
9174 129
9175 130
9176 131
9177 132
9178 133
9179 134
9180 135
9181 1
9182 2
9183 3
9184 4
9185 5
9186 6
9187 7
9188 8
9189 9
9190 10
9191 11
9192 12
9193 13
9194 14
9195 15
9196 16
9197 17
9198 18
9199 19
9200 20
9201 21
9202 22
9203 23
9204 24
9205 25
9206 26
9207 27
9208 28
9209 29
9210 30
9211 31
9212 32
9213 33
9214 34
9215 35
9216 36
9217 37
9218 38
9219 39
9220 40
9221 41
9222 42
9223 43
9224 44
9225 45
9226 46
9227 47
9228 48
9229 49
9230 50
9231 51
9232 52
9233 53
9234 54
9235 55
9236 56
9237 57
9238 58
9239 59
9240 60
9241 61
9242 62
9243 63
9244 64
9245 65
9246 66
9247 67
9248 68
9249 69
9250 70
9251 71
9252 72
9253 73
9254 74
9255 75
9256 76
9257 77
9258 78
9259 79
9260 80
9261 81
9262 82
9263 83
9264 84
9265 85
9266 86
9267 87
9268 88
9269 89
9270 90
9271 91
9272 92
9273 93
9274 94
9275 95
9276 96
9277 97
9278 98
9279 99
9280 100
9281 101
9282 102
9283 103
9284 104
9285 105
9286 106
9287 107
9288 108
9289 109
9290 110
9291 111
9292 112
9293 113
9294 114
9295 115
9296 116
9297 117
9298 118
9299 119
9300 120
9301 121
9302 122
9303 123
9304 124
9305 125
9306 126
9307 127
9308 128
9309 129
9310 130
9311 131
9312 132
9313 133
9314 134
9315 135
9316 136
9317 1
9318 2
9319 3
9320 4
9321 5
9322 6
9323 7
9324 8
9325 9
9326 10
9327 11
9328 12
9329 13
9330 14
9331 15
9332 16
9333 17
9334 18
9335 19
9336 20
9337 21
9338 22
9339 23
9340 24
9341 25
9342 26
9343 27
9344 28
9345 29
9346 30
9347 31
9348 32
9349 33
9350 34
9351 35
9352 36
9353 37
9354 38
9355 39
9356 40
9357 41
9358 42
9359 43
9360 44
9361 45
9362 46
9363 47
9364 48
9365 49
9366 50
9367 51
9368 52
9369 53
9370 54
9371 55
9372 56
9373 57
9374 58
9375 59
9376 60
9377 61
9378 62
9379 63
9380 64
9381 65
9382 66
9383 67
9384 68
9385 69
9386 70
9387 71
9388 72
9389 73
9390 74
9391 75
9392 76
9393 77
9394 78
9395 79
9396 80
9397 81
9398 82
9399 83
9400 84
9401 85
9402 86
9403 87
9404 88
9405 89
9406 90
9407 91
9408 92
9409 93
9410 94
9411 95
9412 96
9413 97
9414 98
9415 99
9416 100
9417 101
9418 102
9419 103
9420 104
9421 105
9422 106
9423 107
9424 108
9425 109
9426 110
9427 111
9428 112
9429 113
9430 114
9431 115
9432 116
9433 117
9434 118
9435 119
9436 120
9437 121
9438 122
9439 123
9440 124
9441 125
9442 126
9443 127
9444 128
9445 129
9446 130
9447 131
9448 132
9449 133
9450 134
9451 135
9452 136
9453 137
9454 1
9455 2
9456 3
9457 4
9458 5
9459 6
9460 7
9461 8
9462 9
9463 10
9464 11
9465 12
9466 13
9467 14
9468 15
9469 16
9470 17
9471 18
9472 19
9473 20
9474 21
9475 22
9476 23
9477 24
9478 25
9479 26
9480 27
9481 28
9482 29
9483 30
9484 31
9485 32
9486 33
9487 34
9488 35
9489 36
9490 37
9491 38
9492 39
9493 40
9494 41
9495 42
9496 43
9497 44
9498 45
9499 46
9500 47
9501 48
9502 49
9503 50
9504 51
9505 52
9506 53
9507 54
9508 55
9509 56
9510 57
9511 58
9512 59
9513 60
9514 61
9515 62
9516 63
9517 64
9518 65
9519 66
9520 67
9521 68
9522 69
9523 70
9524 71
9525 72
9526 73
9527 74
9528 75
9529 76
9530 77
9531 78
9532 79
9533 80
9534 81
9535 82
9536 83
9537 84
9538 85
9539 86
9540 87
9541 88
9542 89
9543 90
9544 91
9545 92
9546 93
9547 94
9548 95
9549 96
9550 97
9551 98
9552 99
9553 100
9554 101
9555 102
9556 103
9557 104
9558 105
9559 106
9560 107
9561 108
9562 109
9563 110
9564 111
9565 112
9566 113
9567 114
9568 115
9569 116
9570 117
9571 118
9572 119
9573 120
9574 121
9575 122
9576 123
9577 124
9578 125
9579 126
9580 127
9581 128
9582 129
9583 130
9584 131
9585 132
9586 133
9587 134
9588 135
9589 136
9590 137
9591 138
9592 1
9593 2
9594 3
9595 4
9596 5
9597 6
9598 7
9599 8
9600 9
9601 10
9602 11
9603 12
9604 13
9605 14
9606 15
9607 16
9608 17
9609 18
9610 19
9611 20
9612 21
9613 22
9614 23
9615 24
9616 25
9617 26
9618 27
9619 28
9620 29
9621 30
9622 31
9623 32
9624 33
9625 34
9626 35
9627 36
9628 37
9629 38
9630 39
9631 40
9632 41
9633 42
9634 43
9635 44
9636 45
9637 46
9638 47
9639 48
9640 49
9641 50
9642 51
9643 52
9644 53
9645 54
9646 55
9647 56
9648 57
9649 58
9650 59
9651 60
9652 61
9653 62
9654 63
9655 64
9656 65
9657 66
9658 67
9659 68
9660 69
9661 70
9662 71
9663 72
9664 73
9665 74
9666 75
9667 76
9668 77
9669 78
9670 79
9671 80
9672 81
9673 82
9674 83
9675 84
9676 85
9677 86
9678 87
9679 88
9680 89
9681 90
9682 91
9683 92
9684 93
9685 94
9686 95
9687 96
9688 97
9689 98
9690 99
9691 100
9692 101
9693 102
9694 103
9695 104
9696 105
9697 106
9698 107
9699 108
9700 109
9701 110
9702 111
9703 112
9704 113
9705 114
9706 115
9707 116
9708 117
9709 118
9710 119
9711 120
9712 121
9713 122
9714 123
9715 124
9716 125
9717 126
9718 127
9719 128
9720 129
9721 130
9722 131
9723 132
9724 133
9725 134
9726 135
9727 136
9728 137
9729 138
9730 139
9731 1
9732 2
9733 3
9734 4
9735 5
9736 6
9737 7
9738 8
9739 9
9740 10
9741 11
9742 12
9743 13
9744 14
9745 15
9746 16
9747 17
9748 18
9749 19
9750 20
9751 21
9752 22
9753 23
9754 24
9755 25
9756 26
9757 27
9758 28
9759 29
9760 30
9761 31
9762 32
9763 33
9764 34
9765 35
9766 36
9767 37
9768 38
9769 39
9770 40
9771 41
9772 42
9773 43
9774 44
9775 45
9776 46
9777 47
9778 48
9779 49
9780 50
9781 51
9782 52
9783 53
9784 54
9785 55
9786 56
9787 57
9788 58
9789 59
9790 60
9791 61
9792 62
9793 63
9794 64
9795 65
9796 66
9797 67
9798 68
9799 69
9800 70
9801 71
9802 72
9803 73
9804 74
9805 75
9806 76
9807 77
9808 78
9809 79
9810 80
9811 81
9812 82
9813 83
9814 84
9815 85
9816 86
9817 87
9818 88
9819 89
9820 90
9821 91
9822 92
9823 93
9824 94
9825 95
9826 96
9827 97
9828 98
9829 99
9830 100
9831 101
9832 102
9833 103
9834 104
9835 105
9836 106
9837 107
9838 108
9839 109
9840 110
9841 111
9842 112
9843 113
9844 114
9845 115
9846 116
9847 117
9848 118
9849 119
9850 120
9851 121
9852 122
9853 123
9854 124
9855 125
9856 126
9857 127
9858 128
9859 129
9860 130
9861 131
9862 132
9863 133
9864 134
9865 135
9866 136
9867 137
9868 138
9869 139
9870 140
9871 1
9872 2
9873 3
9874 4
9875 5
9876 6
9877 7
9878 8
9879 9
9880 10
9881 11
9882 12
9883 13
9884 14
9885 15
9886 16
9887 17
9888 18
9889 19
9890 20
9891 21
9892 22
9893 23
9894 24
9895 25
9896 26
9897 27
9898 28
9899 29
9900 30
9901 31
9902 32
9903 33
9904 34
9905 35
9906 36
9907 37
9908 38
9909 39
9910 40
9911 41
9912 42
9913 43
9914 44
9915 45
9916 46
9917 47
9918 48
9919 49
9920 50
9921 51
9922 52
9923 53
9924 54
9925 55
9926 56
9927 57
9928 58
9929 59
9930 60
9931 61
9932 62
9933 63
9934 64
9935 65
9936 66
9937 67
9938 68
9939 69
9940 70
9941 71
9942 72
9943 73
9944 74
9945 75
9946 76
9947 77
9948 78
9949 79
9950 80
9951 81
9952 82
9953 83
9954 84
9955 85
9956 86
9957 87
9958 88
9959 89
9960 90
9961 91
9962 92
9963 93
9964 94
9965 95
9966 96
9967 97
9968 98
9969 99
9970 100
9971 101
9972 102
9973 103
9974 104
9975 105
9976 106
9977 107
9978 108
9979 109
9980 110
9981 111
9982 112
9983 113
9984 114
9985 115
9986 116
9987 117
9988 118
9989 119
9990 120
9991 121
9992 122
9993 123
9994 124
9995 125
9996 126
9997 127
9998 128
9999 129
10000 130
10001 131
10002 132
10003 133
10004 134
10005 135
10006 136
10007 137
10008 138
10009 139
10010 140
10011 141
10012 1
10013 2
10014 3
10015 4
10016 5
10017 6
10018 7
10019 8
10020 9
10021 10
10022 11
10023 12
10024 13
10025 14
10026 15
10027 16
10028 17
10029 18
10030 19
10031 20
10032 21
10033 22
10034 23
10035 24
10036 25
10037 26
10038 27
10039 28
10040 29
10041 30
10042 31
10043 32
10044 33
10045 34
10046 35
10047 36
10048 37
10049 38
10050 39
10051 40
10052 41
10053 42
10054 43
10055 44
10056 45
10057 46
10058 47
10059 48
10060 49
10061 50
10062 51
10063 52
10064 53
10065 54
10066 55
10067 56
10068 57
10069 58
10070 59
10071 60
10072 61
10073 62
10074 63
10075 64
10076 65
10077 66
10078 67
10079 68
10080 69
10081 70
10082 71
10083 72
10084 73
10085 74
10086 75
10087 76
10088 77
10089 78
10090 79
10091 80
10092 81
10093 82
10094 83
10095 84
10096 85
10097 86
10098 87
10099 88
10100 89
10101 90
10102 91
10103 92
10104 93
10105 94
10106 95
10107 96
10108 97
10109 98
10110 99
10111 100
10112 101
10113 102
10114 103
10115 104
10116 105
10117 106
10118 107
10119 108
10120 109
10121 110
10122 111
10123 112
10124 113
10125 114
10126 115
10127 116
10128 117
10129 118
10130 119
10131 120
10132 121
10133 122
10134 123
10135 124
10136 125
10137 126
10138 127
10139 128
10140 129
10141 130
10142 131
10143 132
10144 133
10145 134
10146 135
10147 136
10148 137
10149 138
10150 139
10151 140
10152 141
10153 142
10154 1
10155 2
10156 3
10157 4
10158 5
10159 6
10160 7
10161 8
10162 9
10163 10
10164 11
10165 12
10166 13
10167 14
10168 15
10169 16
10170 17
10171 18
10172 19
10173 20
10174 21
10175 22
10176 23
10177 24
10178 25
10179 26
10180 27
10181 28
10182 29
10183 30
10184 31
10185 32
10186 33
10187 34
10188 35
10189 36
10190 37
10191 38
10192 39
10193 40
10194 41
10195 42
10196 43
10197 44
10198 45
10199 46
10200 47
10201 48
10202 49
10203 50
10204 51
10205 52
10206 53
10207 54
10208 55
10209 56
10210 57
10211 58
10212 59
10213 60
10214 61
10215 62
10216 63
10217 64
10218 65
10219 66
10220 67
10221 68
10222 69
10223 70
10224 71
10225 72
10226 73
10227 74
10228 75
10229 76
10230 77
10231 78
10232 79
10233 80
10234 81
10235 82
10236 83
10237 84
10238 85
10239 86
10240 87
10241 88
10242 89
10243 90
10244 91
10245 92
10246 93
10247 94
10248 95
10249 96
10250 97
10251 98
10252 99
10253 100
10254 101
10255 102
10256 103
10257 104
10258 105
10259 106
10260 107
10261 108
10262 109
10263 110
10264 111
10265 112
10266 113
10267 114
10268 115
10269 116
10270 117
10271 118
10272 119
10273 120
10274 121
10275 122
10276 123
10277 124
10278 125
10279 126
10280 127
10281 128
10282 129
10283 130
10284 131
10285 132
10286 133
10287 134
10288 135
10289 136
10290 137
10291 138
10292 139
10293 140
10294 141
10295 142
10296 143
10297 1
10298 2
10299 3
10300 4
10301 5
10302 6
10303 7
10304 8
10305 9
10306 10
10307 11
10308 12
10309 13
10310 14
10311 15
10312 16
10313 17
10314 18
10315 19
10316 20
10317 21
10318 22
10319 23
10320 24
10321 25
10322 26
10323 27
10324 28
10325 29
10326 30
10327 31
10328 32
10329 33
10330 34
10331 35
10332 36
10333 37
10334 38
10335 39
10336 40
10337 41
10338 42
10339 43
10340 44
10341 45
10342 46
10343 47
10344 48
10345 49
10346 50
10347 51
10348 52
10349 53
10350 54
10351 55
10352 56
10353 57
10354 58
10355 59
10356 60
10357 61
10358 62
10359 63
10360 64
10361 65
10362 66
10363 67
10364 68
10365 69
10366 70
10367 71
10368 72
10369 73
10370 74
10371 75
10372 76
10373 77
10374 78
10375 79
10376 80
10377 81
10378 82
10379 83
10380 84
10381 85
10382 86
10383 87
10384 88
10385 89
10386 90
10387 91
10388 92
10389 93
10390 94
10391 95
10392 96
10393 97
10394 98
10395 99
10396 100
10397 101
10398 102
10399 103
10400 104
10401 105
10402 106
10403 107
10404 108
10405 109
10406 110
10407 111
10408 112
10409 113
10410 114
10411 115
10412 116
10413 117
10414 118
10415 119
10416 120
10417 121
10418 122
10419 123
10420 124
10421 125
10422 126
10423 127
10424 128
10425 129
10426 130
10427 131
10428 132
10429 133
10430 134
10431 135
10432 136
10433 137
10434 138
10435 139
10436 140
10437 141
10438 142
10439 143
10440 144
10441 1
10442 2
10443 3
10444 4
10445 5
10446 6
10447 7
10448 8
10449 9
10450 10
10451 11
10452 12
10453 13
10454 14
10455 15
10456 16
10457 17
10458 18
10459 19
10460 20
10461 21
10462 22
10463 23
10464 24
10465 25
10466 26
10467 27
10468 28
10469 29
10470 30
10471 31
10472 32
10473 33
10474 34
10475 35
10476 36
10477 37
10478 38
10479 39
10480 40
10481 41
10482 42
10483 43
10484 44
10485 45
10486 46
10487 47
10488 48
10489 49
10490 50
10491 51
10492 52
10493 53
10494 54
10495 55
10496 56
10497 57
10498 58
10499 59
10500 60
10501 61
10502 62
10503 63
10504 64
10505 65
10506 66
10507 67
10508 68
10509 69
10510 70
10511 71
10512 72
10513 73
10514 74
10515 75
10516 76
10517 77
10518 78
10519 79
10520 80
10521 81
10522 82
10523 83
10524 84
10525 85
10526 86
10527 87
10528 88
10529 89
10530 90
10531 91
10532 92
10533 93
10534 94
10535 95
10536 96
10537 97
10538 98
10539 99
10540 100
10541 101
10542 102
10543 103
10544 104
10545 105
10546 106
10547 107
10548 108
10549 109
10550 110
10551 111
10552 112
10553 113
10554 114
10555 115
10556 116
10557 117
10558 118
10559 119
10560 120
10561 121
10562 122
10563 123
10564 124
10565 125
10566 126
10567 127
10568 128
10569 129
10570 130
10571 131
10572 132
10573 133
10574 134
10575 135
10576 136
10577 137
10578 138
10579 139
10580 140
10581 141
10582 142
10583 143
10584 144
10585 145
10586 1
10587 2
10588 3
10589 4
10590 5
10591 6
10592 7
10593 8
10594 9
10595 10
10596 11
10597 12
10598 13
10599 14
10600 15
10601 16
10602 17
10603 18
10604 19
10605 20
10606 21
10607 22
10608 23
10609 24
10610 25
10611 26
10612 27
10613 28
10614 29
10615 30
10616 31
10617 32
10618 33
10619 34
10620 35
10621 36
10622 37
10623 38
10624 39
10625 40
10626 41
10627 42
10628 43
10629 44
10630 45
10631 46
10632 47
10633 48
10634 49
10635 50
10636 51
10637 52
10638 53
10639 54
10640 55
10641 56
10642 57
10643 58
10644 59
10645 60
10646 61
10647 62
10648 63
10649 64
10650 65
10651 66
10652 67
10653 68
10654 69
10655 70
10656 71
10657 72
10658 73
10659 74
10660 75
10661 76
10662 77
10663 78
10664 79
10665 80
10666 81
10667 82
10668 83
10669 84
10670 85
10671 86
10672 87
10673 88
10674 89
10675 90
10676 91
10677 92
10678 93
10679 94
10680 95
10681 96
10682 97
10683 98
10684 99
10685 100
10686 101
10687 102
10688 103
10689 104
10690 105
10691 106
10692 107
10693 108
10694 109
10695 110
10696 111
10697 112
10698 113
10699 114
10700 115
10701 116
10702 117
10703 118
10704 119
10705 120
10706 121
10707 122
10708 123
10709 124
10710 125
10711 126
10712 127
10713 128
10714 129
10715 130
10716 131
10717 132
10718 133
10719 134
10720 135
10721 136
10722 137
10723 138
10724 139
10725 140
10726 141
10727 142
10728 143
10729 144
10730 145
10731 146
10732 1
10733 2
10734 3
10735 4
10736 5
10737 6
10738 7
10739 8
10740 9
10741 10
10742 11
10743 12
10744 13
10745 14
10746 15
10747 16
10748 17
10749 18
10750 19
10751 20
10752 21
10753 22
10754 23
10755 24
10756 25
10757 26
10758 27
10759 28
10760 29
10761 30
10762 31
10763 32
10764 33
10765 34
10766 35
10767 36
10768 37
10769 38
10770 39
10771 40
10772 41
10773 42
10774 43
10775 44
10776 45
10777 46
10778 47
10779 48
10780 49
10781 50
10782 51
10783 52
10784 53
10785 54
10786 55
10787 56
10788 57
10789 58
10790 59
10791 60
10792 61
10793 62
10794 63
10795 64
10796 65
10797 66
10798 67
10799 68
10800 69
10801 70
10802 71
10803 72
10804 73
10805 74
10806 75
10807 76
10808 77
10809 78
10810 79
10811 80
10812 81
10813 82
10814 83
10815 84
10816 85
10817 86
10818 87
10819 88
10820 89
10821 90
10822 91
10823 92
10824 93
10825 94
10826 95
10827 96
10828 97
10829 98
10830 99
10831 100
10832 101
10833 102
10834 103
10835 104
10836 105
10837 106
10838 107
10839 108
10840 109
10841 110
10842 111
10843 112
10844 113
10845 114
10846 115
10847 116
10848 117
10849 118
10850 119
10851 120
10852 121
10853 122
10854 123
10855 124
10856 125
10857 126
10858 127
10859 128
10860 129
10861 130
10862 131
10863 132
10864 133
10865 134
10866 135
10867 136
10868 137
10869 138
10870 139
10871 140
10872 141
10873 142
10874 143
10875 144
10876 145
10877 146
10878 147
10879 1
10880 2
10881 3
10882 4
10883 5
10884 6
10885 7
10886 8
10887 9
10888 10
10889 11
10890 12
10891 13
10892 14
10893 15
10894 16
10895 17
10896 18
10897 19
10898 20
10899 21
10900 22
10901 23
10902 24
10903 25
10904 26
10905 27
10906 28
10907 29
10908 30
10909 31
10910 32
10911 33
10912 34
10913 35
10914 36
10915 37
10916 38
10917 39
10918 40
10919 41
10920 42
10921 43
10922 44
10923 45
10924 46
10925 47
10926 48
10927 49
10928 50
10929 51
10930 52
10931 53
10932 54
10933 55
10934 56
10935 57
10936 58
10937 59
10938 60
10939 61
10940 62
10941 63
10942 64
10943 65
10944 66
10945 67
10946 68
10947 69
10948 70
10949 71
10950 72
10951 73
10952 74
10953 75
10954 76
10955 77
10956 78
10957 79
10958 80
10959 81
10960 82
10961 83
10962 84
10963 85
10964 86
10965 87
10966 88
10967 89
10968 90
10969 91
10970 92
10971 93
10972 94
10973 95
10974 96
10975 97
10976 98
10977 99
10978 100
10979 101
10980 102
10981 103
10982 104
10983 105
10984 106
10985 107
10986 108
10987 109
10988 110
10989 111
10990 112
10991 113
10992 114
10993 115
10994 116
10995 117
10996 118
10997 119
10998 120
10999 121
11000 122
11001 123
11002 124
11003 125
11004 126
11005 127
11006 128
11007 129
11008 130
11009 131
11010 132
11011 133
11012 134
11013 135
11014 136
11015 137
11016 138
11017 139
11018 140
11019 141
11020 142
11021 143
11022 144
11023 145
11024 146
11025 147
11026 148
11027 1
11028 2
11029 3
11030 4
11031 5
11032 6
11033 7
11034 8
11035 9
11036 10
11037 11
11038 12
11039 13
11040 14
11041 15
11042 16
11043 17
11044 18
11045 19
11046 20
11047 21
11048 22
11049 23
11050 24
11051 25
11052 26
11053 27
11054 28
11055 29
11056 30
11057 31
11058 32
11059 33
11060 34
11061 35
11062 36
11063 37
11064 38
11065 39
11066 40
11067 41
11068 42
11069 43
11070 44
11071 45
11072 46
11073 47
11074 48
11075 49
11076 50
11077 51
11078 52
11079 53
11080 54
11081 55
11082 56
11083 57
11084 58
11085 59
11086 60
11087 61
11088 62
11089 63
11090 64
11091 65
11092 66
11093 67
11094 68
11095 69
11096 70
11097 71
11098 72
11099 73
11100 74
11101 75
11102 76
11103 77
11104 78
11105 79
11106 80
11107 81
11108 82
11109 83
11110 84
11111 85
11112 86
11113 87
11114 88
11115 89
11116 90
11117 91
11118 92
11119 93
11120 94
11121 95
11122 96
11123 97
11124 98
11125 99
11126 100
11127 101
11128 102
11129 103
11130 104
11131 105
11132 106
11133 107
11134 108
11135 109
11136 110
11137 111
11138 112
11139 113
11140 114
11141 115
11142 116
11143 117
11144 118
11145 119
11146 120
11147 121
11148 122
11149 123
11150 124
11151 125
11152 126
11153 127
11154 128
11155 129
11156 130
11157 131
11158 132
11159 133
11160 134
11161 135
11162 136
11163 137
11164 138
11165 139
11166 140
11167 141
11168 142
11169 143
11170 144
11171 145
11172 146
11173 147
11174 148
11175 149
11176 1
11177 2
11178 3
11179 4
11180 5
11181 6
11182 7
11183 8
11184 9
11185 10
11186 11
11187 12
11188 13
11189 14
11190 15
11191 16
11192 17
11193 18
11194 19
11195 20
11196 21
11197 22
11198 23
11199 24
11200 25
11201 26
11202 27
11203 28
11204 29
11205 30
11206 31
11207 32
11208 33
11209 34
11210 35
11211 36
11212 37
11213 38
11214 39
11215 40
11216 41
11217 42
11218 43
11219 44
11220 45
11221 46
11222 47
11223 48
11224 49
11225 50
11226 51
11227 52
11228 53
11229 54
11230 55
11231 56
11232 57
11233 58
11234 59
11235 60
11236 61
11237 62
11238 63
11239 64
11240 65
11241 66
11242 67
11243 68
11244 69
11245 70
11246 71
11247 72
11248 73
11249 74
11250 75
11251 76
11252 77
11253 78
11254 79
11255 80
11256 81
11257 82
11258 83
11259 84
11260 85
11261 86
11262 87
11263 88
11264 89
11265 90
11266 91
11267 92
11268 93
11269 94
11270 95
11271 96
11272 97
11273 98
11274 99
11275 100
11276 101
11277 102
11278 103
11279 104
11280 105
11281 106
11282 107
11283 108
11284 109
11285 110
11286 111
11287 112
11288 113
11289 114
11290 115
11291 116
11292 117
11293 118
11294 119
11295 120
11296 121
11297 122
11298 123
11299 124
11300 125
11301 126
11302 127
11303 128
11304 129
11305 130
11306 131
11307 132
11308 133
11309 134
11310 135
11311 136
11312 137
11313 138
11314 139
11315 140
11316 141
11317 142
11318 143
11319 144
11320 145
11321 146
11322 147
11323 148
11324 149
11325 150
