0 0
1 0
2 1
3 1
4 4
5 1
6 5
7 1
8 12
9 6
10 7
11 1
12 16
13 1
14 9
15 8
16 32
17 1
18 21
19 1
20 24
21 10
22 13
23 1
24 44
25 10
26 15
27 27
28 32
29 1
30 31
31 1
32 80
33 14
34 19
35 12
36 60
37 1
38 21
39 16
40 68
41 1
42 41
43 1
44 48
45 39
46 25
47 1
48 112
49 14
50 45
51 20
52 56
53 1
54 81
55 16
56 92
57 22
58 31
59 1
60 92
61 1
62 33
63 51
64 192
65 18
66 61
67 1
68 72
69 26
70 59
71 1
72 156
73 1
74 39
75 55
76 80
77 18
78 71
79 1
80 176
81 108
82 43
83 1
84 124
85 22
86 45
87 32
88 140
89 1
90 123
91 20
92 96
93 34
94 49
95 24
96 272
97 1
98 77
99 75
100 140
101 1
102 91
103 1
104 164
105 71
106 55
107 1
108 216
109 1
110 87
111 40
112 240
113 1
114 101
115 28
116 120
117 87
118 61
119 24
120 244
121 22
122 63
123 44
124 128
125 75
126 165
127 1
128 448
129 46
130 101
131 1
132 188
133 26
134 69
135 162
136 212
137 1
138 121
139 1
140 188
141 50
142 73
143 24
144 384
145 34
146 75
147 91
148 152
149 1
150 185
151 1
152 236
153 111
154 113
155 36
156 220
157 1
158 81
159 56
160 432
161 30
162 297
163 1
164 168
165 103
166 85
167 1
168 332
169 26
170 129
171 123
172 176
173 1
174 151
175 95
176 368
177 62
178 91
179 1
180 336
181 1
182 131
183 64
184 284
185 42
186 161
187 28
188 192
189 216
190 143
191 1
192 640
193 1
194 99
195 119
196 252
197 1
198 249
199 1
200 380
201 70
202 103
203 36
204 284
205 46
206 105
207 147
208 432
209 30
210 247
211 1
212 216
213 74
214 109
215 48
216 540
217 38
218 111
219 76
220 284
221 30
222 191
223 1
224 592
225 240
226 115
227 1
228 316
229 1
230 171
231 131
232 356
233 1
234 291
235 52
236 240
237 82
238 167
239 1
240 608
241 1
242 165
243 405
244 248
245 119
246 211
247 32
248 380
249 86
250 275
251 1
252 456
253 34
254 129
255 151
256 1024
257 1
258 221
259 44
260 332
261 183
262 133
263 1
264 508
265 58
266 185
267 92
268 272
269 1
270 459
271 1
272 560
273 151
274 139
275 135
276 380
277 1
278 141
279 195
280 516
281 1
282 241
283 1
284 288
285 167
286 191
287 48
288 912
289 34
290 213
291 100
292 296
293 1
294 329
295 64
296 452
297 324
298 151
299 36
300 520
301 50
302 153
303 104
304 624
305 66
306 375
307 1
308 380
309 106
310 227
311 1
312 596
313 1
314 159
315 318
316 320
317 1
318 271
319 40
320 1024
321 110
322 221
323 36
324 756
325 155
326 165
327 112
328 500
329 54
330 371
331 1
332 336
333 231
334 169
335 72
336 832
337 1
338 221
339 116
340 428
341 42
342 417
343 147
344 524
345 199
346 175
347 1
348 476
349 1
350 365
351 378
352 912
353 1
354 301
355 76
356 360
357 191
358 181
359 1
360 852
361 38
362 183
363 187
364 444
365 78
366 311
367 1
368 752
369 255
370 269
371 60
372 508
373 1
374 243
375 350
376 572
377 42
378 621
379 1
380 476
381 130
382 193
383 1
384 1472
385 167
386 195
387 267
388 392
389 1
390 433
391 40
392 700
393 134
394 199
395 84
396 696
397 1
398 201
399 211
400 960
401 1
402 341
403 44
404 408
405 621
406 275
407 48
408 772
409 1
410 297
411 140
412 416
413 66
414 501
415 88
416 1072
417 142
418 269
419 1
420 704
421 1
422 213
423 291
424 644
425 195
426 361
427 68
428 432
429 215
430 311
431 1
432 1296
433 1
434 293
435 247
436 440
437 42
438 371
439 1
440 788
441 420
442 281
443 1
444 604
445 94
446 225
447 152
448 1408
449 1
450 705
451 52
452 456
453 154
454 229
455 191
456 860
457 1
458 231
459 486
460 572
461 1
462 493
463 1
464 944
465 263
466 235
467 1
468 816
469 74
470 339
471 160
472 716
473 54
474 401
475 215
476 572
477 327
478 241
479 1
480 1456
481 50
482 243
483 251
484 572
485 102
486 1053
487 1
488 740
489 166
490 483
491 1
492 668
493 46
494 311
495 474
496 1008
497 78
498 421
499 1
500 800
501 170
502 253
503 1
504 1164
505 106
506 321
507 247
508 512
509 1
510 557
511 80
512 2304
513 540
514 259
515 108
516 700
517 58
518 347
519 176
520 924
521 1
522 627
523 1
524 528
525 460
526 265
527 48
528 1280
529 46
530 381
531 363
532 636
533 54
534 451
535 112
536 812
537 182
538 271
539 203
540 1188
541 1
542 273
543 184
544 1392
545 114
546 575
547 1
548 552
549 375
550 545
551 48
552 1036
553 86
554 279
555 311
556 560
557 1
558 669
559 56
560 1312
561 271
562 283
563 1
564 764
565 118
566 285
567 837
568 860
569 1
570 619
571 1
572 668
573 194
574 383
575 255
576 2112
577 1
578 357
579 196
580 716
581 90
582 491
583 64
584 884
585 552
586 295
587 1
588 952
589 50
590 423
591 200
592 1200
593 1
594 945
595 239
596 600
597 202
598 371
599 1
600 1340
601 1
602 401
603 411
604 608
605 231
606 511
607 1
608 1552
609 311
610 437
611 60
612 1056
613 1
614 309
615 343
616 1068
617 1
618 521
619 1
620 764
621 648
622 313
623 96
624 1504
625 500
626 315
627 299
628 632
629 54
630 951
631 1
632 956
633 214
634 319
635 132
636 860
637 231
638 399
639 435
640 2368
641 1
642 541
643 1
644 764
645 359
646 395
647 1
648 1836
649 70
650 635
651 331
652 656
653 1
654 551
655 136
656 1328
657 447
658 437
659 1
660 1072
661 1
662 333
663 311
664 1004
665 263
666 795
667 52
668 672
669 226
670 479
671 72
672 2000
673 1
674 339
675 945
676 780
677 1
678 571
679 104
680 1196
681 230
682 425
683 1
684 1176
685 142
686 637
687 232
688 1392
689 66
690 743
691 1
692 696
693 624
694 349
695 144
696 1300
697 58
698 351
699 236
700 1080
701 1
702 1107
703 56
704 2176
705 391
706 355
707 108
708 956
709 1
710 507
711 483
712 1076
713 54
714 739
715 263
716 720
717 242
718 361
719 1
720 2064
721 110
722 437
723 244
724 728
725 315
726 737
727 1
728 1252
729 1458
730 521
731 60
732 988
733 1
734 369
735 602
736 1872
737 78
738 879
739 1
740 908
741 343
742 491
743 1
744 1388
745 154
746 375
747 507
748 860
749 114
750 1075
751 1
752 1520
753 254
754 461
755 156
756 1620
757 1
758 381
759 355
760 1332
761 1
762 641
763 116
764 768
765 708
766 385
767 72
768 3328
769 1
770 719
771 260
772 776
773 1
774 921
775 335
776 1172
777 391
778 391
779 60
780 1256
781 82
782 471
783 810
784 1792
785 162
786 661
787 1
788 792
789 266
790 563
791 120
792 1788
793 74
794 399
795 439
796 800
797 1
798 821
799 64
800 2320
801 543
802 403
803 84
804 1084
805 311
806 491
807 272
808 1220
809 1
810 1647
811 1
812 956
813 274
814 503
815 168
816 1952
817 62
818 411
819 726
820 1004
821 1
822 691
823 1
824 1244
825 680
826 545
827 1
828 1416
829 1
830 591
831 280
832 2560
833 287
834 701
835 172
836 956
837 864
838 421
839 1
840 1828
841 58
842 423
843 284
844 848
845 299
846 1005
847 275
848 1712
849 286
850 815
851 60
852 1148
853 1
854 563
855 786
856 1292
857 1
858 859
859 1
860 1052
861 431
862 433
863 1
864 3024
865 178
866 435
867 391
868 1020
869 90
870 929
871 80
872 1316
873 591
874 521
875 650
876 1180
877 1
878 441
879 296
880 2016
881 1
882 1281
883 1
884 1004
885 487
886 445
887 1
888 1652
889 134
890 633
891 1269
892 896
893 66
894 751
895 184
896 3264
897 407
898 451
899 60
900 1860
901 70
902 555
903 451
904 1364
905 186
906 761
907 1
908 912
909 615
910 837
911 1
912 2176
913 94
914 459
915 503
916 920
917 138
918 1431
919 1
920 1604
921 310
922 463
923 84
924 1448
925 395
926 465
927 627
928 2352
929 1
930 991
931 315
932 936
933 314
934 469
935 327
936 2100
937 1
938 617
939 316
940 1148
941 1
942 791
943 64
944 1904
945 1269
946 581
947 1
948 1276
949 86
950 905
951 320
952 1620
953 1
954 1131
955 196
956 960
957 439
958 481
959 144
960 3392
961 62
962 581
963 651
964 968
965 198
966 985
967 1
968 1628
969 431
970 689
971 1
972 2592
973 146
974 489
975 790
976 1968
977 1
978 821
979 100
980 1456
981 663
982 493
983 1
984 1828
985 202
986 585
987 491
988 1116
989 66
990 1443
991 1
992 2512
993 334
994 653
995 204
996 1340
997 1
998 501
999 1026
1000 2100
1001 311
1002 841
1003 76
1004 1008
1005 551
1006 505
1007 72
1008 2832
1009 1
1010 717
1011 340
1012 1148
1013 1
1014 1001
1015 383
1016 1532
1017 687
1018 511
1019 1
1020 1624
1021 1
1022 671
1023 467
1024 5120
1025 435
1026 1593
1027 92
1028 1032
1029 784
1030 731
1031 1
1032 1916
1033 1
1034 633
1035 942
1036 1212
1037 78
1038 871
1039 1
1040 2368
1041 350
1042 523
1043 156
1044 1776
1045 359
1046 525
1047 352
1048 1580
1049 1
1050 1445
1051 1
1052 1056
1053 1485
1054 623
1055 216
1056 3088
1057 158
1058 621
1059 356
1060 1292
1061 1
1062 1257
1063 1
1064 1804
1065 583
1066 641
1067 108
1068 1436
1069 1
1070 759
1071 930
1072 2160
1073 66
1074 901
1075 455
1076 1080
1077 362
1078 945
1079 96
1080 2916
1081 70
1082 543
1083 475
1084 1088
1085 407
1086 911
1087 1
1088 3328
1089 924
1090 773
1091 1
1092 1696
1093 1
1094 549
1095 599
1096 1652
1097 1
1098 1299
1099 164
1100 1640
1101 370
1102 647
1103 1
1104 2624
1105 371
1106 725
1107 1134
1108 1112
1109 1
1110 1177
1111 112
1112 1676
1113 551
1114 559
1115 228
1116 1896
1117 1
1118 671
1119 376
1120 3184
1121 78
1122 1103
1123 1
1124 1128
1125 1425
1126 565
1127 371
1128 2092
1129 1
1130 801
1131 503
1132 1136
1133 114
1134 2241
1135 232
1136 2288
1137 382
1138 571
1139 84
1140 1808
1141 170
1142 573
1143 771
1144 1908
1145 234
1146 961
1147 68
1148 1340
1149 386
1150 1085
1151 1
1152 4800
1153 1
1154 579
1155 886
1156 1292
1157 102
1158 971
1159 80
1160 2012
1161 1188
1162 761
1163 1
1164 1564
1165 238
1166 711
1167 392
1168 2352
1169 174
1170 1689
1171 1
1172 1176
1173 511
1174 589
1175 495
1176 2492
1177 118
1178 689
1179 795
1180 1436
1181 1
1182 991
1183 351
1184 2992
1185 647
1186 595
1187 1
1188 2484
1189 70
1190 1073
1191 400
1192 1796
1193 1
1194 1001
1195 244
1196 1340
1197 1032
1198 601
1199 120
1200 3280
1201 1
1202 603
1203 404
1204 1404
1205 246
1206 1425
1207 88
1208 1820
1209 535
1210 1067
1211 180
1212 1628
1213 1
1214 609
1215 2268
1216 3712
1217 1
1218 1231
1219 76
1220 1484
1221 551
1222 731
1223 1
1224 2724
1225 840
1226 615
1227 412
1228 1232
1229 1
1230 1301
1231 1
1232 2752
1233 831
1234 619
1235 407
1236 1660
1237 1
1238 621
1239 611
1240 2148
1241 90
1242 1917
1243 124
1244 1248
1245 679
1246 815
1247 72
1248 3632
1249 1
1250 1625
1251 843
1252 1256
1253 186
1254 1225
1255 256
1256 1892
1257 422
1258 737
1259 1
1260 2532
1261 110
1262 633
1263 424
1264 2544
1265 423
1266 1061
1267 188
1268 1272
1269 1296
1270 899
1271 72
1272 2356
1273 86
1274 1099
1275 1010
1276 1436
1277 1
1278 1509
1279 1
1280 5376
1281 631
1282 643
1283 1
1284 1724
1285 262
1286 645
1287 1074
1288 2172
1289 1
1290 1363
1291 1
1292 1436
1293 434
1294 649
1295 479
1296 4320
1297 1
1298 789
1299 436
1300 1920
1301 1
1302 1313
1303 1
1304 1964
1305 1176
1306 655
1307 1
1308 1756
1309 383
1310 927
1311 563
1312 3312
1313 114
1314 1551
1315 268
1316 1532
1317 442
1318 661
1319 1
1320 2804
1321 1
1322 663
1323 1701
1324 1328
1325 555
1326 1285
1327 1
1328 2672
1329 446
1330 1191
1331 363
1332 2256
1333 74
1334 771
1335 727
1336 2012
1337 198
1338 1121
1339 116
1340 1628
1341 903
1342 815
1343 96
1344 4672
1345 274
1346 675
1347 452
1348 1352
1349 90
1350 2565
1351 200
1352 2236
1353 607
1354 679
1355 276
1356 1820
1357 82
1358 887
1359 915
1360 3072
1361 1
1362 1141
1363 76
1364 1532
1365 1028
1366 685
1367 1
1368 3036
1369 74
1370 969
1371 460
1372 1960
1373 1
1374 1151
1375 950
1376 3472
1377 1917
1378 821
1379 204
1380 2176
1381 1
1382 693
1383 464
1384 2084
1385 282
1386 1941
1387 92
1388 1392
1389 466
1390 983
1391 120
1392 3296
1393 206
1394 813
1395 1254
1396 1400
1397 138
1398 1171
1399 1
1400 2860
1401 470
1402 703
1403 84
1404 2916
1405 286
1406 815
1407 691
1408 5056
1409 1
1410 1487
1411 100
1412 1416
1413 951
1414 923
1415 288
1416 2620
1417 122
1418 711
1419 635
1420 1724
1421 455
1422 1677
1423 1
1424 2864
1425 1120
1426 821
1427 1
1428 2192
1429 1
1430 1241
1431 1458
1432 2156
1433 1
1434 1201
1435 527
1436 1440
1437 482
1438 721
1439 1
1440 4848
1441 142
1442 941
1443 631
1444 1596
1445 459
1446 1211
1447 1
1448 2180
1449 1236
1450 1355
1451 1
1452 2200
1453 1
1454 729
1455 791
1456 3232
1457 78
1458 3645
1459 1
1460 1772
1461 490
1462 851
1463 419
1464 2708
1465 298
1466 735
1467 987
1468 1472
1469 126
1470 1939
1471 1
1472 4480
1473 494
1474 893
1475 615
1476 2496
1477 218
1478 741
1479 631
1480 2556
1481 1
1482 1427
1483 1
1484 1724
1485 1917
1486 745
1487 1
1488 3520
1489 1
1490 1053
1491 731
1492 1496
1493 1
1494 1761
1495 479
1496 2468
1497 502
1498 977
1499 1
1500 2900
1501 98
1502 753
1503 1011
1504 3792
1505 551
1506 1261
1507 148
1508 1676
1509 506
1510 1067
1511 1
1512 3996
1513 106
1514 759
1515 823
1516 1520
1517 78
1518 1469
1519 483
1520 3424
1521 1248
1522 763
1523 1
1524 2044
1525 635
1526 995
1527 512
1528 2300
1529 150
1530 2181
1531 1
1532 1536
1533 751
1534 911
1535 312
1536 7424
1537 82
1538 771
1539 2133
1540 2208
1541 90
1542 1291
1543 1
1544 2324
1545 839
1546 775
1547 431
1548 2616
1549 1
1550 1445
1551 691
1552 3120
1553 1
1554 1559
1555 316
1556 1560
1557 1047
1558 899
1559 1
1560 3292
1561 230
1562 945
1563 524
1564 1724
1565 318
1566 2403
1567 1
1568 4368
1569 526
1570 1109
1571 1
1572 2108
1573 407
1574 789
1575 1905
1576 2372
1577 102
1578 1321
1579 1
1580 1916
1581 671
1582 1031
1583 1
1584 4368
1585 322
1586 941
1587 667
1588 1592
1589 234
1590 1673
1591 80
1592 2396
1593 1620
1594 799
1595 519
1596 2440
1597 1
1598 927
1599 695
1600 5440
1601 1
1602 1887
1603 236
1604 1608
1605 871
1606 971
1607 1
1608 2972
1609 1
1610 1427
1611 1083
1612 1788
1613 1
1614 1351
1615 503
1616 3248
1617 1148
1618 811
1619 1
1620 4104
1621 1
1622 813
1623 544
1624 2724
1625 1100
1626 1361
1627 1
1628 1820
1629 1095
1630 1151
1631 240
1632 4720
1633 94
1634 941
1635 887
1636 1640
1637 1
1638 2271
1639 160
1640 2828
1641 550
1642 823
1643 84
1644 2204
1645 599
1646 825
1647 1674
1648 3312
1649 114
1650 2185
1651 140
1652 1916
1653 695
1654 829
1655 336
1656 3660
1657 1
1658 831
1659 811
1660 2012
1661 162
1662 1391
1663 1
1664 5952
1665 1488
1666 1407
1667 1
1668 2236
1669 1
1670 1179
1671 560
1672 2748
1673 246
1674 2565
1675 695
1676 1680
1677 727
1678 841
1679 96
1680 4496
1681 82
1682 957
1683 1374
1684 1688
1685 342
1686 1411
1687 248
1688 2540
1689 566
1690 1443
1691 108
1692 2856
1693 1
1694 1397
1695 919
1696 4272
1697 1
1698 1421
1699 1
1700 2480
1701 3078
1702 971
1703 144
1704 3148
1705 551
1706 855
1707 572
1708 1980
1709 1
1710 2427
1711 88
1712 3440
1713 574
1714 859
1715 1078
1716 2576
1717 118
1718 861
1719 1155
1720 2964
1721 1
1722 1723
1723 1
1724 1728
1725 1340
1726 865
1727 168
1728 6912
1729 471
1730 1221
1731 580
1732 1736
1733 1
1734 1649
1735 352
1736 2908
1737 1167
1738 1049
1739 84
1740 2728
1741 1
1742 1031
1743 851
1744 3504
1745 354
1746 2055
1747 1
1748 1916
1749 775
1750 2175
1751 120
1752 3236
1753 1
1754 879
1755 2241
1756 1760
1757 258
1758 1471
1759 1
1760 4912
1761 590
1762 883
1763 84
1764 3444
1765 358
1766 885
1767 739
1768 2892
1769 90
1770 1859
1771 491
1772 1776
1773 1191
1774 889
1775 735
1776 4192
1777 1
1778 1157
1779 596
1780 2156
1781 150
1782 3429
1783 1
1784 2684
1785 1312
1786 1025
1787 1
1788 2396
1789 1
1790 1263
1791 1203
1792 7424
1793 174
1794 1711
1795 364
1796 1800
1797 602
1798 1019
1799 264
1800 4620
1801 1
1802 1041
1803 604
1804 2012
1805 551
1806 1805
1807 152
1808 3632
1809 1836
1810 1277
1811 1
1812 2428
1813 567
1814 909
1815 1298
1816 2732
1817 102
1818 2139
1819 124
1820 2584
1821 610
1822 913
1823 1
1824 5264
1825 755
1826 1101
1827 1542
1828 1832
1829 90
1830 1921
1831 1
1832 2756
1833 791
1834 1193
1835 372
1836 3780
1837 178
1838 921
1839 616
1840 4128
1841 270
1842 1541
1843 116
1844 1848
1845 1644
1846 1091
1847 1
1848 3820
1849 86
1850 1715
1851 620
1852 1856
1853 126
1854 2181
1855 671
1856 5632
1857 622
1858 931
1859 455
1860 2912
1861 1
1862 1561
1863 2565
1864 2804
1865 378
1866 1561
1867 1
1868 1872
1869 911
1870 1589
1871 1
1872 5136
1873 1
1874 939
1875 2125
1876 2172
1877 1
1878 1571
1879 1
1880 3236
1881 1524
1882 943
1883 276
1884 2524
1885 587
1886 1071
1887 791
1888 4752
1889 1
1890 3483
1891 92
1892 2108
1893 634
1894 949
1895 384
1896 3500
1897 278
1898 1121
1899 1275
1900 2760
1901 1
1902 1591
1903 184
1904 4192
1905 1031
1906 955
1907 1
1908 3216
1909 106
1910 1347
1911 1330
1912 2876
1913 1
1914 1835
1915 388
1916 1920
1917 1944
1918 1247
1919 120
1920 7744
1921 130
1922 1085
1923 644
1924 2124
1925 1220
1926 2265
1927 88
1928 2900
1929 646
1930 1361
1931 1
1932 2936
1933 1
1934 969
1935 1722
1936 4224
1937 162
1938 1831
1939 284
1940 2348
1941 650
1942 973
1943 96
1944 6156
1945 394
1946 1265
1947 859
1948 1952
1949 1
1950 2555
1951 1
1952 4912
1953 1644
1954 979
1955 591
1956 2620
1957 122
1958 1179
1959 656
1960 3892
1961 90
1962 2307
1963 164
1964 1968
1965 1063
1966 985
1967 288
1968 4640
1969 190
1970 1389
1971 1998
1972 2156
1973 1
1974 1969
1975 815
1976 3220
1977 662
1978 1121
1979 1
1980 3876
1981 290
1982 993
1983 664
1984 6016
1985 402
1986 1661
1987 1
1988 2300
1989 1596
1990 1403
1991 192
1992 3676
1993 1
1994 999
1995 1454
1996 2000
1997 1
1998 3051
1999 1
2000 5200
2001 823
2002 1623
2003 1
2004 2684
2005 406
2006 1155
2007 1347
2008 3020
2009 623
2010 2107
2011 1
2012 2016
2013 887
2014 1151
2015 623
2016 6672
2017 1
2018 1011
2019 676
2020 2444
2021 90
2022 1691
2023 527
2024 3308
2025 3510
2026 1015
2027 1
2028 3016
2029 1
2030 1781
2031 680
2032 4080
2033 126
2034 2391
2035 647
2036 2040
2037 991
2038 1021
2039 1
2040 4268
2041 170
2042 1023
2043 1371
2044 2364
2045 414
2046 1957
2047 112
2048 11264
2049 686
2050 1895
2051 300
2052 4212
2053 1
2054 1211
2055 1111
2056 3092
2057 495
2058 2597
2059 100
2060 2492
2061 1383
2062 1033
2063 1
2064 4864
2065 743
2066 1035
2067 887
2068 2300
2069 1
2070 2919
2071 128
2072 3460
2073 694
2074 1193
2075 855
2076 2780
2077 98
2078 1041
2079 2565
2080 5776
2081 1
2082 1741
2083 1
2084 2088
2085 1127
2086 1355
2087 1
2088 4596
2089 1
2090 1763
2091 871
2092 2096
2093 551
2094 1751
2095 424
2096 4208
2097 1407
2098 1051
2099 1
2100 3940
2101 202
2102 1053
2103 704
2104 3164
2105 426
2106 4023
2107 651
2108 2300
2109 871
2110 1487
2111 1
2112 7232
2113 1
2114 1373
2115 1878
2116 2300
2117 102
2118 1771
2119 176
2120 3644
2121 1031
2122 1063
2123 204
2124 3576
2125 1400
2126 1065
2127 712
2128 4672
2129 1
2130 2231
2131 1
2132 2348
2133 2160
2134 1283
2135 767
2136 3940
2137 1
2138 1071
2139 875
2140 2588
2141 1
2142 2931
2143 1
2144 5392
2145 1504
2146 1205
2147 132
2148 2876
2149 314
2150 1985
2151 1443
2152 3236
2153 1
2154 1801
2155 436
2156 2968
2157 722
2158 1271
2159 144
2160 6912
2161 1
2162 1221
2163 1051
2164 2168
2165 438
2166 2033
2167 208
2168 3260
2169 1455
2170 1899
2171 180
2172 2908
2173 94
2174 1089
2175 1670
2176 7744
2177 318
2178 2937
2179 1
2180 2636
2181 730
2182 1093
2183 96
2184 4484
2185 647
2186 1095
2187 5103
2188 2192
2189 210
2190 2293
2191 320
2192 4400
2193 911
2194 1099
2195 444
2196 3696
2197 507
2198 1427
2199 736
2200 4380
2201 102
2202 1841
2203 1
2204 2396
2205 2541
2206 1105
2207 1
2208 6352
2209 94
2210 1847
2211 971
2212 2556
2213 1
2214 3375
2215 448
2216 3332
2217 742
2218 1111
2219 324
2220 3464
2221 1
2222 1335
2223 1770
2224 4464
2225 915
2226 2215
2227 148
2228 2232
2229 746
2230 1571
2231 120
2232 4908
2233 599
2234 1119
2235 1207
2236 2460
2237 1
2238 1871
2239 1
2240 7488
2241 2268
2242 1277
2243 1
2244 3328
2245 454
2246 1125
2247 1091
2248 3380
2249 186
2250 3975
2251 1
2252 2256
2253 754
2254 1869
2255 711
2256 5312
2257 98
2258 1131
2259 1515
2260 2732
2261 575
2262 2137
2263 104
2264 3404
2265 1223
2266 1361
2267 1
2268 5616
2269 1
2270 1599
2271 760
2272 5712
2273 1
2274 1901
2275 1410
2276 2280
2277 1824
2278 1307
2279 96
2280 4756
2281 1
2282 1481
2283 764
2284 2288
2285 462
2286 2685
2287 1
2288 4960
2289 1111
2290 1613
2291 108
2292 3068
2293 1
2294 1283
2295 2889
2296 3828
2297 1
2298 1921
2299 539
2300 3320
2301 983
2302 1153
2303 707
2304 10752
2305 466
2306 1155
2307 772
2308 2312
2309 1
2310 2927
2311 1
2312 3740
2313 1551
2314 1361
2315 468
2316 3100
2317 338
2318 1319
2319 776
2320 5184
2321 222
2322 3537
2323 124
2324 2684
2325 1780
2326 1165
2327 192
2328 4292
2329 154
2330 1641
2331 1950
2332 2588
2333 1
2334 1951
2335 472
2336 5872
2337 959
2338 1517
2339 1
2340 4548
2341 1
2342 1173
2343 1027
2344 3524
2345 839
2346 2195
2347 1
2348 2352
2349 3213
2350 2165
2351 1
2352 6160
2353 194
2354 1413
2355 1271
2356 2556
2357 1
2358 2769
2359 344
2360 4052
2361 790
2362 1183
2363 156
2364 3164
2365 743
2366 1885
2367 1587
2368 7168
2369 126
2370 2479
2371 1
2372 2376
2373 1151
2374 1189
2375 1550
2376 6156
2377 1
2378 1329
2379 1015
2380 3336
2381 1
2382 1991
2383 1
2384 4784
2385 2112
2386 1195
2387 635
2388 3196
2389 1
2390 1683
2391 800
2392 3876
2393 1
2394 3261
2395 484
2396 2400
2397 991
2398 1439
2399 1
2400 7760
2401 1372
2402 1203
2403 2430
2404 2408
2405 731
2406 2011
2407 112
2408 4012
2409 1055
2410 1697
2411 1
2412 4056
2413 146
2414 1383
2415 1738
2416 4848
2417 1
2418 2279
2419 100
2420 3344
2421 1623
2422 1571
2423 1
2424 4468
2425 995
2426 1215
2427 812
2428 2432
2429 354
2430 5751
2431 551
2432 8640
2433 814
2434 1219
2435 492
2436 3680
2437 1
2438 1371
2439 1635
2440 4188
2441 1
2442 2323
2443 356
2444 2684
2445 1319
2446 1225
2447 1
2448 6672
2449 110
2450 2905
2451 1003
2452 2456
2453 234
2454 2051
2455 496
2456 3692
2457 2997
2458 1231
2459 1
2460 3832
2461 130
2462 1233
2463 824
2464 6736
2465 723
2466 2895
2467 1
2468 2472
2469 826
2470 2049
2471 360
2472 4556
2473 1
2474 1239
2475 2865
2476 2480
2477 1
2478 2461
2479 104
2480 5536
2481 830
2482 1421
2483 204
2484 5076
2485 887
2486 1491
2487 832
2488 3740
2489 150
2490 2603
2491 100
2492 2876
2493 1671
2494 1391
2495 504
2496 8512
2497 238
2498 1251
2499 1694
2500 4500
2501 102
2502 2937
2503 1
2504 3764
2505 1351
2506 1625
2507 132
2508 3704
2509 206
2510 1767
2511 3429
2512 5040
2513 366
2514 2101
2515 508
2516 2732
2517 842
2518 1261
2519 240
2520 6324
2521 1
2522 1481
2523 1015
2524 2528
2525 1035
2526 2111
2527 627
2528 6352
2529 1695
2530 2111
2531 1
2532 3388
2533 166
2534 1643
2535 1742
2536 3812
2537 102
2538 3861
2539 1
2540 3068
2541 1672
2542 1415
2543 1
2544 5984
2545 514
2546 1445
2547 1707
2548 3472
2549 1
2550 3295
2551 1
2552 4148
2553 1031
2554 1279
2555 911
2556 4296
2557 1
2558 1281
2559 856
2560 12032
2561 210
2562 2543
2563 244
2564 2568
2565 3213
2566 1285
2567 168
2568 4732
2569 374
2570 1809
2571 860
2572 2576
2573 114
2574 3435
2575 1055
2576 5632
2577 862
2578 1291
2579 1
2580 4016
2581 118
2582 1293
2583 2154
2584 4164
2585 807
2586 2161
2587 212
2588 2592
2589 866
2590 2253
2591 1
2592 9936
2593 1
2594 1299
2595 1399
2596 2876
2597 791
2598 2171
2599 136
2600 5140
2601 2040
2602 1303
2603 156
2604 3928
2605 526
2606 1305
2607 1139
2608 5232
2609 1
2610 3657
2611 380
2612 2616
2613 1111
2614 1309
2615 528
2616 4820
2617 1
2618 2075
2619 2646
2620 3164
2621 1
2622 2437
2623 104
2624 7936
2625 2825
2626 1541
2627 108
2628 4416
2629 250
2630 1851
2631 880
2632 4380
2633 1
2634 2201
2635 767
2636 2640
2637 1767
2638 1321
2639 671
2640 6928
2641 158
2642 1323
2643 884
2644 2648
2645 759
2646 4725
2647 1
2648 3980
2649 886
2650 2435
2651 252
2652 3896
2653 386
2654 1329
2655 2346
2656 6672
2657 1
2658 2221
2659 1
2660 3712
2661 890
2662 2057
2663 1
2664 5844
2665 803
2666 1481
2667 1291
2668 2876
2669 174
2670 2789
2671 1
2672 5360
2673 4698
2674 1733
2675 1095
2676 3580
2677 1
2678 1571
2679 1091
2680 4596
2681 390
2682 3147
2683 1
2684 2972
2685 1447
2686 1535
2687 1
2688 10688
2689 1
2690 1893
2691 2118
2692 2696
2693 1
2694 2251
2695 1554
2696 4052
2697 1079
2698 1529
2699 1
2700 6480
2701 110
2702 1751
2703 1111
2704 5824
2705 546
2706 2567
2707 1
2708 2712
2709 2256
2710 1907
2711 1
2712 4996
2713 1
2714 1521
2715 1463
2716 3132
2717 599
2718 3189
2719 1
2720 7504
2721 910
2722 1363
2723 396
2724 3644
2725 1115
2726 1515
2727 2754
2728 4428
2729 1
2730 3421
2731 1
2732 2736
2733 914
2734 1369
2735 552
2736 7440
2737 671
2738 1517
2739 1195
2740 3308
2741 1
2742 2291
2743 224
2744 5292
2745 2424
2746 1375
2747 108
2748 3676
2749 1
2750 3275
2751 1331
2752 8320
2753 1
2754 5211
2755 791
2756 3020
2757 922
2758 1787
2759 120
2760 5732
2761 262
2762 1383
2763 1851
2764 2768
2765 983
2766 2311
2767 1
2768 5552
2769 1175
2770 1949
2771 180
2772 5268
2773 106
2774 1571
2775 2110
2776 4172
2777 1
2778 2321
2779 404
2780 3356
2781 2808
2782 1631
2783 627
2784 7984
2785 562
2786 1805
2787 932
2788 3020
2789 1
2790 3903
2791 1
2792 4196
2793 1876
2794 1673
2795 839
2796 3740
2797 1
2798 1401
2799 1875
2800 7120
2801 1
2802 2341
2803 1
2804 2808
2805 1916
2806 1571
2807 408
2808 7236
2809 106
2810 1977
2811 940
2812 3036
2813 126
2814 2789
2815 568
2816 11520
2817 1887
2818 1411
2819 1
2820 4384
2821 711
2822 1611
2823 944
2824 4244
2825 1155
2826 3315
2827 268
2828 3260
2829 1135
2830 1991
2831 168
2832 6656
2833 1
2834 1661
2835 4752
2836 2840
2837 1
2838 2689
2839 184
2840 4868
2841 950
2842 2331
2843 1
2844 4776
2845 574
2846 1425
2847 1207
2848 7152
2849 743
2850 3665
2851 1
2852 3068
2853 1911
2854 1429
2855 576
2856 5812
2857 1
2858 1431
2859 956
2860 3912
2861 1
2862 4347
2863 416
2864 5744
2865 1543
2866 1435
2867 108
2868 3836
2869 170
2870 2489
2871 2274
2872 4316
2873 611
2874 2401
2875 1850
2876 2880
2877 1391
2878 1441
2879 1
2880 11136
2881 110
2882 1725
2883 1147
2884 3324
2885 582
2886 2705
2887 1
2888 4636
2889 2916
2890 2363
2891 875
2892 3868
2893 274
2894 1449
2895 1559
2896 5808
2897 1
2898 3921
2899 236
2900 4160
2901 970
2902 1453
2903 1
2904 5852
2905 1031
2906 1455
2907 2262
2908 2912
2909 1
2910 3037
2911 112
2912 7920
2913 974
2914 1613
2915 903
2916 8748
2917 1
2918 1461
2919 1411
2920 5004
2921 150
2922 2441
2923 116
2924 3164
2925 3345
2926 2301
2927 1
2928 6880
2929 130
2930 2061
2931 980
2932 2936
2933 426
2934 3441
2935 592
2936 4412
2937 1279
2938 1721
2939 1
2940 5348
2941 190
2942 1473
2943 2970
2944 10432
2945 839
2946 2461
2947 428
2948 3260
2949 986
2950 2705
2951 240
2952 6468
2953 1
2954 1913
2955 1591
2956 2960
2957 1
2958 2741
2959 280
2960 6592
2961 2460
2962 1483
2963 1
2964 4336
2965 598
2966 1485
2967 1187
2968 4932
2969 1
2970 5319
2971 1
2972 2976
2973 994
2974 1489
2975 1790
2976 8528
2977 242
2978 1491
2979 1995
2980 3596
2981 282
2982 2953
2983 176
2984 4484
2985 1607
2986 1495
2987 132
2988 5016
2989 903
2990 2453
2991 1000
2992 6432
2993 114
2994 2501
2995 604
2996 3452
2997 4077
2998 1501
2999 1
3000 7300
3001 1
3002 1697
3003 1934
3004 3008
3005 606
3006 3525
3007 128
3008 9088
3009 1231
3010 2607
3011 1
3012 4028
3013 154
3014 1803
3015 2658
3016 4860
3017 438
3018 2521
3019 1
3020 3644
3021 1223
3022 1513
3023 1
3024 9504
3025 1760
3026 1725
3027 1012
3028 3032
3029 246
3030 3161
3031 440
3032 4556
3033 2031
3034 1673
3035 612
3036 4456
3037 1
3038 2485
3039 1016
3040 8368
3041 1
3042 4017
3043 196
3044 3048
3045 2164
3046 1525
3047 288
3048 5612
3049 1
3050 2795
3051 3078
3052 3516
3053 114
3054 2551
3055 911
3056 6128
3057 1022
3058 1829
3059 731
3060 5892
3061 1
3062 1533
3063 1024
3064 4604
3065 618
3066 3035
3067 1
3068 3356
3069 2424
3070 2159
3071 120
3072 16384
3073 446
3074 1701
3075 2330
3076 3080
3077 198
3078 5805
3079 1
3080 5956
3081 1303
3082 1721
3083 1
3084 4124
3085 622
3086 1545
3087 3381
3088 6192
3089 1
3090 3223
3091 292
3092 3096
3093 1034
3094 2409
3095 624
3096 6780
3097 182
3098 1551
3099 1036
3100 4440
3101 450
3102 2933
3103 136
3104 7792
3105 3861
3106 1555
3107 252
3108 4672
3109 1
3110 2187
3111 1271
3112 4676
3113 294
3114 3651
3115 1103
3116 3356
3117 1042
3118 1561
3119 1
3120 8144
3121 1
3122 2021
3123 2091
3124 3452
3125 3125
3126 2611
3127 112
3128 5012
3129 1511
3130 2201
3131 132
3132 6372
3133 254
3134 1569
3135 2122
3136 10304
3137 1
3138 2621
3139 116
3140 3788
3141 2103
3142 1573
3143 456
3144 5788
3145 899
3146 2387
3147 1052
3148 3152
3149 114
3150 5385
3151 160
3152 6320
3153 1054
3154 1781
3155 636
3156 4220
3157 815
3158 1581
3159 5508
3160 5412
3161 138
3162 2923
3163 1
3164 3644
3165 1703
3166 1585
3167 1
3168 10320
3169 1
3170 2229
3171 1531
3172 3468
3173 186
3174 2921
3175 1295
3176 4772
3177 2127
3178 2057
3179 663
3180 4936
3181 1
3182 1751
3183 1064
3184 6384
3185 1792
3186 4833
3187 1
3188 3192
3189 1066
3190 2633
3191 1
3192 6476
3193 134
3194 1599
3195 2814
3196 3452
3197 162
3198 2989
3199 464
3200 12480
3201 1391
3202 1603
3203 1
3204 5376
3205 646
3206 2075
3207 1072
3208 4820
3209 1
3210 3347
3211 663
3212 3548
3213 3861
3214 1609
3215 648
3216 7552
3217 1
3218 1611
3219 1271
3220 4464
3221 1
3222 3777
3223 304
3224 5188
3225 2440
3226 1615
3227 468
3228 4316
3229 1
3230 2621
3231 2163
3232 8112
3233 114
3234 3913
3235 652
3236 3240
3237 1367
3238 1621
3239 120
3240 9828
3241 470
3242 1623
3243 1291
3244 3248
3245 999
3246 2711
3247 208
3248 7072
3249 2508
3250 3825
3251 1
3252 4348
3253 1
3254 1629
3255 2306
3256 5268
3257 1
3258 3819
3259 1
3260 3932
3261 1090
3262 2111
3263 264
3264 11072
3265 658
3266 1821
3267 3861
3268 3516
3269 474
3270 3409
3271 1
3272 4916
3273 1094
3274 1639
3275 1335
3276 6180
3277 142
3278 1959
3279 1096
3280 7296
3281 210
3282 2741
3283 987
3284 3288
3285 2892
3286 1811
3287 192
3288 6052
3289 695
3290 2843
3291 1100
3292 3296
3293 126
3294 4995
3295 664
3296 8272
3297 1591
3298 1877
3299 1
3300 6020
3301 1
3302 1931
3303 2211
3304 5484
3305 666
3306 3043
3307 1
3308 3312
3309 1106
3310 2327
3311 851
3312 8976
3313 1
3314 1659
3315 2218
3316 3320
3317 138
3318 3281
3319 1
3320 5684
3321 4509
3322 1985
3323 1
3324 4444
3325 1980
3326 1665
3327 1112
3328 13568
3329 1
3330 4641
3331 1
3332 4480
3333 1447
3334 1669
3335 927
3336 6140
3337 118
3338 1671
3339 2766
3340 4028
3341 270
3342 2791
3343 1
3344 7168
3345 1799
3346 2165
3347 1
3348 6804
3349 214
3350 3065
3351 1120
3352 5036
3353 486
3354 3131
3355 1031
3356 3360
3357 2247
3358 1871
3359 1
3360 10672
3361 1
3362 1845
3363 1355
3364 3596
3365 678
3366 4431
3367 831
3368 5060
3369 1126
3370 2369
3371 1
3372 4508
3373 1
3374 2183
3375 5400
3376 6768
3377 318
3378 2821
3379 140
3380 4576
3381 2240
3382 1907
3383 216
3384 7404
3385 682
3386 1695
3387 1132
3388 4488
3389 1
3390 3533
3391 1
3392 10240
3393 2640
3394 1699
3395 1199
3396 4540
3397 122
3398 1701
3399 1475
3400 6660
3401 198
3402 7857
3403 124
3404 3644
3405 1831
3406 1991
3407 1
3408 8000
3409 494
3410 2807
3411 2283
3412 3416
3413 1
3414 2851
3415 688
3416 5668
3417 1391
3418 1711
3419 276
3420 6564
3421 322
3422 1887
3423 1651
3424 8592
3425 1395
3426 2861
3427 172
3428 3432
3429 3456
3430 3871
3431 120
3432 6868
3433 1
3434 1953
3435 1847
3436 3440
3437 498
3438 4029
3439 200
3440 7648
3441 1351
3442 1723
3443 324
3444 5168
3445 1019
3446 1725
3447 2307
3448 5180
3449 1
3450 4405
3451 815
3452 3456
3453 1154
3454 2063
3455 696
3456 15552
3457 1
3458 2671
3459 1156
3460 4172
3461 1
3462 2891
3463 1
3464 5204
3465 3813
3466 1735
3467 1
3468 5032
3469 1
3470 2439
3471 1463
3472 7552
3473 174
3474 4071
3475 1415
3476 3836
3477 1399
3478 1907
3479 1043
3480 7196
3481 118
3482 1743
3483 4725
3484 3804
3485 987
3486 3445
3487 328
3488 8752
3489 1166
3490 2453
3491 1
3492 5856
3493 506
3494 1749
3495 1879
3496 5580
3497 282
3498 3299
3499 1
3500 6100
3501 2343
3502 1991
3503 144
3504 8224
3505 706
3506 1755
3507 1691
3508 3512
3509 759
3510 6237
3511 1
3512 5276
3513 1174
3514 2273
3515 983
3516 4700
3517 1
3518 1761
3519 2706
3520 11584
3521 510
3522 2941
3523 284
3524 3528
3525 2660
3526 1931
3527 1
3528 8652
3529 1
3530 2481
3531 1531
3532 3536
3533 1
3534 3245
3535 1247
3536 7552
3537 3564
3538 1949
3539 1
3540 5488
3541 1
3542 2753
3543 1184
3544 5324
3545 714
3546 4155
3547 1
3548 3552
3549 2236
3550 3245
3551 120
3552 10160
3553 719
3554 1779
3555 3126
3556 4092
3557 1
3558 2971
3559 1
3560 6092
3561 1190
3562 2081
3563 516
3564 8640
3565 983
3566 1785
3567 1399
3568 7152
3569 126
3570 4409
3571 1
3572 3836
3573 2391
3574 1789
3575 2030
3576 6580
3577 1071
3578 1791
3579 1196
3580 4316
3581 1
3582 4197
3583 1
3584 16640
3585 1927
3586 2141
3587 228
3588 5216
3589 134
3590 2523
3591 4293
3592 5396
3593 1
3594 3001
3595 724
3596 3836
3597 1559
3598 2327
3599 120
3600 11040
3601 290
3602 1803
3603 1204
3604 3884
3605 1271
3606 3011
3607 1
3608 5828
3609 2415
3610 2907
3611 180
3612 5416
3613 1
3614 2111
3615 1943
3616 9072
3617 1
3618 5481
3619 923
3620 4364
3621 1471
3622 1813
3623 1
3624 6668
3625 2300
3626 2947
3627 2814
3628 3632
3629 210
3630 4411
3631 1
3632 7280
3633 1751
3634 2021
3635 732
3636 6096
3637 1
3638 2067
3639 1216
3640 6988
3641 342
3642 3041
3643 1
3644 3648
3645 8019
3646 1825
3647 528
3648 12352
3649 130
3650 3335
3651 1220
3652 4028
3653 294
3654 4911
3655 1031
3656 5492
3657 1447
3658 2009
3659 1
3660 5672
3661 530
3662 1833
3663 2874
3664 7344
3665 738
3666 3415
3667 212
3668 4220
3669 1226
3670 2579
3671 1
3672 9396
3673 1
3674 2193
3675 3745
3676 3680
3677 1
3678 3071
3679 296
3680 10096
3681 2463
3682 2381
3683 156
3684 4924
3685 1127
3686 2075
3687 1232
3688 5540
3689 863
3690 5133
3691 1
3692 4028
3693 1234
3694 1849
3695 744
3696 9488
3697 1
3698 2021
3699 3726
3700 5280
3701 1
3702 3091
3703 851
3704 5564
3705 2456
3706 2105
3707 348
3708 6216
3709 1
3710 3197
3711 1240
3712 13120
3713 126
3714 3101
3715 748
3716 3720
3717 3072
3718 2769
3719 1
3720 7684
3721 122
3722 1863
3723 1511
3724 4984
3725 1515
3726 6993
3727 1
3728 7472
3729 1615
3730 2621
3731 911
3732 4988
3733 1
3734 1869
3735 3282
3736 5612
3737 138
3738 3691
3739 1
3740 5048
3741 1463
3742 1873
3743 216
3744 12144
3745 1319
3746 1875
3747 1252
3748 3752
3749 186
3750 6125
3751 803
3752 6220
3753 3780
3754 1879
3755 756
3756 5020
3757 731
3758 1881
3759 1811
3760 8352
3761 1
3762 4929
3763 124
3764 3768
3765 2023
3766 2435
3767 1
3768 6932
3769 1
3770 3059
3771 2523
3772 4028
3773 1960
3774 3469
3775 1535
3776 11392
3777 1262
3778 1891
3779 1
3780 8856
3781 218
3782 2075
3783 1591
3784 6108
3785 762
3786 3161
3787 548
3788 3792
3789 2535
3790 2663
3791 240
3792 8896
3793 1
3794 2453
3795 2534
3796 4140
3797 1
3798 4449
3799 160
3800 7420
3801 1831
3802 1903
3803 1
3804 5084
3805 766
3806 2271
3807 5157
3808 10288
3809 306
3810 3967
3811 140
3812 3816
3813 1487
3814 1909
3815 1343
3816 8340
3817 358
3818 2121
3819 1531
3820 4604
3821 1
3822 4571
3823 1
3824 7664
3825 4305
3826 1915
3827 132
3828 5584
3829 554
3830 2691
3831 1280
3832 5756
3833 1
3834 5805
3835 1127
3836 4412
3837 1282
3838 2159
3839 360
3840 17408
3841 190
3842 2181
3843 3174
3844 4092
3845 774
3846 3211
3847 1
3848 6172
3849 1286
3850 4365
3851 1
3852 6456
3853 1
3854 2103
3855 2071
3856 7728
3857 887
3858 3221
3859 244
3860 4652
3861 4509
3862 1933
3863 1
3864 7804
3865 778
3866 1935
3867 1292
3868 3872
3869 126
3870 5379
3871 1155
3872 10384
3873 1294
3874 2261
3875 2450
3876 5600
3877 1
3878 2507
3879 2595
3880 6636
3881 1
3882 3241
3883 364
3884 3888
3885 2732
3886 2135
3887 767
3888 14256
3889 1
3890 2733
3891 1300
3892 4476
3893 246
3894 3665
3895 1079
3896 5852
3897 2607
3898 1951
3899 564
3900 7060
3901 130
3902 1953
3903 1304
3904 11776
3905 1191
3906 5241
3907 1
3908 3912
3909 1306
3910 3137
3911 1
3912 7196
3913 951
3914 2201
3915 4833
3916 4316
3917 1
3918 3271
3919 1
3920 9744
3921 1310
3922 2141
3923 1
3924 6576
3925 1595
3926 2291
3927 2458
3928 5900
3929 1
3930 4091
3931 1
3932 3936
3933 3000
3934 2543
3935 792
3936 11248
3937 158
3938 2349
3939 1655
3940 4748
3941 570
3942 5967
3943 1
3944 6284
3945 2119
3946 1975
3947 1
3948 5912
3949 370
3950 3605
3951 2643
3952 8416
3953 126
3954 3301
3955 1391
3956 4220
3957 1322
3958 1981
3959 144
3960 9732
3961 250
3962 2561
3963 1324
3964 3968
3965 1163
3966 3311
3967 1
3968 14016
3969 6426
3970 2789
3971 779
3972 5308
3973 166
3974 1989
3975 2990
3976 6588
3977 138
3978 5181
3979 196
3980 4796
3981 1330
3982 2375
3983 576
3984 9344
3985 802
3986 1995
3987 2667
3988 3992
3989 1
3990 4903
3991 320
3992 5996
3993 2420
3994 1999
3995 1119
3996 8100
3997 578
3998 2001
3999 1555
4000 12400
4001 1
4002 3647
4003 1
4004 5248
4005 3516
4006 2005
4007 1
4008 7372
4009 230
4010 2817
4011 1931
4012 4316
4013 1
4014 4701
4015 1223
4016 8048
4017 1687
4018 3255
4019 1
4020 6224
4021 1
4022 2013
4023 4050
4024 6044
4025 2360
4026 3787
4027 1
4028 4316
4029 1631
4030 3261
4031 168
4032 15360
4033 146
4034 2019
4035 2167
4036 4040
4037 378
4038 3371
4039 584
4040 6908
4041 2703
4042 2201
4043 324
4044 5404
4045 814
4046 3077
4047 1619
4048 8640
4049 1
4050 9045
4051 1
4052 4056
4053 1951
4054 2029
4055 816
4056 8060
4057 1
4058 2031
4059 3174
4060 5592
4061 162
4062 3391
4063 256
4064 10192
4065 2183
4066 2285
4067 1211
4068 6816
4069 326
4070 3329
4071 1603
4072 6116
4073 1
4074 4019
4075 1655
4076 4080
4077 4104
4078 2041
4079 1
4080 10576
4081 1031
4082 2381
4083 1364
4084 4088
4085 1127
4086 4785
4087 128
4088 6772
4089 1591
4090 2873
4091 1
4092 5960
4093 1
4094 2271
4095 4449
4096 24576
4097 258
4098 3421
4099 1
4100 5840
4101 1370
4102 2651
4103 384
4104 10476
4105 826
4106 2055
4107 1591
4108 4476
4109 594
4110 4277
4111 1
4112 8240
4113 2751
4114 3047
4115 828
4116 7252
4117 202
4118 2259
4119 1376
4120 7044
4121 330
4122 4827
4123 939
4124 4128
4125 4225
4126 2065
4127 1
4128 11792
4129 1
4130 3551
4131 7128
4132 4136
4133 1
4134 3841
4135 832
4136 6668
4137 1991
4138 2071
4139 1
4140 7908
4141 142
4142 2327
4143 1384
4144 8992
4145 834
4146 3461
4147 839
4148 4460
4149 2775
4150 3785
4151 600
4152 7636
4153 1
4154 2273
4155 2231
4156 4160
4157 1
4158 7209
4159 1
4160 13632
4161 1663
4162 2083
4163 204
4164 5564
4165 2268
4166 2085
4167 2787
4168 6260
4169 390
4170 4339
4171 140
4172 4796
4173 1751
4174 2089
4175 1695
4176 11280
4177 1
4178 2091
4179 2011
4180 5616
4181 150
4182 3833
4183 136
4184 6284
4185 5157
4186 3195
4187 132
4188 5596
4189 130
4190 2943
4191 1811
4192 10512
4193 606
4194 4911
4195 844
4196 4200
4197 1402
4198 2101
4199 791
4200 9980
4201 1
4202 2505
4203 2811
4204 4208
4205 1131
4206 3511
4207 608
4208 8432
4209 1655
4210 2957
4211 1
4212 10152
4213 394
4214 3409
4215 2263
4216 6708
4217 1
4218 3851
4219 1
4220 5084
4221 3480
4222 2113
4223 144
4224 16576
4225 2340
4226 2115
4227 1412
4228 4860
4229 1
4230 5871
4231 1
4232 6716
4233 1711
4234 2321
4235 2222
4236 5660
4237 242
4238 2471
4239 4266
4240 9408
4241 1
4242 4183
4243 1
4244 4248
4245 2279
4246 2531
4247 168
4248 9276
4249 614
4250 4925
4251 1783
4252 4256
4253 1
4254 3551
4255 1151
4256 11472
4257 3324
4258 2131
4259 1
4260 6592
4261 1
4262 2133
4263 2786
4264 6828
4265 858
4266 6453
4267 268
4268 4700
4269 1426
4270 3669
4271 1
4272 10016
4273 1
4274 2139
4275 4785
4276 4280
4277 1031
4278 3889
4279 400
4280 7316
4281 1430
4282 2143
4283 1
4284 8004
4285 862
4286 2145
4287 1432
4288 12928
4289 1
4290 5153
4291 620
4292 4556
4293 5805
4294 2411
4295 864
4296 7900
4297 1
4298 2777
4299 1436
4300 6120
4301 831
4302 5037
4303 344
4304 8624
4305 3016
4306 2155
4307 132
4308 5756
4309 170
4310 3027
4311 2883
4312 8092
4313 246
4314 3601
4315 868
4316 4700
4317 1442
4318 2447
4319 624
4320 15984
4321 178
4322 2163
4323 1867
4324 4604
4325 1755
4326 4265
4327 1
4328 6500
4329 3336
4330 3041
4331 132
4332 6232
4333 626
4334 2583
4335 2822
4336 8688
4337 1
4338 5079
4339 1
4340 5968
4341 1450
4342 2531
4343 144
4344 7988
4345 1319
4346 2361
4347 5157
4348 4352
4349 1
4350 5515
4351 248
4352 17664
4353 1454
4354 2813
4355 1271
4356 8052
4357 1
4358 2181
4359 1456
4360 7452
4361 1295
4362 3641
4363 1
4364 4368
4365 3828
4366 2375
4367 408
4368 11152
4369 274
4370 3479
4371 1691
4372 4376
4373 1
4374 12393
4375 4125
4376 6572
4377 1462
4378 2609
4379 180
4380 6776
4381 350
4382 2831
4383 2931
4384 10992
4385 882
4386 4015
4387 148
4388 4392
4389 2720
4390 3083
4391 1
4392 9588
4393 214
4394 3211
4395 2359
4396 5052
4397 1
4398 3671
4399 136
4400 10960
4401 4428
4402 2405
4403 1007
4404 5884
4405 886
4406 2205
4407 1847
4408 6996
4409 1
4410 7287
4411 412
4412 4416
4413 1474
4414 2209
4415 888
4416 14912
4417 638
4418 2397
4419 2955
4420 5904
4421 1
4422 4153
4423 1
4424 7324
4425 3320
4426 2215
4427 252
4428 8964
4429 146
4430 3111
4431 2131
4432 8880
4433 887
4434 3701
4435 892
4436 4440
4437 3372
4438 2867
4439 216
4440 9148
4441 1
4442 2223
4443 1484
4444 4892
4445 1559
4446 5763
4447 1
4448 11152
4449 1486
4450 4055
4451 1
4452 6656
4453 134
4454 2523
4455 7236
4456 6692
4457 1
4458 3721
4459 2254
4460 5372
4461 1490
4462 2471
4463 1
4464 12048
4465 1223
4466 3431
4467 1492
4468 4472
4469 150
4470 4649
4471 280
4472 7156
4473 3684
4474 2239
4475 1815
4476 5980
4477 935
4478 2241
4479 1496
4480 17216
4481 1
4482 6777
4483 1
4484 4796
4485 2932
4486 2245
4487 648
4488 8900
4489 134
4490 3153
4491 3003
4492 4496
4493 1
4494 4429
4495 1199
4496 9008
4497 1502
4498 2621
4499 420
4500 10200
4501 650
4502 2253
4503 1795
4504 6764
4505 1251
4506 3761
4507 1
4508 5992
4509 4536
4510 3677
4511 360
4512 12880
4513 1
4514 2453
4515 3158
4516 4520
4517 1
4518 5289
4519 1
4520 7724
4521 1951
4522 3411
4523 1
4524 6536
4525 1835
4526 2471
4527 3027
4528 9072
4529 654
4530 4711
4531 220
4532 4988
4533 1514
4534 2269
4535 912
4536 13500
4537 362
4538 2271
4539 1831
4540 5468
4541 258
4542 3791
4543 1139
4544 13696
4545 3984
4546 2275
4547 1
4548 6076
4549 1
4550 5095
4551 1751
4552 6836
4553 186
4554 5925
4555 916
4556 4892
4557 2968
4558 2471
4559 144
4560 11792
4561 1
4562 2283
4563 5265
4564 5244
4565 1383
4566 3811
4567 1
4568 6860
4569 1526
4570 3209
4571 660
4572 7656
4573 286
4574 2289
4575 3430
4576 12208
4577 222
4578 4511
4579 260
4580 5516
4581 3063
4582 2507
4583 1
4584 8428
4585 1607
4586 2295
4587 1979
4588 4860
4589 366
4590 8073
4591 1
4592 9952
4593 1534
4594 2299
4595 924
4596 6140
4597 1
4598 3377
4599 3786
4600 8940
4601 150
4602 4267
4603 1
4604 4608
4605 2471
4606 3717
4607 288
4608 23808
4609 430
4610 3237
4611 1783
4612 4616
4613 666
4614 3851
4615 1343
4616 6932
4617 7938
4618 2311
4619 180
4620 8164
4621 1
4622 2313
4623 1811
4624 9792
4625 2900
4626 5415
4627 668
4628 5036
4629 1546
4630 3251
4631 432
4632 8516
4633 154
4634 2993
4635 4062
4636 4956
4637 1
4638 3871
4639 1
4640 12688
4641 2840
4642 2765
4643 1
4644 9396
4645 934
4646 2571
4647 1552
4648 7692
4649 1
4650 5885
4651 1
4652 4656
4653 3624
4654 2711
4655 2506
4656 10912
4657 1
4658 2637
4659 1556
4660 5612
4661 138
4662 6231
4663 1
4664 7508
4665 2503
4666 2335
4667 372
4668 6236
4669 1031
4670 3279
4671 4698
4672 14080
4673 1
4674 4255
4675 2570
4676 5372
4677 1562
4678 2341
4679 1
4680 11436
4681 182
4682 2343
4683 2251
4684 4688
4685 942
4686 4397
4687 152
4688 9392
4689 3135
4690 4023
4691 1
4692 6736
4693 855
4694 2349
4695 2519
4696 7052
4697 1175
4698 8775
4699 164
4700 6680
4701 1570
4702 2353
4703 1
4704 14672
4705 946
4706 2741
4707 3147
4708 5180
4709 294
4710 4897
4711 680
4712 7468
4713 1574
4714 2359
4715 1263
4716 7896
4717 142
4718 3047
4719 2794
4720 10464
4721 1
4722 3941
4723 1
4724 4728
4725 7290
4726 2675
4727 192
4728 8692
4729 1
4730 3851
4731 1883
4732 6136
4733 1
4734 5541
4735 952
4736 16704
4737 1582
4738 2621
4739 684
4740 7328
4741 442
4742 2373
4743 3594
4744 7124
4745 1379
4746 4675
4747 148
4748 4752
4749 1586
4750 5475
4751 1
4752 14688
4753 1407
4754 2379
4755 2551
4756 5036
4757 138
4758 4409
4759 1
4760 9052
4761 3588
4762 2383
4763 444
4764 6364
4765 958
4766 2385
4767 2291
4768 11952
4769 270
4770 6609
4771 380
4772 4776
4773 1831
4774 3657
4775 1935
4776 8780
4777 298
4778 2391
4779 6453
4780 5756
4781 690
4782 3991
4783 1
4784 10144
4785 3152
4786 2395
4787 1
4788 8916
4789 1
4790 3363
4791 1600
4792 7196
4793 1
4794 4379
4795 1679
4796 5276
4797 3684
4798 2401
4799 1
4800 17920
4801 1
4802 5145
4803 1604
4804 4808
4805 1271
4806 7263
4807 899
4808 7220
4809 2311
4810 3867
4811 300
4812 6428
4813 1
4814 2631
4815 4218
4816 10432
4817 1
4818 4519
4819 140
4820 5804
4821 1610
4822 2413
4823 1151
4824 10524
4825 1955
4826 2705
4827 1612
4828 5180
4829 450
4830 5891
4831 1
4832 12112
4833 4860
4834 2419
4835 972
4836 6976
4837 698
4838 2619
4839 1616
4840 9108
4841 150
4842 5667
4843 196
4844 5564
4845 3124
4846 2425
4847 168
4848 11360
4849 386
4850 4415
4851 5061
4852 4856
4853 234
4854 4051
4855 976
4856 7292
4857 1622
4858 3137
4859 156
4860 13932
4861 1
4862 3533
4863 1624
4864 19712
4865 1703
4866 4061
4867 188
4868 4872
4869 3255
4870 3419
4871 1
4872 9796
4873 454
4874 2439
4875 4925
4876 5180
4877 1
4878 5709
4879 1103
4880 10816
4881 1630
4882 2443
4883 276
4884 7088
4885 982
4886 3155
4887 4914
4888 7812
4889 1
4890 5083
4891 140
4892 4896
4893 2351
4894 2449
4895 1479
4896 15792
4897 142
4898 2669
4899 1915
4900 8260
4901 923
4902 4457
4903 1
4904 7364
4905 4296
4906 2921
4907 708
4908 6556
4909 1
4910 3447
4911 1640
4912 9840
4913 867
4914 8451
4915 988
4916 4920
4917 2119
4918 2461
4919 1
4920 10124
4921 1095
4922 2721
4923 3291
4924 4928
4925 1995
4926 4111
4927 392
4928 15936
4929 1895
4930 3911
4931 1
4932 8256
4933 1
4934 2469
4935 3442
4936 7412
4937 1
4938 4121
4939 460
4940 6568
4941 6669
4942 3191
4943 1
4944 11584
4945 1319
4946 2475
4947 1991
4948 4952
4949 1463
4950 8205
4951 1
4952 7436
4953 2071
4954 2479
4955 996
4956 7400
4957 1
4958 2687
4959 3738
4960 13552
4961 1023
4962 4141
4963 716
4964 5324
4965 2663
4966 2891
4967 1
4968 12636
4969 1
4970 4259
4971 1660
4972 5468
4973 1
4974 4151
4975 2015
4976 9968
4977 4092
4978 2789
4979 396
4980 7696
4981 310
4982 2691
4983 2147
4984 8244
4985 1002
4986 5835
4987 1
4988 5276
4989 1666
4990 3503
4991 1091
4992 19520
4993 1
4994 2973
4995 6129
4996 5000
4997 282
4998 5887
4999 1
5000 11500
5001 1670
5002 2705
5003 1
5004 8376
5005 2556
5006 2505
5007 1672
5008 10032
5009 1
5010 5207
5011 1
5012 5756
5013 3351
5014 2771
5015 1383
5016 9916
5017 202
5018 2921
5019 2411
5020 6044
5021 1
5022 9369
5023 1
5024 12592
5025 3760
5026 3245
5027 468
5028 6716
5029 154
5030 3531
5031 3858
5032 7980
5033 726
5034 4201
5035 1367
5036 5040
5037 1967
5038 2999
5039 1
5040 15168
5041 142
5042 2523
5043 1927
5044 5484
5045 1014
5046 4553
5047 1491
5048 7580
5049 5805
5050 4595
5051 1
5052 6748
5053 194
5054 3781
5055 2711
5056 15232
5057 402
5058 5919
5059 1
5060 6752
5061 2431
5062 2533
5063 144
5064 9308
5065 1018
5066 2865
5067 3387
5068 5820
5069 174
5070 6019
5071 472
5072 10160
5073 2015
5074 2741
5075 2930
5076 10260
5077 1
5078 2541
5079 1696
5080 8676
5081 1
5082 5885
5083 911
5084 5372
5085 4452
5086 2545
5087 1
5088 14512
5089 734
5090 3573
5091 1700
5092 5436
5093 474
5094 5961
5095 1024
5096 9492
5097 1702
5098 2551
5099 1
5100 9140
5101 1
5102 2553
5103 10935
5104 10848
5105 1026
5106 4615
5107 1
5108 5112
5109 2135
5110 4377
5111 288
5112 11148
5113 1
5114 2559
5115 3358
5116 5120
5117 1151
5118 4271
5119 1
5120 26624
5121 3423
5122 2981
5123 156
5124 7648
5125 3200
5126 3051
5127 1712
5128 7700
5129 246
5130 8991
5131 740
5132 5136
5133 1975
5134 2903
5135 1487
5136 12032
5137 478
5138 3317
5139 3435
5140 6188
5141 150
5142 4291
5143 176
5144 7724
5145 4949
5146 2801
5147 1
5148 9444
5149 290
5150 4685
5151 2071
5152 13840
5153 1
5154 4301
5155 1036
5156 5160
5157 5184
5158 2581
5159 1283
5160 10612
5161 410
5162 2817
5163 1724
5164 5168
5165 1038
5166 6891
5167 1
5168 10912
5169 1726
5170 4199
5171 1
5172 6908
5173 746
5174 3011
5175 5745
5176 7772
5177 198
5178 4321
5179 1
5180 7096
5181 2231
5182 2593
5183 144
5184 22464
5185 1427
5186 2595
5187 3142
5188 5192
5189 1
5190 5393
5191 208
5192 8348
5193 3471
5194 4179
5195 1044
5196 6940
5197 1
5198 2871
5199 1736
5200 12880
5201 750
5202 6681
5203 1067
5204 5208
5205 2791
5206 2915
5207 168
5208 10460
5209 1
5210 3657
5211 5238
5212 5216
5213 414
5214 4885
5215 1823
5216 13072
5217 1991
5218 2611
5219 324
5220 9924
5221 250
5222 3371
5223 1744
5224 7844
5225 2840
5226 4835
5227 1
5228 5232
5229 4296
5230 3671
5231 1
5232 12256
5233 1
5234 2619
5235 2807
5236 6768
5237 1
5238 7911
5239 975
5240 8948
5241 1750
5242 2623
5243 1547
5244 7496
5245 1054
5246 2831
5247 4074
5248 18496
5249 210
5250 8275
5251 148
5252 5708
5253 2111
5254 2843
5255 1056
5256 11460
5257 758
5258 3129
5259 1756
5260 6332
5261 1
5262 4391
5263 296
5264 11392
5265 8478
5266 2635
5267 252
5268 7036
5269 490
5270 4169
5271 2531
5272 7916
5273 1
5274 6171
5275 2135
5276 5280
5277 1762
5278 3981
5279 1
5280 16496
5281 1
5282 2957
5283 3531
5284 5288
5285 1847
5286 4411
5287 328
5288 7940
5289 2015
5290 4163
5291 1031
5292 12096
5293 146
5294 2649
5295 2839
5296 10608
5297 1
5298 4421
5299 764
5300 7520
5301 3984
5302 3155
5303 1
5304 10444
5305 1066
5306 3425
5307 2039
5308 5312
5309 1
5310 7347
5311 160
5312 16000
5313 3244
5314 2659
5315 1068
5316 7100
5317 422
5318 2661
5319 5346
5320 10084
5321 330
5322 4441
5323 1
5324 6776
5325 3980
5326 2665
5327 768
5328 14352
5329 146
5330 4271
5331 1780
5332 5628
5333 1
5334 5249
5335 1607
5336 8420
5337 3567
5338 3017
5339 300
5340 8248
5341 1575
5342 2673
5343 2231
5344 13392
5345 1074
5346 12069
5347 1
5348 6140
5349 1786
5350 4865
5351 1
5352 9836
5353 154
5354 2679
5355 5721
5356 5820
5357 498
5358 4861
5359 256
5360 11872
5361 1790
5362 3461
5363 204
5364 8976
5365 1403
5366 2685
5367 1792
5368 8628
5369 1271
5370 5579
5371 172
5372 5756
5373 5400
5374 2689
5375 3350
5376 24064
5377 302
5378 2691
5379 2315
5380 6476
5381 1
5382 6927
5383 776
5384 8084
5385 2887
5386 2695
5387 1
5388 7196
5389 334
5390 5803
5391 3603
5392 10800
5393 1
5394 4855
5395 1559
5396 5756
5397 2591
5398 2701
5399 1
5400 15660
5401 502
5402 2921
5403 1804
5404 6204
5405 1431
5406 4925
5407 1
5408 14352
5409 3615
5410 3797
5411 780
5412 7840
5413 1
5414 2709
5415 3458
5416 8132
5417 1
5418 7221
5419 1
5420 6524
5421 2263
5422 2713
5423 999
5424 12704
5425 3120
5426 2715
5427 7317
5428 5756
5429 150
5430 5641
5431 1
5432 8980
5433 1814
5434 3915
5435 1092
5436 9096
5437 1
5438 2721
5439 3514
5440 17728
5441 1
5442 4541
5443 1
5444 5448
5445 5709
5446 3515
5447 432
5448 10012
5449 1
5450 4955
5451 2123
5452 5756
5453 1199
5454 8235
5455 1096
5456 11584
5457 2191
5458 2731
5459 156
5460 9572
5461 170
5462 2733
5463 3651
5464 8204
5465 1098
5466 4561
5467 1355
5468 5472
5469 1826
5470 3839
5471 1
5472 17616
5473 434
5474 4079
5475 4090
5476 5772
5477 1
5478 5129
5479 1
5480 9356
5481 6453
5482 2743
5483 1
5484 7324
5485 1102
5486 3191
5487 2099
5488 13328
5489 510
5490 7593
5491 935
5492 5496
5493 1834
5494 2963
5495 1919
5496 10100
5497 262
5498 2751
5499 4206
5500 9300
5501 1
5502 5413
5503 1
5504 19392
5505 2951
5506 2755
5507 1
5508 13176
5509 794
5510 4337
5511 2371
5512 8796
5513 186
5514 4601
5515 1108
5516 6332
5517 3687
5518 2999
5519 1
5520 14224
5521 1
5522 3285
5523 2651
5524 5528
5525 2960
5526 6465
5527 1
5528 8300
5529 2191
5530 4731
5531 1
5532 7388
5533 514
5534 2769
5535 6777
5536 13872
5537 1631
5538 5119
5539 220
5540 6668
5541 1850
5542 3131
5543 264
5544 13308
5545 1114
5546 2985
5547 2107
5548 5916
5549 210
5550 6995
5551 1311
5552 11120
5553 3711
5554 2779
5555 1671
5556 7420
5557 1
5558 3587
5559 2231
5560 9492
5561 150
5562 8397
5563 1
5564 6044
5565 3868
5566 4037
5567 312
5568 18752
5569 1
5570 3909
5571 3723
5572 6396
5573 1
5574 4651
5575 2255
5576 8828
5577 3224
5578 2791
5579 804
5580 10596
5581 1
5582 2793
5583 1864
5584 11184
5585 1122
5586 6545
5587 188
5588 6140
5589 9558
5590 4473
5591 1
5592 10276
5593 1247
5594 2799
5595 2999
5596 5600
5597 222
5598 6549
5599 520
5600 17040
5601 1870
5602 2803
5603 444
5604 7484
5605 1511
5606 2805
5607 4602
5608 8420
5609 150
5610 6637
5611 212
5612 5948
5613 1874
5614 3623
5615 1128
5616 17280
5617 178
5618 3021
5619 1876
5620 6764
5621 1391
5622 4691
5623 1
5624 8884
5625 8250
5626 3065
5627 348
5628 8392
5629 446
5630 3951
5631 1880
5632 25856
5633 174
5634 6591
5635 2982
5636 5640
5637 1882
5638 2821
5639 1
5640 11588
5641 1
5642 4243
5643 6453
5644 6044
5645 1134
5646 4711
5647 1
5648 11312
5649 2711
5650 5135
5651 1
5652 9456
5653 1
5654 3363
5655 3646
5656 9348
5657 1
5658 5099
5659 1
5660 6812
5661 4260
5662 3167
5663 816
5664 16144
5665 1703
5666 2835
5667 1892
5668 6156
5669 1
5670 12339
5671 160
5672 8516
5673 2167
5674 2839
5675 2295
5676 8216
5677 818
5678 3207
5679 3795
5680 12576
5681 983
5682 4741
5683 1
5684 7504
5685 3047
5686 2845
5687 1155
5688 12396
5689 1
5690 3993
5691 2731
5692 5696
5693 1
5694 5261
5695 1559
5696 17152
5697 5724
5698 4335
5699 180
5700 10180
5701 1
5702 2853
5703 1904
5704 8988
5705 1991
5706 6675
5707 452
5708 5712
5709 2455
5710 4007
5711 1
5712 14480
5713 226
5714 2859
5715 4998
5716 5720
5717 1
5718 4771
5719 1251
5720 10684
5721 1910
5722 2863
5723 156
5724 11556
5725 2315
5726 3695
5727 2227
5728 14352
5729 354
5730 5951
5731 532
5732 5736
5733 5901
5734 3083
5735 1487
5736 10540
5737 1
5738 3209
5739 1916
5740 7848
5741 1
5742 7419
5743 1
5744 11504
5745 3079
5746 4095
5747 828
5748 7676
5749 1
5750 6575
5751 7749
5752 8636
5753 534
5754 5659
5755 1156
5756 5760
5757 2279
5758 2881
5759 456
5760 25152
5761 830
5762 3101
5763 2311
5764 6332
5765 1158
5766 5177
5767 152
5768 9532
5769 3855
5770 4049
5771 228
5772 8296
5773 274
5774 2889
5775 5585
5776 12160
5777 162
5778 8721
5779 1
5780 7616
5781 2191
5782 4641
5783 1
5784 10628
5785 1667
5786 3441
5787 3867
5788 5792
5789 834
5790 6013
5791 1
5792 14512
5793 1934
5794 2899
5795 1559
5796 10740
5797 1055
5798 3371
5799 1936
5800 11220
5801 1
5802 4841
5803 836
5804 5808
5805 7101
5806 2905
5807 1
5808 14608
5809 194
5810 4967
5811 2423
5812 5816
5813 1
5814 7431
5815 1168
5816 8732
5817 2791
5818 2911
5819 1035
5820 8984
5821 1
5822 3135
5823 3891
5824 18752
5825 2355
5826 4861
5827 1
5828 6140
5829 2231
5830 4721
5831 2842
5832 20412
5833 326
5834 2919
5835 3127
5836 5840
5837 462
5838 5741
5839 1
5840 12928
5841 4524
5842 3221
5843 1
5844 7804
5845 2039
5846 3155
5847 1952
5848 9252
5849 1
5850 9615
5851 1
5852 7528
5853 1954
5854 2929
5855 1176
5856 16688
5857 1
5858 3189
5859 6885
5860 7052
5861 1
5862 4891
5863 1127
5864 8804
5865 3728
5866 3785
5867 1
5868 9816
5869 1
5870 4119
5871 2323
5872 11760
5873 846
5874 5495
5875 3650
5876 6380
5877 3927
5878 2941
5879 1
5880 13636
5881 1
5882 3321
5883 2231
5884 5888
5885 1767
5886 8883
5887 1247
5888 23808
5889 2455
5890 4623
5891 180
5892 7868
5893 154
5894 3803
5895 5154
5896 9468
5897 1
5898 4921
5899 364
5900 8360
5901 2831
5902 3431
5903 1
5904 15888
5905 1186
5906 2955
5907 2539
5908 6780
5909 330
5910 6137
5911 280
5912 8876
5913 7965
5914 2959
5915 2938
5916 8440
5917 158
5918 3519
5919 1976
5920 16144
5921 222
5922 7881
5923 1
5924 5928
5925 4420
5926 2965
5927 1
5928 11636
5929 2772
5930 4161
5931 3963
5932 5936
5933 366
5934 5341
5935 1192
5936 12832
5937 1982
5938 2971
5939 1
5940 13608
5941 470
5942 2973
5943 2851
5944 8924
5945 1539
5946 4961
5947 332
5948 5952
5949 3975
5950 6555
5951 552
5952 20032
5953 1
5954 3461
5955 3191
5956 5960
5957 1271
5958 6969
5959 160
5960 10172
5961 1990
5962 3545
5963 156
5964 8888
5965 1198
5966 3335
5967 6777
5968 11952
5969 174
5970 6199
5971 860
5972 5976
5973 2567
5974 3251
5975 2415
5976 13020
5977 182
5978 4795
5979 1996
5980 7896
5981 1
5982 4991
5983 224
5984 15856
5985 6357
5986 3221
5987 1
5988 7996
5989 166
5990 4203
5991 2000
5992 9900
5993 474
5994 11151
5995 1799
5996 6000
5997 2002
5998 3001
5999 864
6000 17600
6001 370
6002 3003
6003 4470
6004 6396
6005 1206
6006 6871
6007 1
6008 9020
6009 2006
6010 4217
6011 1
6012 10056
6013 866
6014 3263
6015 3223
6016 21184
6017 558
6018 5471
6019 476
6020 8224
6021 6048
6022 3013
6023 336
6024 11068
6025 2435
6026 3321
6027 3878
6028 6620
6029 1
6030 8331
6031 200
6032 12736
6033 2014
6034 3893
6035 1647
6036 8060
6037 1
6038 3021
6039 4674
6040 10308
6041 870
6042 5467
6043 1
6044 6048
6045 3884
6046 3025
6047 1
6048 22032
6049 286
6050 6545
6051 2020
6052 6476
6053 1
6054 5051
6055 2111
6056 9092
6057 4047
6058 3521
6059 156
6060 9352
6061 1079
6062 3911
6063 2291
6064 12144
6065 1218
6066 7095
6067 1
6068 6380
6069 3604
6070 4259
6071 480
6072 11948
6073 1
6074 3039
6075 12555
6076 8008
6077 162
6078 5071
6079 1
6080 19776
6081 2030
6082 3043
6083 1499
6084 11076
6085 1222
6086 3435
6087 2032
6088 9140
6089 1
6090 7373
6091 1
6092 6096
6093 4071
6094 3623
6095 1599
6096 14272
6097 1431
6098 3051
6099 2411
6100 8640
6101 1
6102 9207
6103 376
6104 10084
6105 3976
6106 3281
6107 228
6108 8156
6109 190
6110 4877
6111 5010
6112 15312
6113 1
6114 5101
6115 1228
6116 6716
6117 2042
6118 4521
6119 240
6120 14844
6121 1
6122 3063
6123 2551
6124 6128
6125 5425
6126 5111
6127 568
6128 12272
6129 6156
6130 4301
6131 1
6132 9136
6133 1
6134 3069
6135 3287
6136 9780
6137 1007
6138 7917
6139 884
6140 7388
6141 2383
6142 3311
6143 1
6144 35840
6145 1234
6146 3965
6147 4107
6148 6476
6149 1175
6150 7735
6151 1
6152 9236
6153 2951
6154 3473
6155 1236
6156 14688
6157 178
6158 3081
6159 2056
6160 14992
6161 162
6162 5687
6163 1
6164 6524
6165 5388
6166 3085
6167 888
6168 11332
6169 230
6170 4329
6171 3542
6172 6176
6173 1
6174 9849
6175 3270
6176 15472
6177 2359
6178 3091
6179 204
6180 9536
6181 890
6182 3675
6183 6210
6184 9284
6185 1242
6186 5161
6187 292
6188 7912
6189 2066
6190 4343
6191 192
6192 16656
6193 574
6194 3461
6195 4294
6196 6200
6197 1
6198 5171
6199 1
6200 11980
6201 4728
6202 4001
6203 1
6204 8968
6205 1691
6206 3375
6207 2072
6208 18688
6209 894
6210 10827
6211 1
6212 6216
6213 2455
6214 3611
6215 1863
6216 12452
6217 1
6218 3111
6219 4155
6220 7484
6221 1
6222 5653
6223 1827
6224 12464
6225 4640
6226 3701
6227 492
6228 10416
6229 1
6230 5321
6231 2371
6232 9828
6233 294
6234 5201
6235 1607
6236 6240
6237 9774
6238 3121
6239 384
6240 19408
6241 158
6242 3123
6243 2084
6244 7164
6245 1254
6246 7305
6247 1
6248 10028
6249 2086
6250 9375
6251 1355
6252 8348
6253 1131
6254 3351
6255 5466
6256 13152
6257 1
6258 6151
6259 580
6260 7532
6261 2090
6262 3395
6263 1
6264 15876
6265 2183
6266 3641
6267 2092
6268 6272
6269 1
6270 7379
6271 1
6272 23744
6273 4704
6274 3139
6275 2535
6276 8380
6277 1
6278 3371
6279 3746
6280 10716
6281 582
6282 7347
6283 164
6284 6288
6285 3367
6286 4055
6287 1
6288 14720
6289 350
6290 4943
6291 6318
6292 7920
6293 1319
6294 5251
6295 1264
6296 9452
6297 2102
6298 3377
6299 1
6300 13920
6301 1
6302 3471
6303 2707
6304 15792
6305 1811
6306 5261
6307 1391
6308 6716
6309 4215
6310 4427
6311 1
6312 11596
6313 166
6314 4787
6315 3383
6316 6320
6317 1
6318 14175
6319 160
6320 13984
6321 4060
6322 3437
6323 1
6324 9008
6325 3380
6326 3165
6327 4722
6328 10452
6329 1
6330 6571
6331 500
6332 6336
6333 2114
6334 3169
6335 2207
6336 23808
6337 1
6338 3171
6339 2116
6340 7628
6341 390
6342 6233
6343 1
6344 10108
6345 7749
6346 3545
6347 588
6348 9016
6349 914
6350 5765
6351 2423
6352 12720
6353 1
6354 7431
6355 1631
6356 7292
6357 2647
6358 4505
6359 1
6360 13052
6361 1
6362 3183
6363 5214
6364 6684
6365 1703
6366 5311
6367 1
6368 15952
6369 2735
6370 6769
6371 300
6372 12852
6373 1
6374 3189
6375 6325
6376 9572
6377 918
6378 5321
6379 1
6380 8456
6381 4263
6382 3193
6383 504
6384 16144
6385 1282
6386 3461
6387 2132
6388 6392
6389 1
6390 8823
6391 1571
6392 10100
6393 2134
6394 3521
6395 1284
6396 9176
6397 1
6398 4127
6399 8613
6400 28160
6401 210
6402 5983
6403 356
6404 6408
6405 4436
6406 3205
6407 192
6408 13956
6409 1091
6410 4497
6411 2140
6412 7356
6413 1287
6414 5351
6415 1288
6416 12848
6417 4764
6418 3211
6419 1883
6420 9904
6421 1
6422 4537
6423 2144
6424 10308
6425 2595
6426 10935
6427 1
6428 6432
6429 2146
6430 4511
6431 168
6432 18320
6433 926
6434 3219
6435 6657
6436 6440
6437 198
6438 5761
6439 184
6440 12148
6441 2543
6442 3223
6443 396
6444 10776
6445 1294
6446 3831
6447 3091
6448 13600
6449 1
6450 8105
6451 1
6452 6456
6453 6480
6454 4163
6455 1296
6456 11860
6457 598
6458 3231
6459 2156
6460 8472
6461 1511
6462 7557
6463 304
6464 19456
6465 3463
6466 3461
6467 252
6468 11060
6469 1
6470 4539
6471 4323
6472 9716
6473 1
6474 5971
6475 3690
6476 6480
6477 2591
6478 3479
6479 1139
6480 22896
6481 1
6482 4181
6483 2164
6484 6488
6485 1302
6486 5825
6487 512
6488 9740
6489 5316
6490 5243
6491 1
6492 8668
6493 194
6494 3663
6495 3479
6496 17392
6497 162
6498 8265
6499 164
6500 10900
6501 2791
6502 3253
6503 936
6504 11948
6505 1306
6506 3255
6507 6534
6508 6512
6509 306
6510 7867
6511 400
6512 13792
6513 2711
6514 3259
6515 1308
6516 10896
6517 3136
6518 3261
6519 2455
6520 11124
6521 1
6522 5441
6523 604
6524 7484
6525 7185
6526 3791
6527 168
6528 25408
6529 1
6530 4581
6531 3131
6532 6908
6533 186
6534 10989
6535 1312
6536 10300
6537 2182
6538 4217
6539 516
6540 10088
6541 242
6542 3273
6543 4371
6544 13104
6545 3224
6546 5461
6547 1
6548 6552
6549 2471
6550 5945
6551 1
6552 15636
6553 1
6554 3561
6555 4126
6556 7196
6557 162
6558 5471
6559 944
6560 17872
6561 17496
6562 3701
6563 1
6564 8764
6565 1883
6566 5257
6567 2819
6568 9860
6569 1
6570 9069
6571 1
6572 6908
6573 3151
6574 3671
6575 2655
6576 15392
6577 1
6578 4679
6579 4926
6580 8976
6581 1
6582 5491
6583 256
6584 9884
6585 3527
6586 3545
6587 948
6588 13284
6589 610
6590 4623
6591 3718
6592 19840
6593 366
6594 6479
6595 1324
6596 7052
6597 4407
6598 3301
6599 1
6600 15340
6601 1391
6602 3303
6603 2507
6604 7164
6605 1326
6606 7725
6607 1
6608 14272
6609 2206
6610 4637
6611 612
6612 9392
6613 406
6614 3309
6615 9828
6616 9932
6617 522
6618 5521
6619 1
6620 7964
6621 2210
6622 5013
6623 216
6624 21264
6625 4100
6626 3315
6627 2491
6628 6632
6629 954
6630 7751
6631 368
6632 9956
6633 5124
6634 3593
6635 1332
6636 9880
6637 1
6638 3321
6639 2216
6640 14688
6641 258
6642 12339
6643 1551
6644 7292
6645 3559
6646 3325
6647 1071
6648 12212
6649 170
6650 7285
6651 4443
6652 6656
6653 1
6654 5551
6655 3146
6656 30464
6657 3191
6658 3331
6659 1
6660 12612
6661 1
6662 3333
6663 2224
6664 12292
6665 1703
6666 6227
6667 172
6668 6672
6669 7533
6670 5189
6671 960
6672 15616
6673 1
6674 3573
6675 4970
6676 6680
6677 618
6678 8871
6679 1
6680 11396
6681 2671
6682 3881
6683 204
6684 8924
6685 2327
6686 3345
6687 4467
6688 17680
6689 1
6690 6943
6691 1
6692 7676
6693 2591
6694 3349
6695 1919
6696 16956
6697 218
6698 3777
6699 4030
6700 9480
6701 1
6702 5591
6703 1
6704 13424
6705 5856
6706 4325
6707 372
6708 9616
6709 1
6710 5417
6711 2240
6712 10076
6713 1967
6714 7851
6715 1823
6716 7100
6717 2242
6718 3361
6719 1
6720 24704
6721 1271
6722 3363
6723 9045
6724 7052
6725 2715
6726 6073
6727 1395
6728 10556
6729 2246
6730 4721
6731 180
6732 12228
6733 1
6734 5029
6735 3607
6736 13488
6737 1
6738 5621
6739 316
6740 8108
6741 5520
6742 3373
6743 624
6744 12388
6745 1799
6746 3375
6747 2807
6748 7740
6749 414
6750 14175
6751 200
6752 16912
6753 2254
6754 4013
6755 2351
6756 9020
6757 262
6758 3659
6759 4515
6760 12532
6761 1
6762 7861
6763 1
6764 7196
6765 4388
6766 3815
6767 168
6768 18192
6769 974
6770 4749
6771 2551
6772 6776
6773 534
6774 5651
6775 2735
6776 12364
6777 6804
6778 3391
6779 1
6780 10456
6781 1
6782 3393
6783 3986
6784 23872
6785 1767
6786 8673
6787 628
6788 6792
6789 2575
6790 5793
6791 1
6792 12476
6793 1
6794 3641
6795 5934
6796 6800
6797 978
6798 6349
6799 536
6800 16720
6801 2270
6802 3797
6803 1
6804 19116
6805 1366
6806 3651
6807 2272
6808 10692
6809 630
6810 7067
6811 1995
6812 7388
6813 4551
6814 3409
6815 1743
6816 19408
6817 418
6818 4397
6819 2276
6820 9024
6821 378
6822 7977
6823 1
6824 10244
6825 6505
6826 3415
6827 1
6828 9116
6829 1
6830 4791
6831 7749
6832 14752
6833 1
6834 6199
6835 1372
6836 6840
6837 2567
6838 3971
6839 984
6840 16548
6841 1
6842 4065
6843 2284
6844 7196
6845 1739
6846 6725
6847 208
6848 20608
6849 4575
6850 6215
6851 1151
6852 9148
6853 1679
6854 3771
6855 3671
6856 10292
6857 1
6858 10341
6859 1083
6860 11172
6861 2290
6862 3671
6863 1
6864 17168
6865 1378
6866 3435
6867 5622
6868 7340
6869 1
6870 7129
6871 1
6872 10316
6873 2615
6874 4433
6875 6125
6876 11496
6877 1127
6878 3839
6879 2296
6880 18736
6881 990
6882 6143
6883 1
6884 6888
6885 10962
6886 4091
6887 168
6888 13780
6889 166
6890 5483
6891 2300
6892 6896
6893 174
6894 8061
6895 2399
6896 13808
6897 3916
6898 3451
6899 1
6900 12260
6901 170
6902 5081
6903 5250
6904 10364
6905 1386
6906 5761
6907 1
6908 7580
6909 4424
6910 4847
6911 1
6912 34560
6913 254
6914 3459
6915 3703
6916 8800
6917 1
6918 5771
6919 1223
6920 11804
6921 4623
6922 3463
6923 1451
6924 9244
6925 2795
6926 3465
6927 2312
6928 13872
6929 1235
6930 11091
6931 268
6932 6936
6933 2314
6934 3469
6935 1847
6936 13532
6937 998
6938 3471
6939 6966
6940 8348
6941 642
6942 6397
6943 184
6944 18576
6945 3719
6946 3821
6947 1
6948 11616
6949 1
6950 6305
6951 3331
6952 11148
6953 426
6954 6275
6955 1991
6956 7292
6957 4647
6958 5565
6959 1
6960 17872
6961 1
6962 3717
6963 2987
6964 6968
6965 2423
6966 12933
6967 1
6968 11092
6969 2695
6970 5459
6971 1
6972 10376
6973 386
6974 4143
6975 7665
6976 20992
6977 1
6978 5821
6979 1004
6980 8396
6981 2903
6982 3493
6983 1
6984 15204
6985 2087
6986 4505
6987 2791
6988 6992
6989 270
6990 7253
6991 1
6992 14656
6993 8181
6994 4061
6995 1404
6996 10096
6997 1
6998 3501
6999 2336
7000 15700
7001 1
7002 8187
7003 196
7004 7484
7005 3751
7006 3791
7007 3178
7008 19952
7009 206
7010 4917
7011 5214
7012 7016
7013 1
7014 6889
7015 1823
7016 10532
7017 2342
7018 5027
7019 1
7020 15984
7021 1535
7022 3513
7023 2344
7024 14064
7025 2835
7026 5861
7027 1
7028 8060
7029 5424
7030 5481
7031 168
7032 12916
7033 554
7034 3519
7035 4862
7036 7040
7037 258
7038 8931
7039 1
7040 26688
7041 2350
7042 4541
7043 1
7044 9404
7045 1414
7046 4091
7047 11988
7048 10580
7049 1511
7050 8845
7051 652
7052 7388
7053 2354
7054 3529
7055 1911
7056 20832
7057 1
7058 3531
7059 2935
7060 8492
7061 330
7062 6593
7063 1016
7064 10604
7065 6168
7066 3535
7067 228
7068 10024
7069 1
7070 6029
7071 2360
7072 18640
7073 654
7074 10665
7075 2855
7076 7436
7077 3391
7078 3541
7079 1
7080 14516
7081 170
7082 3543
7083 4731
7084 9048
7085 2027
7086 5911
7087 392
7088 14192
7089 2831
7090 4973
7091 1020
7092 11856
7093 214
7094 3549
7095 4594
7096 10652
7097 198
7098 8021
7099 260
7100 10040
7101 7128
7102 3791
7103 1
7104 23872
7105 3696
7106 4991
7107 2747
7108 7112
7109 1
7110 9807
7111 560
7112 11740
7113 2374
7114 3559
7115 1428
7116 9500
7117 658
7118 3561
7119 5826
7120 15744
7121 1
7122 5941
7123 436
7124 7724
7125 7025
7126 4595
7127 1
7128 20844
7129 1
7130 5531
7131 2380
7132 7136
7133 1026
7134 6365
7135 1432
7136 17872
7137 5424
7138 3821
7139 1419
7140 12388
7141 230
7142 3573
7143 2384
7144 11244
7145 1434
7146 8355
7147 1028
7148 7152
7149 2386
7150 7635
7151 1
7152 16736
7153 334
7154 5719
7155 8721
7156 7160
7157 438
7158 5971
7159 1
7160 12212
7161 4292
7162 3583
7163 1175
7164 11976
7165 1438
7166 3585
7167 2392
7168 36864
7169 174
7170 7439
7171 172
7172 7868
7173 4791
7174 4043
7175 4070
7176 14020
7177 1
7178 3857
7179 2396
7180 8636
7181 210
7182 12177
7183 664
7184 14384
7185 3847
7186 3595
7187 1
7188 9596
7189 1671
7190 5043
7191 5370
7192 11268
7193 1
7194 6715
7195 1444
7196 8252
7197 2402
7198 3839
7199 336
7200 25680
7201 398
7202 4181
7203 6517
7204 7208
7205 2151
7206 6011
7207 1
7208 11372
7209 9693
7210 6147
7211 1
7212 9628
7213 1
7214 3609
7215 4598
7216 15264
7217 1038
7218 8439
7219 1
7220 9424
7221 2743
7222 3971
7223 264
7224 14444
7225 3740
7226 3615
7227 5574
7228 7836
7229 1
7230 7501
7231 1040
7232 21760
7233 2414
7234 3619
7235 1452
7236 14580
7237 1
7238 5465
7239 2851
7240 12348
7241 570
7242 6563
7243 1
7244 7248
7245 7629
7246 3625
7247 1
7248 16960
7249 670
7250 8225
7251 2420
7252 9520
7253 1
7254 9255
7255 1456
7256 10892
7257 2719
7258 4049
7259 1583
7260 12452
7261 190
7262 3633
7263 7290
7264 18192
7265 1458
7266 7135
7267 1287
7268 7676
7269 2426
7270 5099
7271 672
7272 15828
7273 1046
7274 3639
7275 5410
7276 7772
7277 402
7278 6071
7279 280
7280 17616
7281 4863
7282 4325
7283 1
7284 9724
7285 1847
7286 3645
7287 3491
7288 10940
7289 234
7290 19683
7291 340
7292 7296
7293 4084
7294 4703
7295 1464
7296 28352
7297 1
7298 3909
7299 4875
7300 10320
7301 2135
7302 6091
7303 176
7304 11708
7305 3911
7306 4241
7307 1
7308 13476
7309 1
7310 5717
7311 2440
7312 14640
7313 174
7314 6551
7315 3558
7316 7676
7317 7344
7318 3661
7319 576
7320 15004
7321 1
7322 4721
7323 2444
7324 7328
7325 2955
7326 9411
7327 448
7328 18352
7329 3511
7330 5141
7331 1
7332 10496
7333 1
7334 4091
7335 6402
7336 12108
7337 1239
7338 6121
7339 220
7340 8828
7341 2450
7342 3673
7343 1056
7344 22464
7345 2099
7346 3675
7347 2779
7348 8060
7349 1
7350 11165
7351 1
7352 11036
7353 5460
7354 3679
7355 1476
7356 9820
7357 1058
7358 4271
7359 3155
7360 23872
7361 450
7362 8607
7363 236
7364 8444
7365 3943
7366 3995
7367 192
7368 13532
7369 1
7370 5939
7371 11448
7372 7836
7373 174
7374 6151
7375 4550
7376 14768
7377 2462
7378 5415
7379 204
7380 13956
7381 1463
7382 3693
7383 2851
7384 11748
7385 2567
7386 6161
7387 172
7388 7392
7389 4935
7390 5183
7391 408
7392 22672
7393 1
7394 3699
7395 4634
7396 7740
7397 582
7398 11151
7399 2163
7400 14260
7401 2470
7402 3703
7403 684
7404 9884
7405 1486
7406 5405
7407 4947
7408 14832
7409 270
7410 8617
7411 1
7412 7916
7413 3551
7414 4403
7415 1488
7416 16140
7417 1
7418 3711
7419 2476
7420 10104
7421 222
7422 6191
7423 584
7424 29952
7425 11070
7426 3965
7427 1068
7428 9916
7429 1151
7430 5211
7431 2480
7432 11156
7433 1
7434 9861
7435 1492
7436 9256
7437 2791
7438 3721
7439 216
7440 19088
7441 1070
7442 3965
7443 4971
7444 7448
7445 1494
7446 6745
7447 688
7448 13692
7449 3095
7450 6755
7451 1
7452 17712
7453 286
7454 3729
7455 5146
7456 18672
7457 1
7458 6959
7459 1
7460 8972
7461 4983
7462 5553
7463 456
7464 13708
7465 1498
7466 3735
7467 2939
7468 7472
7469 1823
7470 10299
7471 272
7472 14960
7473 2791
7474 4013
7475 3890
7476 11120
7477 1
7478 3741
7479 7506
7480 13836
7481 1
7482 6667
7483 1076
7484 7488
7485 4007
7486 4175
7487 1
7488 28032
7489 1
7490 6383
7491 3211
7492 7496
7493 186
7494 6251
7495 1504
7496 11252
7497 7581
7498 4121
7499 1
7500 16000
7501 590
7502 5357
7503 2807
7504 16192
7505 1991
7506 11313
7507 1
7508 7512
7509 2506
7510 5267
7511 1535
7512 13796
7513 694
7514 5219
7515 6558
7516 7520
7517 1
7518 7381
7519 176
7520 20464
7521 2903
7522 3763
7523 1
7524 13620
7525 4260
7526 4011
7527 3127
7528 11300
7529 1
7530 7811
7531 460
7532 8636
7533 12798
7534 3769
7535 2247
7536 17632
7537 1
7538 3771
7539 3611
7540 9888
7541 1
7542 8817
7543 416
7544 11828
7545 4039
7546 7693
7547 1
7548 10712
7549 1
7550 6845
7551 5043
7552 26560
7553 1751
7554 6301
7555 1516
7556 7560
7557 3239
7558 3781
7559 1
7560 21492
7561 1
7562 4217
7563 2524
7564 7932
7565 2043
7566 6965
7567 1571
7568 16000
7569 5568
7570 5309
7571 180
7572 10108
7573 1
7574 4883
7575 5630
7576 11372
7577 1
7578 8859
7579 1415
7580 9116
7581 4408
7582 4271
7583 1
7584 21584
7585 1907
7586 3795
7587 7614
7588 8700
7589 1
7590 8863
7591 1
7592 12076
7593 2534
7594 3799
7595 3934
7596 12696
7597 178
7598 4119
7599 3031
7600 18640
7601 702
7602 7463
7603 1
7604 7608
7605 7761
7606 3805
7607 1
7608 13972
7609 1094
7610 5337
7611 2843
7612 8348
7613 354
7614 14121
7615 1528
7616 24384
7617 2542
7618 4421
7619 420
7620 11744
7621 1
7622 4091
7623 7557
7624 11444
7625 4700
7626 6787
7627 292
7628 7632
7629 2546
7630 6501
7631 600
7632 20496
7633 466
7634 4533
7635 4087
7636 8060
7637 1098
7638 6881
7639 1
7640 13028
7641 7668
7642 3823
7643 1
7644 12964
7645 2279
7646 3825
7647 2552
7648 19152
7649 1
7650 12435
7651 1100
7652 7656
7653 2554
7654 4091
7655 1536
7656 14996
7657 1239
7658 4937
7659 5646
7660 9212
7661 210
7662 6391
7663 176
7664 15344
7665 5288
7666 3835
7667 1335
7668 15444
7669 1
7670 6089
7671 2560
7672 12660
7673 1
7674 6401
7675 3095
7676 8156
7677 5127
7678 4559
7679 1104
7680 38656
7681 1
7682 4221
7683 3191
7684 8204
7685 1947
7686 10191
7687 1
7688 12028
7689 3295
7690 5393
7691 1
7692 10268
7693 2247
7694 3849
7695 12204
7696 16192
7697 222
7698 6421
7699 1
7700 12580
7701 3071
7702 3853
7703 1
7704 16764
7705 1991
7706 3855
7707 3691
7708 8060
7709 606
7710 7997
7711 712
7712 19312
7713 5151
7714 5631
7715 1548
7716 10300
7717 1
7718 4347
7719 2915
7720 13164
7721 1110
7722 12879
7723 1
7724 7728
7725 5740
7726 3865
7727 1
7728 19472
7729 190
7730 5421
7731 5163
7732 7736
7733 1319
7734 6451
7735 3702
7736 11612
7737 2582
7738 4121
7739 180
7740 14628
7741 1
7742 6181
7743 2935
7744 24640
7745 1554
7746 6461
7747 188
7748 8396
7749 9045
7750 8775
7751 360
7752 15076
7753 1
7754 3879
7755 5006
7756 8892
7757 1
7758 9069
7759 1
7760 17152
7761 3223
7762 3883
7763 1116
7764 10364
7765 1558
7766 4611
7767 5187
7768 11660
7769 474
7770 9349
7771 428
7772 8156
7773 2594
7774 5421
7775 3135
7776 32400
7777 1895
7778 3891
7779 2596
7780 9356
7781 282
7782 6491
7783 224
7784 12844
7785 6792
7786 4385
7787 612
7788 11224
7789 1
7790 6053
7791 4970
7792 15600
7793 1
7794 9111
7795 1564
7796 7800
7797 3007
7798 5027
7799 720
7800 18020
7801 298
7802 4161
7803 8721
7804 7808
7805 2711
7806 6511
7807 248
7808 27456
7809 3071
7810 6287
7811 180
7812 14388
7813 614
7814 3909
7815 4183
7816 11732
7817 1
7818 6521
7819 1124
7820 10184
7821 6024
7822 3913
7823 1
7824 18304
7825 3155
7826 5815
7827 2612
7828 8316
7829 1
7830 13581
7831 232
7832 12548
7833 3751
7834 3919
7835 1572
7836 10460
7837 478
7838 3921
7839 5946
7840 23408
7841 1
7842 6541
7843 1307
7844 8204
7845 4199
7846 3925
7847 1667
7848 17076
7849 214
7850 7115
7851 2620
7852 8508
7853 1
7854 8843
7855 1576
7856 15728
7857 10557
7858 3931
7859 300
7860 12112
7861 1130
7862 3933
7863 2624
7864 11804
7865 3608
7866 9933
7867 1
7868 9020
7869 2935
7870 5519
7871 480
7872 26432
7873 1
7874 4253
7875 11100
7876 8636
7877 1
7878 7249
7879 1
7880 13436
7881 2951
7882 5081
7883 1
7884 15876
7885 2087
7886 3945
7887 3379
7888 16512
7889 3724
7890 8183
7891 620
7892 7896
7893 5271
7894 3949
7895 1584
7896 15772
7897 202
7898 4689
7899 2636
7900 11160
7901 1
7902 9237
7903 1136
7904 20784
7905 4936
7906 4205
7907 1
7908 10556
7909 730
7910 6737
7911 7938
7912 12396
7913 234
7914 6601
7915 1588
7916 7920
7917 4652
7918 4247
7919 1
7920 23424
7921 178
7922 4461
7923 3115
7924 9084
7925 3195
7926 6611
7927 1
7928 11900
7929 5295
7930 6291
7931 1931
7932 10588
7933 1
7934 3969
7935 4922
7936 32000
7937 1
7938 16821
7939 484
7940 9548
7941 2650
7942 5529
7943 1391
7944 14588
7945 2759
7946 4305
7947 5307
7948 7952
7949 1
7950 9955
7951 1
7952 17152
7953 3407
7954 4253
7955 1991
7956 14340
7957 182
7958 4371
7959 3811
7960 13572
7961 438
7962 6641
7963 1
7964 8732
7965 9693
7966 5135
7967 288
7968 22672
7969 626
7970 5589
7971 2660
7972 7976
7973 1727
7974 9321
7975 4190
7976 11972
7977 2662
7978 3991
7979 180
7980 13796
7981 370
7982 4631
7983 5331
7984 15984
7985 1602
7986 8833
7987 2331
7988 7992
7989 2666
7990 6233
7991 192
7992 20196
7993 1
7994 5153
7995 5074
7996 8000
7997 738
7998 7109
7999 440
8000 28800
8001 6540
8002 4003
8003 204
8004 11296
8005 1606
8006 4005
8007 3191
8008 14500
8009 1
8010 11037
8011 1
8012 8016
8013 2674
8014 4009
8015 2783
8016 18752
8017 1
8018 4469
8019 16767
8020 9644
8021 630
8022 7873
8023 184
8024 12644
8025 5960
8026 4015
8027 372
8028 13416
8029 1623
8030 6461
8031 2680
8032 20112
8033 306
8034 7391
8035 1612
8036 10528
8037 5952
8038 4021
8039 1
8040 16468
8041 1391
8042 4023
8043 3851
8044 8048
8045 1614
8046 12123
8047 632
8048 16112
8049 2686
8050 8745
8051 180
8052 11600
8053 1
8054 4029
8055 7026
8056 12660
8057 1158
8058 7291
8059 1
8060 10552
8061 2690
8062 4367
8063 744
8064 34752
8065 1618
8066 4325
8067 2692
8068 8072
8069 1
8070 8369
8071 1160
8072 12116
8073 9045
8074 4793
8075 4130
8076 10780
8077 238
8078 5207
8079 2696
8080 17856
8081 1
8082 9447
8083 196
8084 8444
8085 7357
8086 4691
8087 1
8088 14852
8089 1
8090 5673
8091 5934
8092 10200
8093 1
8094 7285
8095 1624
8096 21328
8097 2702
8098 4051
8099 1871
8100 22140
8101 1
8102 4053
8103 3031
8104 12164
8105 1626
8106 7955
8107 1595
8108 8112
8109 6036
8110 5687
8111 1
8112 20176
8113 1719
8114 4059
8115 4343
8116 8120
8117 1
8118 10407
8119 376
8120 15244
8121 2710
8122 4385
8123 1
8124 10844
8125 7125
8126 4575
8127 9477
8128 24448
8129 750
8130 8431
8131 220
8132 8636
8133 2714
8134 6489
8135 1632
8136 17700
8137 182
8138 4721
8139 2716
8140 10728
8141 1170
8142 7277
8143 496
8144 16304
8145 7104
8146 4075
8147 1
8148 12112
8149 310
8150 7385
8151 4514
8152 12236
8153 294
8154 12285
8155 2831
8156 8160
8157 2722
8158 4081
8159 240
8160 25232
8161 1
8162 6143
8163 5451
8164 8844
8165 2103
8166 6811
8167 1
8168 12260
8169 3911
8170 6339
8171 1
8172 13656
8173 754
8174 4343
8175 6070
8176 17632
8177 1331
8178 7271
8179 1
8180 9836
8181 10989
8182 4093
8183 2387
8184 16012
8185 1642
8186 4095
8187 2732
8188 8636
8189 450
8190 12993
8191 1
8192 53248
8193 2734
8194 4613
8195 2439
8196 10940
8197 1178
8198 4101
8199 5475
8200 15780
8201 198
8202 6841
8203 644
8204 9404
8205 4391
8206 4871
8207 312
8208 25056
8209 1
8210 5757
8211 4750
8212 8216
8213 234
8214 7289
8215 2063
8216 13060
8217 6324
8218 5297
8219 1
8220 12664
8221 1
8222 4113
8223 2744
8224 20592
8225 4640
8226 9615
8227 452
8228 10208
8229 3415
8230 5771
8231 1
8232 18620
8233 1
8234 4521
8235 10017
8236 8636
8237 1
8238 6871
8239 2003
8240 18208
8241 3071
8242 4781
8243 1
8244 13776
8245 2219
8246 6001
8247 2752
8248 12380
8249 186
8250 12575
8251 260
8252 8256
8253 6744
8254 4129
8255 2351
8256 27712
8257 382
8258 4131
8259 2756
8260 11232
8261 762
8262 18387
8263 1
8264 12404
8265 5128
8266 4135
8267 1188
8268 11816
8269 1
8270 5799
8271 5523
8272 17472
8273 1
8274 8119
8275 3335
8276 8280
8277 3119
8278 4141
8279 504
8280 19956
8281 3640
8282 4425
8283 3547
8284 8796
8285 1662
8286 6911
8287 1
8288 22128
8289 8316
8290 5813
8291 1
8292 11068
8293 1
8294 5825
8295 5714
8296 13068
8297 1
8298 9699
8299 236
8300 11720
8301 2770
8302 5351
8303 1235
8304 19424
8305 2471
8306 4155
8307 6294
8308 8700
8309 1194
8310 8617
8311 1
8312 12476
8313 3311
8314 4159
8315 1668
8316 18576
8317 1
8318 4161
8319 3091
8320 31424
8321 210
8322 7487
8323 1679
8324 8328
8325 9105
8326 4571
8327 768
8328 15292
8329 1
8330 8701
8331 2780
8332 8336
8333 654
8334 9741
8335 1672
8336 16688
8337 3991
8338 4949
8339 300
8340 12848
8341 458
8342 4451
8343 11205
8344 13764
8345 1674
8346 7675
8347 508
8348 8352
8349 4664
8350 7565
8351 1200
8352 26736
8353 1
8354 4179
8355 4471
8356 8360
8357 198
8358 8201
8359 656
8360 15412
8361 5583
8362 4481
8363 1
8364 11848
8365 2903
8366 4455
8367 2792
8368 16752
8369 1
8370 14499
8371 772
8372 10576
8373 2794
8374 4451
8375 5150
8376 15380
8377 1
8378 4449
8379 8421
8380 10076
8381 1275
8382 7813
8383 184
8384 25216
8385 5312
8386 5405
8387 1
8388 14016
8389 1
8390 5883
8391 2800
8392 12596
8393 2039
8394 7001
8395 2159
8396 8400
8397 8424
8398 5781
8399 264
8400 24160
8401 302
8402 4203
8403 2804
8404 9212
8405 2091
8406 9825
8407 1208
8408 12620
8409 2806
8410 6467
8411 660
8412 11228
8413 226
8414 5423
8415 8553
8416 21072
8417 462
8418 7519
8419 1
8420 10124
8421 4031
8422 4213
8423 1
8424 24516
8425 3395
8426 5001
8427 3127
8428 11032
8429 1
8430 8741
8431 1
8432 17632
8433 5631
8434 4219
8435 2927
8436 11920
8437 1559
8438 4221
8439 3191
8440 14388
8441 390
8442 11181
8443 1
8444 8448
8445 4519
8446 4511
8447 1
8448 37376
8449 1823
8450 8905
8451 8478
8452 8456
8453 186
8454 7051
8455 2231
8456 13948
8457 2822
8458 4231
8459 780
8460 15972
8461 1
8462 4233
8463 4954
8464 17664
8465 1698
8466 7655
8467 1
8468 8876
8469 5655
8470 8679
8471 240
8472 15556
8473 266
8474 4721
8475 6290
8476 9180
8477 2471
8478 12771
8479 200
8480 23056
8481 3631
8482 4243
8483 516
8484 12608
8485 1702
8486 4245
8487 6234
8488 12740
8489 666
8490 8803
8491 1220
8492 9308
8493 3335
8494 4583
8495 1704
8496 22800
8497 322
8498 5477
8499 2836
8500 14100
8501 1
8502 7817
8503 784
8504 12764
8505 17091
8506 4255
8507 228
8508 11356
8509 194
8510 6557
8511 2840
8512 27200
8513 1
8514 10905
8515 2423
8516 8520
8517 3391
8518 4261
8519 1224
8520 17444
8521 1
8522 4263
8523 5691
8524 8528
8525 4460
8526 9835
8527 1
8528 17920
8529 2846
8530 5981
8531 468
8532 17172
8533 1751
8534 4803
8535 4567
8536 13668
8537 1
8538 7121
8539 1
8540 11608
8541 6468
8542 4273
8543 1
8544 24304
8545 1714
8546 4275
8547 5078
8548 8552
8549 186
8550 13845
8551 520
8552 12836
8553 2854
8554 6339
8555 2151
8556 12056
8557 242
8558 5079
8559 8586
8560 18912
8561 1230
8562 7141
8563 1
8564 8568
8565 4583
8566 4285
8567 672
8568 20292
8569 1439
8570 6009
8571 2860
8572 8576
8573 1
8574 7151
8575 7105
8576 30144
8577 5727
8578 4291
8579 396
8580 14596
8581 1
8582 5531
8583 2864
8584 13404
8585 2307
8586 15903
8587 308
8588 9116
8589 4111
8590 6023
8591 1683
8592 20096
8593 674
8594 4299
8595 7494
8596 9852
8597 1
8598 7171
8599 1
8600 16540
8601 3191
8602 5963
8603 1236
8604 14376
8605 1726
8606 4991
8607 3379
8608 21552
8609 1
8610 10337
8611 188
8612 8616
8613 9693
8614 4571
8615 1728
8616 15820
8617 1238
8618 4649
8619 4706
8620 10364
8621 270
8622 10077
8623 1
8624 20496
8625 8425
8626 4805
8627 1
8628 11516
8629 1
8630 6051
8631 7050
8632 13716
8633 186
8634 7201
8635 2567
8636 9212
8637 2882
8638 5567
8639 216
8640 36288
8641 1
8642 4677
8643 3211
8644 8648
8645 4084
8646 8057
8647 1
8648 13532
8649 6324
8650 7835
8651 252
8652 12856
8653 526
8654 4329
8655 4631
8656 17328
8657 798
8658 11001
8659 1244
8660 10412
8661 2890
8662 4595
8663 1
8664 16796
8665 1738
8666 5585
8667 11637
8668 9500
8669 1
8670 9979
8671 1343
8672 21712
8673 5516
8674 4339
8675 3495
8676 14496
8677 1
8678 4341
8679 3715
8680 16276
8681 1
8682 7241
8683 476
8684 9404
8685 7572
8686 4631
8687 1871
8688 20320
8689 1
8690 6983
8691 2900
8692 9068
8693 1
8694 14661
8695 2159
8696 13052
8697 3607
8698 4351
8699 1
8700 15380
8701 2111
8702 4847
8703 5811
8704 39680
8705 1746
8706 7261
8707 1
8708 9980
8709 2906
8710 6897
8711 312
8712 20460
8713 1
8714 4359
8715 5998
8716 8720
8717 402
8718 7271
8719 1
8720 19264
8721 9693
8722 6951
8723 1607
8724 11644
8725 3515
8726 4365
8727 2912
8728 13100
8729 1751
8730 12021
8731 1
8732 9116
8733 3247
8734 5183
8735 1752
8736 26672
8737 1
8738 4917
8739 5835
8740 11328
8741 1
8742 7753
8743 1256
8744 13124
8745 5624
8746 4375
8747 1
8748 29160
8749 686
8750 12625
8751 2920
8752 17520
8753 1
8754 7301
8755 2351
8756 9596
8757 7152
8758 4739
8759 480
8760 17932
8761 1
8762 5081
8763 3371
8764 10044
8765 1758
8766 10245
8767 808
8768 26368
8769 3271
8770 6149
8771 2555
8772 12416
8773 314
8774 4683
8775 12960
8776 13172
8777 198
8778 9829
8779 1
8780 10556
8781 2930
8782 4393
8783 1
8784 23568
8785 3047
8786 4821
8787 3319
8788 10816
8789 1503
8790 9113
8791 208
8792 14500
8793 5871
8794 4399
8795 1764
8796 11740
8797 482
8798 4671
8799 4211
8800 26320
8801 690
8802 13257
8803 1
8804 9212
8805 4711
8806 6417
8807 1
8808 16172
8809 406
8810 6177
8811 6774
8812 8816
8813 1266
8814 8101
8815 2183
8816 18400
8817 2942
8818 4411
8819 1
8820 18984
8821 1
8822 5235
8823 3511
8824 13244
8825 3555
8826 7361
8827 2031
8828 8832
8829 11853
8830 6191
8831 1
8832 34240
8833 1727
8834 5693
8835 5462
8836 9212
8837 1
8838 10329
8839 1
8840 16228
8841 4231
8842 4423
8843 276
8844 12728
8845 2219
8846 4425
8847 5907
8848 19072
8849 1
8850 11065
8851 220
8852 8856
8853 3671
8854 4931
8855 4226
8856 22356
8857 538
8858 4721
8859 2956
8860 10652
8861 1
8862 8693
8863 1
8864 22192
8865 7728
8866 6207
8867 1
8868 11836
8869 2583
8870 6219
8871 2960
8872 13316
8873 486
8874 11181
8875 5450
8876 10172
8877 3799
8878 4871
8879 696
8880 22736
8881 190
8882 4443
8883 10341
8884 8888
8885 1782
8886 7411
8887 1
8888 14228
8889 2966
8890 7563
8891 540
8892 15972
8893 1
8894 4449
8895 4759
8896 26752
8897 1775
8898 7421
8899 820
8900 12560
8901 6528
8902 4453
8903 336
8904 17764
8905 2531
8906 4721
8907 2972
8908 9500
8909 210
8910 18927
8911 1875
8912 17840
8913 2974
8914 4459
8915 1788
8916 11900
8917 278
8918 8967
8919 5955
8920 15204
8921 822
8922 7441
8923 1
8924 9404
8925 8345
8926 4465
8927 192
8928 28560
8929 1
8930 6911
8931 3703
8932 11328
8933 1
8934 7451
8935 1792
8936 13412
8937 8964
8938 4769
8939 1284
8940 13768
8941 1
8942 5031
8943 3827
8944 18784
8945 1794
8946 11841
8947 412
8948 8952
8949 3511
8950 8105
8951 1
8952 16436
8953 1286
8954 6347
8955 7806
8956 8960
8957 1547
8958 7471
8959 1343
8960 38912
8961 3383
8962 4483
8963 1
8964 18036
8965 2663
8966 4485
8967 5698
8968 14076
8969 1
8970 10349
8971 1
8972 8976
8973 5991
8974 5783
8975 3615
8976 22288
8977 238
8978 4757
8979 3335
8980 10796
8981 1290
8982 10497
8983 704
8984 13484
8985 4807
8986 4495
8987 1499
8988 13352
8989 190
8990 6893
8991 15228
8992 22512
8993 1311
8994 7501
8995 3119
8996 9740
8997 3002
8998 5339
8999 1
9000 24900
9001 1
9002 5801
9003 3004
9004 9008
9005 1806
9006 8093
9007 1
9008 18032
9009 8805
9010 7007
9011 1
9012 12028
9013 1
9014 4509
9015 4823
9016 16492
9017 198
9018 13581
9019 340
9020 11864
9021 3391
9022 5231
9023 1296
9024 30272
9025 4560
9026 4515
9027 6702
9028 9420
9029 1
9030 10831
9031 832
9032 13556
9033 3014
9034 4519
9035 2567
9036 15096
9037 1298
9038 4521
9039 3475
9040 19968
9041 1
9042 8423
9043 1
9044 11344
9045 10989
9046 4525
9047 192
9048 17596
9049 1
9050 8195
9051 4331
9052 9468
9053 834
9054 10581
9055 1816
9056 22672
9057 3022
9058 5837
9059 1
9060 13952
9061 1451
9062 4971
9063 6690
9064 14508
9065 4648
9066 7561
9067 1
9068 9072
9069 3026
9070 6359
9071 240
9072 31536
9073 254
9074 5261
9075 8305
9076 9080
9077 342
9078 8201
9079 1304
9080 15476
9081 6063
9082 5057
9083 324
9084 12124
9085 2327
9086 6821
9087 3767
9088 31936
9089 210
9090 12513
9091 1
9092 9096
9093 4351
9094 4549
9095 2439
9096 16700
9097 838
9098 4551
9099 9126
9100 14740
9101 498
9102 8053
9103 1
9104 18224
9105 4871
9106 4925
9107 1308
9108 16404
9109 1
9110 6387
9111 3040
9112 14340
9113 714
9114 10493
9115 1828
9116 9500
9117 6087
9118 4847
9119 840
9120 28144
9121 1310
9122 4563
9123 3044
9124 9128
9125 5600
9126 15093
9127 1
9128 15052
9129 3631
9130 7331
9131 420
9132 12188
9133 1
9134 4569
9135 9537
9136 18288
9137 1
9138 7621
9139 1431
9140 10988
9141 3911
9142 5891
9143 264
9144 19884
9145 2279
9146 5145
9147 3052
9148 9152
9149 1314
9150 11435
9151 1
9152 28992
9153 12285
9154 5021
9155 1836
9156 13600
9157 1
9158 5099
9159 3395
9160 15612
9161 1
9162 10707
9163 3990
9164 9596
9165 5788
9166 4585
9167 192
9168 21440
9169 226
9170 7799
9171 6123
9172 9176
9173 1
9174 8545
9175 3695
9176 14308
9177 5252
9178 5321
9179 204
9180 20736
9181 1
9182 4593
9183 3064
9184 24496
9185 2727
9186 7661
9187 1
9188 9192
9189 6135
9190 6443
9191 2111
9192 16876
9193 346
9194 4599
9195 4919
9196 11352
9197 558
9198 12171
9199 1
9200 22480
9201 3070
9202 4901
9203 1
9204 13136
9205 3191
9206 4605
9207 10341
9208 13820
9209 1
9210 9547
9211 212
9212 12040
9213 3431
9214 5183
9215 2423
9216 52224
9217 722
9218 5469
9219 4411
9220 11084
9221 1
9222 8177
9223 424
9224 13844
9225 10065
9226 5945
9227 1
9228 12316
9229 850
9230 7301
9231 3671
9232 18480
9233 1326
9234 20493
9235 1852
9236 9240
9237 3082
9238 4979
9239 1
9240 20948
9241 1
9242 4623
9243 6990
9244 9248
9245 2279
9246 8245
9247 1328
9248 24208
9249 3086
9250 10425
9251 1479
9252 15456
9253 506
9254 5963
9255 4951
9256 14700
9257 1
9258 7721
9259 244
9260 11132
9261 13230
9262 5495
9263 216
9264 21664
9265 2483
9266 4941
9267 3092
9268 10620
9269 1415
9270 12759
9271 200
9272 14548
9273 3967
9274 4639
9275 5210
9276 12380
9277 1
9278 4641
9279 6195
9280 30016
9281 1
9282 10321
9283 1
9284 10172
9285 4967
9286 4645
9287 288
9288 23436
9289 1334
9290 6513
9291 3643
9292 9788
9293 1
9294 7751
9295 4134
9296 20032
9297 6207
9298 4651
9299 564
9300 16420
9301 202
9302 4653
9303 4451
9304 13964
9305 1866
9306 11901
9307 268
9308 10076
9309 3511
9310 9667
9311 1
9312 26480
9313 206
9314 4659
9315 14688
9316 9932
9317 3872
9318 7771
9319 1
9320 15884
9321 3863
9322 4937
9323 1
9324 17124
9325 3755
9326 4665
9327 3112
9328 19680
9329 510
9330 9671
9331 1851
9332 9336
9333 6924
9334 5411
9335 1872
9336 17140
9337 1
9338 6731
9339 3995
9340 11228
9341 1
9342 14067
9343 1
9344 32832
9345 6424
9346 4675
9347 732
9348 13184
9349 1
9350 9815
9351 6243
9352 15420
9353 246
9354 7801
9355 1876
9356 9360
9357 3122
9358 4681
9359 2723
9360 27552
9361 1511
9362 5045
9363 3124
9364 9368
9365 1878
9366 9185
9367 1367
9368 14060
9369 9396
9370 6569
9371 1
9372 13480
9373 2151
9374 4991
9375 12500
9376 23472
9377 1
9378 10959
9379 196
9380 12736
9381 3463
9382 4693
9383 864
9384 18164
9385 1882
9386 6403
9387 7662
9388 9392
9389 270
9390 9733
9391 1
9392 18800
9393 3527
9394 7047
9395 1884
9396 22248
9397 1
9398 5027
9399 3895
9400 18060
9401 2015
9402 7841
9403 1
9404 9408
9405 9501
9406 4705
9407 432
9408 34048
9409 194
9410 6597
9411 3140
9412 10188
9413 1
9414 11001
9415 3263
9416 15068
9417 3487
9418 5297
9419 1
9420 14504
9421 1
9422 6071
9423 9450
9424 19648
9425 4820
9426 7861
9427 868
9428 9432
9429 4511
9430 7241
9431 1
9432 20508
9433 1
9434 5001
9435 5842
9436 10812
9437 1
9438 10307
9439 1
9440 25648
9441 6303
9442 4723
9443 1979
9444 12604
9445 1894
9446 4725
9447 3491
9448 14180
9449 870
9450 19305
9451 740
9452 10076
9453 3631
9454 5111
9455 2351
9456 22112
9457 2751
9458 4731
9459 6315
9460 12432
9461 1
9462 8497
9463 1
9464 17004
9465 5063
9466 4735
9467 1
9468 15816
9469 574
9470 6639
9471 5602
9472 38144
9473 1
9474 7901
9475 3815
9476 9980
9477 19683
9478 6107
9479 1
9480 19396
9481 518
9482 5625
9483 3575
9484 9488
9485 3287
9486 11931
9487 232
9488 18992
9489 3166
9490 7503
9491 1
9492 14096
9493 874
9494 5043
9495 8274
9496 14252
9497 1
9498 7921
9499 1931
9500 15700
9501 3170
9502 4753
9503 1511
9504 34128
9505 1906
9506 7567
9507 3172
9508 9512
9509 294
9510 9857
9511 1
9512 14828
9513 7764
9514 5033
9515 2823
9516 13576
9517 338
9518 4761
9519 3731
9520 22864
9521 1
9522 11937
9523 196
9524 9528
9525 7060
9526 5651
9527 1368
9528 17492
9529 746
9530 6681
9531 9558
9532 9536
9533 1
9534 9349
9535 1912
9536 28672
9537 5168
9538 5309
9539 1
9540 17988
9541 1895
9542 5531
9543 3184
9544 14324
9545 2439
9546 8435
9547 1
9548 12088
9549 6375
9550 8645
9551 1
9552 22336
9553 274
9554 5373
9555 8561
9556 9560
9557 522
9558 17685
9559 1859
9560 16292
9561 3190
9562 6161
9563 204
9564 12764
9565 1918
9566 4785
9567 6387
9568 25072
9569 1374
9570 11089
9571 580
9572 9576
9573 3194
9574 4789
9575 3855
9576 22620
9577 218
9578 4791
9579 3595
9580 11516
9581 1751
9582 7991
9583 1887
9584 19184
9585 11637
9586 4795
9587 1
9588 13552
9589 266
9590 8153
9591 3683
9592 15348
9593 234
9594 12165
9595 2519
9596 9600
9597 4591
9598 4801
9599 360
9600 40640
9601 1
9602 4803
9603 7374
9604 15092
9605 2571
9606 8011
9607 752
9608 14420
9609 3206
9610 7347
9611 1380
9612 19332
9613 1
9614 6605
9615 5143
9616 19248
9617 222
9618 9431
9619 1
9620 12544
9621 6423
9622 5411
9623 1
9624 17668
9625 8025
9626 4815
9627 3212
9628 10076
9629 1
9630 13251
9631 1
9632 25680
9633 5200
9634 4819
9635 2367
9636 13856
9637 442
9638 5099
9639 14796
9640 16428
9641 342
9642 8041
9643 1
9644 9648
9645 5159
9646 7125
9647 888
9648 25872
9649 1
9650 8735
9651 3220
9652 10236
9653 2807
9654 8051
9655 1936
9656 15188
9657 7032
9658 5729
9659 756
9660 16612
9661 1
9662 4833
9663 3224
9664 29056
9665 1938
9666 14553
9667 1388
9668 9672
9669 4135
9670 6779
9671 528
9672 18788
9673 586
9674 6233
9675 10545
9676 10076
9677 1
9678 8071
9679 1
9680 23056
9681 4631
9682 5141
9683 444
9684 16176
9685 2747
9686 5235
9687 3232
9688 15972
9689 1
9690 11093
9691 892
9692 9696
9693 9720
9694 5183
9695 3359
9696 27568
9697 1
9698 5621
9699 3575
9700 13680
9701 198
9702 14973
9703 344
9704 14564
9705 5191
9706 5321
9707 588
9708 12956
9709 2031
9710 6807
9711 7338
9712 19440
9713 894
9714 8101
9715 2423
9716 11132
9717 3599
9718 5171
9719 1
9720 32724
9721 1
9722 4863
9723 4651
9724 11928
9725 3915
9726 8111
9727 208
9728 44288
9729 7116
9730 8271
9731 300
9732 12988
9733 1
9734 5243
9735 6242
9736 14612
9737 2231
9738 11379
9739 1
9740 11708
9741 3871
9742 4873
9743 1
9744 24464
9745 1954
9746 5781
9747 10773
9748 9752
9749 1
9750 14725
9751 2835
9752 15236
9753 3254
9754 4879
9755 1956
9756 16296
9757 898
9758 7085
9759 3256
9760 26512
9761 270
9762 8141
9763 764
9764 9768
9765 10173
9766 5435
9767 1
9768 19060
9769 1
9770 6849
9771 3260
9772 11196
9773 366
9774 14715
9775 4910
9776 20512
9777 3262
9778 4891
9779 2363
9780 15056
9781 1
9782 5171
9783 6531
9784 14684
9785 2567
9786 9595
9787 1
9788 9792
9789 4055
9790 7853
9791 1
9792 36480
9793 1406
9794 5181
9795 5239
9796 10236
9797 198
9798 8729
9799 280
9800 21420
9801 14850
9802 6747
9803 1
9804 13816
9805 2411
9806 4905
9807 4691
9808 19632
9809 594
9810 13497
9811 1
9812 10748
9813 3274
9814 6323
9815 2783
9816 18020
9817 1
9818 4911
9819 6555
9820 11804
9821 1991
9822 8191
9823 1619
9824 24592
9825 7280
9826 6647
9827 348
9828 21816
9829 1
9830 6891
9831 3703
9832 14756
9833 1
9834 9155
9835 3407
9836 9840
9837 6567
9838 4921
9839 1
9840 25168
9841 770
9842 7111
9843 3911
9844 10364
9845 2919
9846 11505
9847 272
9848 14780
9849 6244
9850 8915
9851 1
9852 13148
9853 226
9854 5711
9855 11961
9856 36800
9857 1
9858 8719
9859 1
9860 12752
9861 3863
9862 4933
9863 1416
9864 21444
9865 1978
9866 4935
9867 5374
9868 9872
9869 210
9870 11819
9871 1
9872 19760
9873 6591
9874 4939
9875 6050
9876 13180
9877 2111
9878 5859
9879 3671
9880 18076
9881 282
9882 18279
9883 1
9884 11324
9885 5287
9886 4945
9887 1
9888 28112
9889 1559
9890 7583
9891 8070
9892 9896
9893 774
9894 8929
9895 1984
9896 14852
9897 3302
9898 7875
9899 540
9900 21360
9901 1
9902 4953
9903 3304
9904 19824
9905 3431
9906 9095
9907 1
9908 9912
9909 9936
9910 6947
9911 1671
9912 19756
9913 454
9914 4959
9915 5303
9916 10332
9917 258
9918 12435
9919 2271
9920 32064
9921 3310
9922 7007
9923 1
9924 13244
9925 3995
9926 6395
9927 6627
9928 15612
9929 1
9930 10291
9931 1
9932 10748
9933 5864
9934 4969
9935 1992
9936 30240
9937 542
9938 4971
9939 3316
9940 13488
9941 1
9942 8291
9943 224
9944 15908
9945 9969
9946 4975
9947 4606
9948 13276
9949 1
9950 9005
9951 3731
9952 24912
9953 306
9954 13161
9955 2951
9956 10556
9957 3322
9958 5771
9959 456
9960 20372
9961 1430
9962 5601
9963 16848
9964 10364
9965 1998
9966 9277
9967 1
9968 21472
9969 3326
9970 6989
9971 1703
9972 16656
9973 1
9974 4989
9975 9265
9976 15540
9977 918
9978 8321
9979 604
9980 11996
9981 6663
9982 7173
9983 216
9984 44032
9985 2002
9986 4995
9987 3332
9988 10940
9989 1434
9990 17253
9991 200
9992 14996
9993 3334
9994 5561
9995 2004
9996 16772
9997 782
9998 5001
9999 7674
10000 28000







