0 0
1 1
2 1
3 2
4 0
5 2
6 3
7 3
8 3
9 3
10 4
11 2
12 0
13 2
14 4
15 5
16 5
17 1
18 1
19 5
20 5
21 6
22 4
23 6
24 0
25 6
26 4
27 6
28 7
29 7
30 7
31 7
32 7
33 7
34 7
35 7
36 8
37 6
38 4
39 6
40 0
41 6
42 4
43 6
44 8
45 9
46 9
47 5
48 5
49 1
50 1
51 5
52 5
53 9
54 9
55 10
56 8
57 10
58 4
59 2
60 0
61 2
62 4
63 10
64 8
65 10
66 11
67 11
68 11
69 11
70 3
71 3
72 3
73 3
74 11
75 11
76 11
77 11
78 12
79 10
80 8
81 10
82 12
83 2
84 0
85 2
86 12
87 10
88 8
89 10
90 12
91 13
92 13
93 9
94 9
95 13
96 13
97 1
98 1
99 13
100 13
101 9
102 9
103 13
104 13
105 14
106 12
107 14
108 8
109 14
110 12
111 14
112 0
113 14
114 12
115 14
116 8
117 14
118 12
119 14
120 15
121 15
122 15
123 15
124 15
125 15
126 15
127 15
128 15
129 15
130 15
131 15
132 15
133 15
134 15
135 15
136 16
137 14
138 12
139 14
140 8
141 14
142 12
143 14
144 0
145 14
146 12
147 14
148 8
149 14
150 12
151 14
152 16
153 17
154 17
155 13
156 13
157 9
158 9
159 13
160 13
161 1
162 1
163 13
164 13
165 9
166 9
167 13
168 13
169 17
170 17
171 18
172 16
173 18
174 12
175 10
176 8
177 10
178 12
179 2
180 0
181 2
182 12
183 10
184 8
185 10
186 12
187 18
188 16
189 18
190 19
191 19
192 19
193 19
194 11
195 11
196 11
197 11
198 3
199 3
200 3
201 3
202 11
203 11
204 11
205 11
206 19
207 19
208 19
209 19
210 20
211 18
212 16
213 18
214 20
215 10
216 8
217 10
218 4
219 2
220 0
221 2
222 4
223 10
224 8
225 10
226 20
227 18
228 16
229 18
230 20
231 21
232 21
233 17
234 17
235 21
236 21
237 9
238 9
239 5
240 5
241 1
242 1
243 5
244 5
245 9
246 9
247 21
248 21
249 17
250 17
251 21
252 21
253 22
254 20
255 22
256 16
257 22
258 20
259 22
260 8
261 6
262 4
263 6
264 0
265 6
266 4
267 6
268 8
269 22
270 20
271 22
272 16
273 22
274 20
275 22
276 23
277 23
278 23
279 23
280 23
281 23
282 23
283 23
284 7
285 7
286 7
287 7
288 7
289 7
290 7
291 7
292 23
293 23
294 23
295 23
296 23
297 23
298 23
299 23
300 24
301 22
302 20
303 22
304 16
305 22
306 20
307 22
308 24
309 6
310 4
311 6
312 0
313 6
314 4
315 6
316 24
317 22
318 20
319 22
320 16
321 22
322 20
323 22
324 24
325 25
326 25
327 21
328 21
329 17
330 17
331 21
332 21
333 25
334 25
335 5
336 5
337 1
338 1
339 5
340 5
341 25
342 25
343 21
344 21
345 17
346 17
347 21
348 21
349 25
350 25
351 26
352 24
353 26
354 20
355 18
356 16
357 18
358 20
359 26
360 24
361 26
362 4
363 2
364 0
365 2
366 4
367 26
368 24
369 26
370 20
371 18
372 16
373 18
374 20
375 26
376 24
377 26
378 27
379 27
380 27
381 27
382 19
383 19
384 19
385 19
386 27
387 27
388 27
389 27
390 3
391 3
392 3
393 3
394 27
395 27
396 27
397 27
398 19
399 19
400 19
401 19
402 27
403 27
404 27
405 27
406 28
407 26
408 24
409 26
410 28
411 18
412 16
413 18
414 28
415 26
416 24
417 26
418 28
419 2
420 0
421 2
422 28
423 26
424 24
425 26
426 28
427 18
428 16
429 18
430 28
431 26
432 24
433 26
434 28
435 29
436 29
437 25
438 25
439 29
440 29
441 17
442 17
443 29
444 29
445 25
446 25
447 29
448 29
449 1
450 1
451 29
452 29
453 25
454 25
455 29
456 29
457 17
458 17
459 29
460 29
461 25
462 25
463 29
464 29
465 30
466 28
467 30
468 24
469 30
470 28
471 30
472 16
473 30
474 28
475 30
476 24
477 30
478 28
479 30
480 0
481 30
482 28
483 30
484 24
485 30
486 28
487 30
488 16
489 30
490 28
491 30
492 24
493 30
494 28
495 30
496 31
497 31
498 31
499 31
500 31
501 31
502 31
503 31
504 31
505 31
506 31
507 31
508 31
509 31
510 31
511 31
512 31
513 31
514 31
515 31
516 31
517 31
518 31
519 31
520 31
521 31
522 31
523 31
524 31
525 31
526 31
527 31
528 32
529 30
530 28
531 30
532 24
533 30
534 28
535 30
536 16
537 30
538 28
539 30
540 24
541 30
542 28
543 30
544 0
545 30
546 28
547 30
548 24
549 30
550 28
551 30
552 16
553 30
554 28
555 30
556 24
557 30
558 28
559 30
560 32
561 33
562 33
563 29
564 29
565 25
566 25
567 29
568 29
569 17
570 17
571 29
572 29
573 25
574 25
575 29
576 29
577 1
578 1
579 29
580 29
581 25
582 25
583 29
584 29
585 17
586 17
587 29
588 29
589 25
590 25
591 29
592 29
593 33
594 33
595 34
596 32
597 34
598 28
599 26
600 24
601 26
602 28
603 18
604 16
605 18
606 28
607 26
608 24
609 26
610 28
611 2
612 0
613 2
614 28
615 26
616 24
617 26
618 28
619 18
620 16
621 18
622 28
623 26
624 24
625 26
626 28
627 34
628 32
629 34
630 35
631 35
632 35
633 35
634 27
635 27
636 27
637 27
638 19
639 19
640 19
641 19
642 27
643 27
644 27
645 27
646 3
647 3
648 3
649 3
650 27
651 27
652 27
653 27
654 19
655 19
656 19
657 19
658 27
659 27
660 27
661 27
662 35
663 35
664 35
665 35
666 36
667 34
668 32
669 34
670 36
671 26
672 24
673 26
674 20
675 18
676 16
677 18
678 20
679 26
680 24
681 26
682 4
683 2
684 0
685 2
686 4
687 26
688 24
689 26
690 20
691 18
692 16
693 18
694 20
695 26
696 24
697 26
698 36
699 34
700 32
701 34
702 36
703 37
704 37
705 33
706 33
707 37
708 37
709 25
710 25
711 21
712 21
713 17
714 17
715 21
716 21
717 25
718 25
719 5
720 5
721 1
722 1
723 5
724 5
725 25
726 25
727 21
728 21
729 17
730 17
731 21
732 21
733 25
734 25
735 37
736 37
737 33
738 33
739 37
740 37
741 38
742 36
743 38
744 32
745 38
746 36
747 38
748 24
749 22
750 20
751 22
752 16
753 22
754 20
755 22
756 24
757 6
758 4
759 6
760 0
761 6
762 4
763 6
764 24
765 22
766 20
767 22
768 16
769 22
770 20
771 22
772 24
773 38
774 36
775 38
776 32
777 38
778 36
779 38
780 39
781 39
782 39
783 39
784 39
785 39
786 39
787 39
788 23
789 23
790 23
791 23
792 23
793 23
794 23
795 23
796 7
797 7
798 7
799 7
800 7
801 7
802 7
803 7
804 23
805 23
806 23
807 23
808 23
809 23
810 23
811 23
812 39
813 39
814 39
815 39
816 39
817 39
818 39
819 39
820 40
821 38
822 36
823 38
824 32
825 38
826 36
827 38
828 40
829 22
830 20
831 22
832 16
833 22
834 20
835 22
836 8
837 6
838 4
839 6
840 0
841 6
842 4
843 6
844 8
845 22
846 20
847 22
848 16
849 22
850 20
851 22
852 40
853 38
854 36
855 38
856 32
857 38
858 36
859 38
860 40
861 41
862 41
863 37
864 37
865 33
866 33
867 37
868 37
869 41
870 41
871 21
872 21
873 17
874 17
875 21
876 21
877 9
878 9
879 5
880 5
881 1
882 1
883 5
884 5
885 9
886 9
887 21
888 21
889 17
890 17
891 21
892 21
893 41
894 41
895 37
896 37
897 33
898 33
899 37
900 37
901 41
902 41
903 42
904 40
905 42
906 36
907 34
908 32
909 34
910 36
911 42
912 40
913 42
914 20
915 18
916 16
917 18
918 20
919 10
920 8
921 10
922 4
923 2
924 0
925 2
926 4
927 10
928 8
929 10
930 20
931 18
932 16
933 18
934 20
935 42
936 40
937 42
938 36
939 34
940 32
941 34
942 36
943 42
944 40
945 42
946 43
947 43
948 43
949 43
950 35
951 35
952 35
953 35
954 43
955 43
956 43
957 43
958 19
959 19
960 19
961 19
962 11
963 11
964 11
965 11
966 3
967 3
968 3
969 3
970 11
971 11
972 11
973 11
974 19
975 19
976 19
977 19
978 43
979 43
980 43
981 43
982 35
983 35
984 35
985 35
986 43
987 43
988 43
989 43
990 44
991 42
992 40
993 42
994 44
995 34
996 32
997 34
998 44
999 42
1000 40
1001 42
1002 44
1003 18
1004 16
1005 18
1006 12
1007 10
1008 8
1009 10
1010 12
1011 2
1012 0
1013 2
1014 12
1015 10
1016 8
1017 10
1018 12
1019 18
1020 16
1021 18
1022 44
1023 42
1024 40
1025 42
1026 44
1027 34
1028 32
1029 34
1030 44
1031 42
1032 40
1033 42
1034 44
1035 45
1036 45
1037 41
1038 41
1039 45
1040 45
1041 33
1042 33
1043 45
1044 45
1045 41
1046 41
1047 45
1048 45
1049 17
1050 17
1051 13
1052 13
1053 9
1054 9
1055 13
1056 13
1057 1
1058 1
1059 13
1060 13
1061 9
1062 9
1063 13
1064 13
1065 17
1066 17
1067 45
1068 45
1069 41
1070 41
1071 45
1072 45
1073 33
1074 33
1075 45
1076 45
1077 41
1078 41
1079 45
1080 45
1081 46
1082 44
1083 46
1084 40
1085 46
1086 44
1087 46
1088 32
1089 46
1090 44
1091 46
1092 40
1093 46
1094 44
1095 46
1096 16
1097 14
1098 12
1099 14
1100 8
1101 14
1102 12
1103 14
1104 0
1105 14
1106 12
1107 14
1108 8
1109 14
1110 12
1111 14
1112 16
1113 46
1114 44
1115 46
1116 40
1117 46
1118 44
1119 46
1120 32
1121 46
1122 44
1123 46
1124 40
1125 46
1126 44
1127 46
1128 47
1129 47
1130 47
1131 47
1132 47
1133 47
1134 47
1135 47
1136 47
1137 47
1138 47
1139 47
1140 47
1141 47
1142 47
1143 47
1144 15
1145 15
1146 15
1147 15
1148 15
1149 15
1150 15
1151 15
1152 15
1153 15
1154 15
1155 15
1156 15
1157 15
1158 15
1159 15
1160 47
1161 47
1162 47
1163 47
1164 47
1165 47
1166 47
1167 47
1168 47
1169 47
1170 47
1171 47
1172 47
1173 47
1174 47
1175 47
1176 48
1177 46
1178 44
1179 46
1180 40
1181 46
1182 44
1183 46
1184 32
1185 46
1186 44
1187 46
1188 40
1189 46
1190 44
1191 46
1192 48
1193 14
1194 12
1195 14
1196 8
1197 14
1198 12
1199 14
1200 0
1201 14
1202 12
1203 14
1204 8
1205 14
1206 12
1207 14
1208 48
1209 46
1210 44
1211 46
1212 40
1213 46
1214 44
1215 46
1216 32
1217 46
1218 44
1219 46
1220 40
1221 46
1222 44
1223 46
1224 48
1225 49
1226 49
1227 45
1228 45
1229 41
1230 41
1231 45
1232 45
1233 33
1234 33
1235 45
1236 45
1237 41
1238 41
1239 45
1240 45
1241 49
1242 49
1243 13
1244 13
1245 9
1246 9
1247 13
1248 13
1249 1
1250 1
1251 13
1252 13
1253 9
1254 9
1255 13
1256 13
1257 49
1258 49
1259 45
1260 45
1261 41
1262 41
1263 45
1264 45
1265 33
1266 33
1267 45
1268 45
1269 41
1270 41
1271 45
1272 45
1273 49
1274 49
1275 50
1276 48
1277 50
1278 44
1279 42
1280 40
1281 42
1282 44
1283 34
1284 32
1285 34
1286 44
1287 42
1288 40
1289 42
1290 44
1291 50
1292 48
1293 50
1294 12
1295 10
1296 8
1297 10
1298 12
1299 2
1300 0
1301 2
1302 12
1303 10
1304 8
1305 10
1306 12
1307 50
1308 48
1309 50
1310 44
1311 42
1312 40
1313 42
1314 44
1315 34
1316 32
1317 34
1318 44
1319 42
1320 40
1321 42
1322 44
1323 50
1324 48
1325 50
1326 51
1327 51
1328 51
1329 51
1330 43
1331 43
1332 43
1333 43
1334 35
1335 35
1336 35
1337 35
1338 43
1339 43
1340 43
1341 43
1342 51
1343 51
1344 51
1345 51
1346 11
1347 11
1348 11
1349 11
1350 3
1351 3
1352 3
1353 3
1354 11
1355 11
1356 11
1357 11
1358 51
1359 51
1360 51
1361 51
1362 43
1363 43
1364 43
1365 43
1366 35
1367 35
1368 35
1369 35
1370 43
1371 43
1372 43
1373 43
1374 51
1375 51
1376 51
1377 51
1378 52
1379 50
1380 48
1381 50
1382 52
1383 42
1384 40
1385 42
1386 36
1387 34
1388 32
1389 34
1390 36
1391 42
1392 40
1393 42
1394 52
1395 50
1396 48
1397 50
1398 52
1399 10
1400 8
1401 10
1402 4
1403 2
1404 0
1405 2
1406 4
1407 10
1408 8
1409 10
1410 52
1411 50
1412 48
1413 50
1414 52
1415 42
1416 40
1417 42
1418 36
1419 34
1420 32
1421 34
1422 36
1423 42
1424 40
1425 42
1426 52
1427 50
1428 48
1429 50
1430 52
1431 53
1432 53
1433 49
1434 49
1435 53
1436 53
1437 41
1438 41
1439 37
1440 37
1441 33
1442 33
1443 37
1444 37
1445 41
1446 41
1447 53
1448 53
1449 49
1450 49
1451 53
1452 53
1453 9
1454 9
1455 5
1456 5
1457 1
1458 1
1459 5
1460 5
1461 9
1462 9
1463 53
1464 53
1465 49
1466 49
1467 53
1468 53
1469 41
1470 41
1471 37
1472 37
1473 33
1474 33
1475 37
1476 37
1477 41
1478 41
1479 53
1480 53
1481 49
1482 49
1483 53
1484 53
1485 54
1486 52
1487 54
1488 48
1489 54
1490 52
1491 54
1492 40
1493 38
1494 36
1495 38
1496 32
1497 38
1498 36
1499 38
1500 40
1501 54
1502 52
1503 54
1504 48
1505 54
1506 52
1507 54
1508 8
1509 6
1510 4
1511 6
1512 0
1513 6
1514 4
1515 6
1516 8
1517 54
1518 52
1519 54
1520 48
1521 54
1522 52
1523 54
1524 40
1525 38
1526 36
1527 38
1528 32
1529 38
1530 36
1531 38
1532 40
1533 54
1534 52
1535 54
1536 48
1537 54
1538 52
1539 54
1540 55
1541 55
1542 55
1543 55
1544 55
1545 55
1546 55
1547 55
1548 39
1549 39
1550 39
1551 39
1552 39
1553 39
1554 39
1555 39
1556 55
1557 55
1558 55
1559 55
1560 55
1561 55
1562 55
1563 55
1564 7
1565 7
1566 7
1567 7
1568 7
1569 7
1570 7
1571 7
1572 55
1573 55
1574 55
1575 55
1576 55
1577 55
1578 55
1579 55
1580 39
1581 39
1582 39
1583 39
1584 39
1585 39
1586 39
1587 39
1588 55
1589 55
1590 55
1591 55
1592 55
1593 55
1594 55
1595 55
1596 56
1597 54
1598 52
1599 54
1600 48
1601 54
1602 52
1603 54
1604 56
1605 38
1606 36
1607 38
1608 32
1609 38
1610 36
1611 38
1612 56
1613 54
1614 52
1615 54
1616 48
1617 54
1618 52
1619 54
1620 56
1621 6
1622 4
1623 6
1624 0
1625 6
1626 4
1627 6
1628 56
1629 54
1630 52
1631 54
1632 48
1633 54
1634 52
1635 54
1636 56
1637 38
1638 36
1639 38
1640 32
1641 38
1642 36
1643 38
1644 56
1645 54
1646 52
1647 54
1648 48
1649 54
1650 52
1651 54
1652 56
1653 57
1654 57
1655 53
1656 53
1657 49
1658 49
1659 53
1660 53
1661 57
1662 57
1663 37
1664 37
1665 33
1666 33
1667 37
1668 37
1669 57
1670 57
1671 53
1672 53
1673 49
1674 49
1675 53
1676 53
1677 57
1678 57
1679 5
1680 5
1681 1
1682 1
1683 5
1684 5
1685 57
1686 57
1687 53
1688 53
1689 49
1690 49
1691 53
1692 53
1693 57
1694 57
1695 37
1696 37
1697 33
1698 33
1699 37
1700 37
1701 57
1702 57
1703 53
1704 53
1705 49
1706 49
1707 53
1708 53
1709 57
1710 57
1711 58
1712 56
1713 58
1714 52
1715 50
1716 48
1717 50
1718 52
1719 58
1720 56
1721 58
1722 36
1723 34
1724 32
1725 34
1726 36
1727 58
1728 56
1729 58
1730 52
1731 50
1732 48
1733 50
1734 52
1735 58
1736 56
1737 58
1738 4
1739 2
1740 0
1741 2
1742 4
1743 58
1744 56
1745 58
1746 52
1747 50
1748 48
1749 50
1750 52
1751 58
1752 56
1753 58
1754 36
1755 34
1756 32
1757 34
1758 36
1759 58
1760 56
1761 58
1762 52
1763 50
1764 48
1765 50
1766 52
1767 58
1768 56
1769 58
1770 59
1771 59
1772 59
1773 59
1774 51
1775 51
1776 51
1777 51
1778 59
1779 59
1780 59
1781 59
1782 35
1783 35
1784 35
1785 35
1786 59
1787 59
1788 59
1789 59
1790 51
1791 51
1792 51
1793 51
1794 59
1795 59
1796 59
1797 59
1798 3
1799 3
1800 3
1801 3
1802 59
1803 59
1804 59
1805 59
1806 51
1807 51
1808 51
1809 51
1810 59
1811 59
1812 59
1813 59
1814 35
1815 35
1816 35
1817 35
1818 59
1819 59
1820 59
1821 59
1822 51
1823 51
1824 51
1825 51
1826 59
1827 59
1828 59
1829 59
1830 60
1831 58
1832 56
1833 58
1834 60
1835 50
1836 48
1837 50
1838 60
1839 58
1840 56
1841 58
1842 60
1843 34
1844 32
1845 34
1846 60
1847 58
1848 56
1849 58
1850 60
1851 50
1852 48
1853 50
1854 60
1855 58
1856 56
1857 58
1858 60
1859 2
1860 0
1861 2
1862 60
1863 58
1864 56
1865 58
1866 60
1867 50
1868 48
1869 50
1870 60
1871 58
1872 56
1873 58
1874 60
1875 34
1876 32
1877 34
1878 60
1879 58
1880 56
1881 58
1882 60
1883 50
1884 48
1885 50
1886 60
1887 58
1888 56
1889 58
1890 60
1891 61
1892 61
1893 57
1894 57
1895 61
1896 61
1897 49
1898 49
1899 61
1900 61
1901 57
1902 57
1903 61
1904 61
1905 33
1906 33
1907 61
1908 61
1909 57
1910 57
1911 61
1912 61
1913 49
1914 49
1915 61
1916 61
1917 57
1918 57
1919 61
1920 61
1921 1
1922 1
1923 61
1924 61
1925 57
1926 57
1927 61
1928 61
1929 49
1930 49
1931 61
1932 61
1933 57
1934 57
1935 61
1936 61
1937 33
1938 33
1939 61
1940 61
1941 57
1942 57
1943 61
1944 61
1945 49
1946 49
1947 61
1948 61
1949 57
1950 57
1951 61
1952 61
1953 62
1954 60
1955 62
1956 56
1957 62
1958 60
1959 62
1960 48
1961 62
1962 60
1963 62
1964 56
1965 62
1966 60
1967 62
1968 32
1969 62
1970 60
1971 62
1972 56
1973 62
1974 60
1975 62
1976 48
1977 62
1978 60
1979 62
1980 56
1981 62
1982 60
1983 62
1984 0
1985 62
1986 60
1987 62
1988 56
1989 62
1990 60
1991 62
1992 48
1993 62
1994 60
1995 62
1996 56
1997 62
1998 60
1999 62
2000 32
2001 62
2002 60
2003 62
2004 56
2005 62
2006 60
2007 62
2008 48
2009 62
2010 60
2011 62
2012 56
2013 62
2014 60
2015 62
2016 63
2017 63
2018 63
2019 63
2020 63
2021 63
2022 63
2023 63
2024 63
2025 63
2026 63
2027 63
2028 63
2029 63
2030 63
2031 63
2032 63
2033 63
2034 63
2035 63
2036 63
2037 63
2038 63
2039 63
2040 63
2041 63
2042 63
2043 63
2044 63
2045 63
2046 63
2047 63
2048 63
2049 63
2050 63
2051 63
2052 63
2053 63
2054 63
2055 63
2056 63
2057 63
2058 63
2059 63
2060 63
2061 63
2062 63
2063 63
2064 63
2065 63
2066 63
2067 63
2068 63
2069 63
2070 63
2071 63
2072 63
2073 63
2074 63
2075 63
2076 63
2077 63
2078 63
2079 63
2080 64
2081 62
2082 60
2083 62
2084 56
2085 62
2086 60
2087 62
2088 48
2089 62
2090 60
2091 62
2092 56
2093 62
2094 60
2095 62
2096 32
2097 62
2098 60
2099 62
2100 56
2101 62
2102 60
2103 62
2104 48
2105 62
2106 60
2107 62
2108 56
2109 62
2110 60
2111 62
2112 0
2113 62
2114 60
2115 62
2116 56
2117 62
2118 60
2119 62
2120 48
2121 62
2122 60
2123 62
2124 56
2125 62
2126 60
2127 62
2128 32
2129 62
2130 60
2131 62
2132 56
2133 62
2134 60
2135 62
2136 48
2137 62
2138 60
2139 62
2140 56
2141 62
2142 60
2143 62
2144 64
2145 65
2146 65
2147 61
2148 61
2149 57
2150 57
2151 61
2152 61
2153 49
2154 49
2155 61
2156 61
2157 57
2158 57
2159 61
2160 61
2161 33
2162 33
2163 61
2164 61
2165 57
2166 57
2167 61
2168 61
2169 49
2170 49
2171 61
2172 61
2173 57
2174 57
2175 61
2176 61
2177 1
2178 1
2179 61
2180 61
2181 57
2182 57
2183 61
2184 61
2185 49
2186 49
2187 61
2188 61
2189 57
2190 57
2191 61
2192 61
2193 33
2194 33
2195 61
2196 61
2197 57
2198 57
2199 61
2200 61
2201 49
2202 49
2203 61
2204 61
2205 57
2206 57
2207 61
2208 61
2209 65
2210 65
2211 66
2212 64
2213 66
2214 60
2215 58
2216 56
2217 58
2218 60
2219 50
2220 48
2221 50
2222 60
2223 58
2224 56
2225 58
2226 60
2227 34
2228 32
2229 34
2230 60
2231 58
2232 56
2233 58
2234 60
2235 50
2236 48
2237 50
2238 60
2239 58
2240 56
2241 58
2242 60
2243 2
2244 0
2245 2
2246 60
2247 58
2248 56
2249 58
2250 60
2251 50
2252 48
2253 50
2254 60
2255 58
2256 56
2257 58
2258 60
2259 34
2260 32
2261 34
2262 60
2263 58
2264 56
2265 58
2266 60
2267 50
2268 48
2269 50
2270 60
2271 58
2272 56
2273 58
2274 60
2275 66
2276 64
2277 66
2278 67
2279 67
2280 67
2281 67
2282 59
2283 59
2284 59
2285 59
2286 51
2287 51
2288 51
2289 51
2290 59
2291 59
2292 59
2293 59
2294 35
2295 35
2296 35
2297 35
2298 59
2299 59
2300 59
2301 59
2302 51
2303 51
2304 51
2305 51
2306 59
2307 59
2308 59
2309 59
2310 3
2311 3
2312 3
2313 3
2314 59
2315 59
2316 59
2317 59
2318 51
2319 51
2320 51
2321 51
2322 59
2323 59
2324 59
2325 59
2326 35
2327 35
2328 35
2329 35
2330 59
2331 59
2332 59
2333 59
2334 51
2335 51
2336 51
2337 51
2338 59
2339 59
2340 59
2341 59
2342 67
2343 67
2344 67
2345 67
2346 68
2347 66
2348 64
2349 66
2350 68
2351 58
2352 56
2353 58
2354 52
2355 50
2356 48
2357 50
2358 52
2359 58
2360 56
2361 58
2362 36
2363 34
2364 32
2365 34
2366 36
2367 58
2368 56
2369 58
2370 52
2371 50
2372 48
2373 50
2374 52
2375 58
2376 56
2377 58
2378 4
2379 2
2380 0
2381 2
2382 4
2383 58
2384 56
2385 58
2386 52
2387 50
2388 48
2389 50
2390 52
2391 58
2392 56
2393 58
2394 36
2395 34
2396 32
2397 34
2398 36
2399 58
2400 56
2401 58
2402 52
2403 50
2404 48
2405 50
2406 52
2407 58
2408 56
2409 58
2410 68
2411 66
2412 64
2413 66
2414 68
2415 69
2416 69
2417 65
2418 65
2419 69
2420 69
2421 57
2422 57
2423 53
2424 53
2425 49
2426 49
2427 53
2428 53
2429 57
2430 57
2431 37
2432 37
2433 33
2434 33
2435 37
2436 37
2437 57
2438 57
2439 53
2440 53
2441 49
2442 49
2443 53
2444 53
2445 57
2446 57
2447 5
2448 5
2449 1
2450 1
2451 5
2452 5
2453 57
2454 57
2455 53
2456 53
2457 49
2458 49
2459 53
2460 53
2461 57
2462 57
2463 37
2464 37
2465 33
2466 33
2467 37
2468 37
2469 57
2470 57
2471 53
2472 53
2473 49
2474 49
2475 53
2476 53
2477 57
2478 57
2479 69
2480 69
2481 65
2482 65
2483 69
2484 69
2485 70
2486 68
2487 70
2488 64
2489 70
2490 68
2491 70
2492 56
2493 54
2494 52
2495 54
2496 48
2497 54
2498 52
2499 54
2500 56
2501 38
2502 36
2503 38
2504 32
2505 38
2506 36
2507 38
2508 56
2509 54
2510 52
2511 54
2512 48
2513 54
2514 52
2515 54
2516 56
2517 6
2518 4
2519 6
2520 0
2521 6
2522 4
2523 6
2524 56
2525 54
2526 52
2527 54
2528 48
2529 54
2530 52
2531 54
2532 56
2533 38
2534 36
2535 38
2536 32
2537 38
2538 36
2539 38
2540 56
2541 54
2542 52
2543 54
2544 48
2545 54
2546 52
2547 54
2548 56
2549 70
2550 68
2551 70
2552 64
2553 70
2554 68
2555 70
2556 71
2557 71
2558 71
2559 71
2560 71
2561 71
2562 71
2563 71
2564 55
2565 55
2566 55
2567 55
2568 55
2569 55
2570 55
2571 55
2572 39
2573 39
2574 39
2575 39
2576 39
2577 39
2578 39
2579 39
2580 55
2581 55
2582 55
2583 55
2584 55
2585 55
2586 55
2587 55
2588 7
2589 7
2590 7
2591 7
2592 7
2593 7
2594 7
2595 7
2596 55
2597 55
2598 55
2599 55
2600 55
2601 55
2602 55
2603 55
2604 39
2605 39
2606 39
2607 39
2608 39
2609 39
2610 39
2611 39
2612 55
2613 55
2614 55
2615 55
2616 55
2617 55
2618 55
2619 55
2620 71
2621 71
2622 71
2623 71
2624 71
2625 71
2626 71
2627 71
2628 72
2629 70
2630 68
2631 70
2632 64
2633 70
2634 68
2635 70
2636 72
2637 54
2638 52
2639 54
2640 48
2641 54
2642 52
2643 54
2644 40
2645 38
2646 36
2647 38
2648 32
2649 38
2650 36
2651 38
2652 40
2653 54
2654 52
2655 54
2656 48
2657 54
2658 52
2659 54
2660 8
2661 6
2662 4
2663 6
2664 0
2665 6
2666 4
2667 6
2668 8
2669 54
2670 52
2671 54
2672 48
2673 54
2674 52
2675 54
2676 40
2677 38
2678 36
2679 38
2680 32
2681 38
2682 36
2683 38
2684 40
2685 54
2686 52
2687 54
2688 48
2689 54
2690 52
2691 54
2692 72
2693 70
2694 68
2695 70
2696 64
2697 70
2698 68
2699 70
2700 72
2701 73
2702 73
2703 69
2704 69
2705 65
2706 65
2707 69
2708 69
2709 73
2710 73
2711 53
2712 53
2713 49
2714 49
2715 53
2716 53
2717 41
2718 41
2719 37
2720 37
2721 33
2722 33
2723 37
2724 37
2725 41
2726 41
2727 53
2728 53
2729 49
2730 49
2731 53
2732 53
2733 9
2734 9
2735 5
2736 5
2737 1
2738 1
2739 5
2740 5
2741 9
2742 9
2743 53
2744 53
2745 49
2746 49
2747 53
2748 53
2749 41
2750 41
2751 37
2752 37
2753 33
2754 33
2755 37
2756 37
2757 41
2758 41
2759 53
2760 53
2761 49
2762 49
2763 53
2764 53
2765 73
2766 73
2767 69
2768 69
2769 65
2770 65
2771 69
2772 69
2773 73
2774 73
2775 74
2776 72
2777 74
2778 68
2779 66
2780 64
2781 66
2782 68
2783 74
2784 72
2785 74
2786 52
2787 50
2788 48
2789 50
2790 52
2791 42
2792 40
2793 42
2794 36
2795 34
2796 32
2797 34
2798 36
2799 42
2800 40
2801 42
2802 52
2803 50
2804 48
2805 50
2806 52
2807 10
2808 8
2809 10
2810 4
2811 2
2812 0
2813 2
2814 4
2815 10
2816 8
2817 10
2818 52
2819 50
2820 48
2821 50
2822 52
2823 42
2824 40
2825 42
2826 36
2827 34
2828 32
2829 34
2830 36
2831 42
2832 40
2833 42
2834 52
2835 50
2836 48
2837 50
2838 52
2839 74
2840 72
2841 74
2842 68
2843 66
2844 64
2845 66
2846 68
2847 74
2848 72
2849 74
2850 75
2851 75
2852 75
2853 75
2854 67
2855 67
2856 67
2857 67
2858 75
2859 75
2860 75
2861 75
2862 51
2863 51
2864 51
2865 51
2866 43
2867 43
2868 43
2869 43
2870 35
2871 35
2872 35
2873 35
2874 43
2875 43
2876 43
2877 43
2878 51
2879 51
2880 51
2881 51
2882 11
2883 11
2884 11
2885 11
2886 3
2887 3
2888 3
2889 3
2890 11
2891 11
2892 11
2893 11
2894 51
2895 51
2896 51
2897 51
2898 43
2899 43
2900 43
2901 43
2902 35
2903 35
2904 35
2905 35
2906 43
2907 43
2908 43
2909 43
2910 51
2911 51
2912 51
2913 51
2914 75
2915 75
2916 75
2917 75
2918 67
2919 67
2920 67
2921 67
2922 75
2923 75
2924 75
2925 75
2926 76
2927 74
2928 72
2929 74
2930 76
2931 66
2932 64
2933 66
2934 76
2935 74
2936 72
2937 74
2938 76
2939 50
2940 48
2941 50
2942 44
2943 42
2944 40
2945 42
2946 44
2947 34
2948 32
2949 34
2950 44
2951 42
2952 40
2953 42
2954 44
2955 50
2956 48
2957 50
2958 12
2959 10
2960 8
2961 10
2962 12
2963 2
2964 0
2965 2
2966 12
2967 10
2968 8
2969 10
2970 12
2971 50
2972 48
2973 50
2974 44
2975 42
2976 40
2977 42
2978 44
2979 34
2980 32
2981 34
2982 44
2983 42
2984 40
2985 42
2986 44
2987 50
2988 48
2989 50
2990 76
2991 74
2992 72
2993 74
2994 76
2995 66
2996 64
2997 66
2998 76
2999 74
3000 72
3001 74
3002 76
3003 77
3004 77
3005 73
3006 73
3007 77
3008 77
3009 65
3010 65
3011 77
3012 77
3013 73
3014 73
3015 77
3016 77
3017 49
3018 49
3019 45
3020 45
3021 41
3022 41
3023 45
3024 45
3025 33
3026 33
3027 45
3028 45
3029 41
3030 41
3031 45
3032 45
3033 49
3034 49
3035 13
3036 13
3037 9
3038 9
3039 13
3040 13
3041 1
3042 1
3043 13
3044 13
3045 9
3046 9
3047 13
3048 13
3049 49
3050 49
3051 45
3052 45
3053 41
3054 41
3055 45
3056 45
3057 33
3058 33
3059 45
3060 45
3061 41
3062 41
3063 45
3064 45
3065 49
3066 49
3067 77
3068 77
3069 73
3070 73
3071 77
3072 77
3073 65
3074 65
3075 77
3076 77
3077 73
3078 73
3079 77
3080 77
3081 78
3082 76
3083 78
3084 72
3085 78
3086 76
3087 78
3088 64
3089 78
3090 76
3091 78
3092 72
3093 78
3094 76
3095 78
3096 48
3097 46
3098 44
3099 46
3100 40
3101 46
3102 44
3103 46
3104 32
3105 46
3106 44
3107 46
3108 40
3109 46
3110 44
3111 46
3112 48
3113 14
3114 12
3115 14
3116 8
3117 14
3118 12
3119 14
3120 0
3121 14
3122 12
3123 14
3124 8
3125 14
3126 12
3127 14
3128 48
3129 46
3130 44
3131 46
3132 40
3133 46
3134 44
3135 46
3136 32
3137 46
3138 44
3139 46
3140 40
3141 46
3142 44
3143 46
3144 48
3145 78
3146 76
3147 78
3148 72
3149 78
3150 76
3151 78
3152 64
3153 78
3154 76
3155 78
3156 72
3157 78
3158 76
3159 78
3160 79
3161 79
3162 79
3163 79
3164 79
3165 79
3166 79
3167 79
3168 79
3169 79
3170 79
3171 79
3172 79
3173 79
3174 79
3175 79
3176 47
3177 47
3178 47
3179 47
3180 47
3181 47
3182 47
3183 47
3184 47
3185 47
3186 47
3187 47
3188 47
3189 47
3190 47
3191 47
3192 15
3193 15
3194 15
3195 15
3196 15
3197 15
3198 15
3199 15
3200 15
3201 15
3202 15
3203 15
3204 15
3205 15
3206 15
3207 15
3208 47
3209 47
3210 47
3211 47
3212 47
3213 47
3214 47
3215 47
3216 47
3217 47
3218 47
3219 47
3220 47
3221 47
3222 47
3223 47
3224 79
3225 79
3226 79
3227 79
3228 79
3229 79
3230 79
3231 79
3232 79
3233 79
3234 79
3235 79
3236 79
3237 79
3238 79
3239 79
3240 80
3241 78
3242 76
3243 78
3244 72
3245 78
3246 76
3247 78
3248 64
3249 78
3250 76
3251 78
3252 72
3253 78
3254 76
3255 78
3256 80
3257 46
3258 44
3259 46
3260 40
3261 46
3262 44
3263 46
3264 32
3265 46
3266 44
3267 46
3268 40
3269 46
3270 44
3271 46
3272 16
3273 14
3274 12
3275 14
3276 8
3277 14
3278 12
3279 14
3280 0
3281 14
3282 12
3283 14
3284 8
3285 14
3286 12
3287 14
3288 16
3289 46
3290 44
3291 46
3292 40
3293 46
3294 44
3295 46
3296 32
3297 46
3298 44
3299 46
3300 40
3301 46
3302 44
3303 46
3304 80
3305 78
3306 76
3307 78
3308 72
3309 78
3310 76
3311 78
3312 64
3313 78
3314 76
3315 78
3316 72
3317 78
3318 76
3319 78
3320 80
3321 81
3322 81
3323 77
3324 77
3325 73
3326 73
3327 77
3328 77
3329 65
3330 65
3331 77
3332 77
3333 73
3334 73
3335 77
3336 77
3337 81
3338 81
3339 45
3340 45
3341 41
3342 41
3343 45
3344 45
3345 33
3346 33
3347 45
3348 45
3349 41
3350 41
3351 45
3352 45
3353 17
3354 17
3355 13
3356 13
3357 9
3358 9
3359 13
3360 13
3361 1
3362 1
3363 13
3364 13
3365 9
3366 9
3367 13
3368 13
3369 17
3370 17
3371 45
3372 45
3373 41
3374 41
3375 45
3376 45
3377 33
3378 33
3379 45
3380 45
3381 41
3382 41
3383 45
3384 45
3385 81
3386 81
3387 77
3388 77
3389 73
3390 73
3391 77
3392 77
3393 65
3394 65
3395 77
3396 77
3397 73
3398 73
3399 77
3400 77
3401 81
3402 81
3403 82
3404 80
3405 82
3406 76
3407 74
3408 72
3409 74
3410 76
3411 66
3412 64
3413 66
3414 76
3415 74
3416 72
3417 74
3418 76
3419 82
3420 80
3421 82
3422 44
3423 42
3424 40
3425 42
3426 44
3427 34
3428 32
3429 34
3430 44
3431 42
3432 40
3433 42
3434 44
3435 18
3436 16
3437 18
3438 12
3439 10
3440 8
3441 10
3442 12
3443 2
3444 0
3445 2
3446 12
3447 10
3448 8
3449 10
3450 12
3451 18
3452 16
3453 18
3454 44
3455 42
3456 40
3457 42
3458 44
3459 34
3460 32
3461 34
3462 44
3463 42
3464 40
3465 42
3466 44
3467 82
3468 80
3469 82
3470 76
3471 74
3472 72
3473 74
3474 76
3475 66
3476 64
3477 66
3478 76
3479 74
3480 72
3481 74
3482 76
3483 82
3484 80
3485 82
3486 83
3487 83
3488 83
3489 83
3490 75
3491 75
3492 75
3493 75
3494 67
3495 67
3496 67
3497 67
3498 75
3499 75
3500 75
3501 75
3502 83
3503 83
3504 83
3505 83
3506 43
3507 43
3508 43
3509 43
3510 35
3511 35
3512 35
3513 35
3514 43
3515 43
3516 43
3517 43
3518 19
3519 19
3520 19
3521 19
3522 11
3523 11
3524 11
3525 11
3526 3
3527 3
3528 3
3529 3
3530 11
3531 11
3532 11
3533 11
3534 19
3535 19
3536 19
3537 19
3538 43
3539 43
3540 43
3541 43
3542 35
3543 35
3544 35
3545 35
3546 43
3547 43
3548 43
3549 43
3550 83
3551 83
3552 83
3553 83
3554 75
3555 75
3556 75
3557 75
3558 67
3559 67
3560 67
3561 67
3562 75
3563 75
3564 75
3565 75
3566 83
3567 83
3568 83
3569 83
3570 84
3571 82
3572 80
3573 82
3574 84
3575 74
3576 72
3577 74
3578 68
3579 66
3580 64
3581 66
3582 68
3583 74
3584 72
3585 74
3586 84
3587 82
3588 80
3589 82
3590 84
3591 42
3592 40
3593 42
3594 36
3595 34
3596 32
3597 34
3598 36
3599 42
3600 40
3601 42
3602 20
3603 18
3604 16
3605 18
3606 20
3607 10
3608 8
3609 10
3610 4
3611 2
3612 0
3613 2
3614 4
3615 10
3616 8
3617 10
3618 20
3619 18
3620 16
3621 18
3622 20
3623 42
3624 40
3625 42
3626 36
3627 34
3628 32
3629 34
3630 36
3631 42
3632 40
3633 42
3634 84
3635 82
3636 80
3637 82
3638 84
3639 74
3640 72
3641 74
3642 68
3643 66
3644 64
3645 66
3646 68
3647 74
3648 72
3649 74
3650 84
3651 82
3652 80
3653 82
3654 84
3655 85
3656 85
3657 81
3658 81
3659 85
3660 85
3661 73
3662 73
3663 69
3664 69
3665 65
3666 65
3667 69
3668 69
3669 73
3670 73
3671 85
3672 85
3673 81
3674 81
3675 85
3676 85
3677 41
3678 41
3679 37
3680 37
3681 33
3682 33
3683 37
3684 37
3685 41
3686 41
3687 21
3688 21
3689 17
3690 17
3691 21
3692 21
3693 9
3694 9
3695 5
3696 5
3697 1
3698 1
3699 5
3700 5
3701 9
3702 9
3703 21
3704 21
3705 17
3706 17
3707 21
3708 21
3709 41
3710 41
3711 37
3712 37
3713 33
3714 33
3715 37
3716 37
3717 41
3718 41
3719 85
3720 85
3721 81
3722 81
3723 85
3724 85
3725 73
3726 73
3727 69
3728 69
3729 65
3730 65
3731 69
3732 69
3733 73
3734 73
3735 85
3736 85
3737 81
3738 81
3739 85
3740 85
3741 86
3742 84
3743 86
3744 80
3745 86
3746 84
3747 86
3748 72
3749 70
3750 68
3751 70
3752 64
3753 70
3754 68
3755 70
3756 72
3757 86
3758 84
3759 86
3760 80
3761 86
3762 84
3763 86
3764 40
3765 38
3766 36
3767 38
3768 32
3769 38
3770 36
3771 38
3772 40
3773 22
3774 20
3775 22
3776 16
3777 22
3778 20
3779 22
3780 8
3781 6
3782 4
3783 6
3784 0
3785 6
3786 4
3787 6
3788 8
3789 22
3790 20
3791 22
3792 16
3793 22
3794 20
3795 22
3796 40
3797 38
3798 36
3799 38
3800 32
3801 38
3802 36
3803 38
3804 40
3805 86
3806 84
3807 86
3808 80
3809 86
3810 84
3811 86
3812 72
3813 70
3814 68
3815 70
3816 64
3817 70
3818 68
3819 70
3820 72
3821 86
3822 84
3823 86
3824 80
3825 86
3826 84
3827 86
3828 87
3829 87
3830 87
3831 87
3832 87
3833 87
3834 87
3835 87
3836 71
3837 71
3838 71
3839 71
3840 71
3841 71
3842 71
3843 71
3844 87
3845 87
3846 87
3847 87
3848 87
3849 87
3850 87
3851 87
3852 39
3853 39
3854 39
3855 39
3856 39
3857 39
3858 39
3859 39
3860 23
3861 23
3862 23
3863 23
3864 23
3865 23
3866 23
3867 23
3868 7
3869 7
3870 7
3871 7
3872 7
3873 7
3874 7
3875 7
3876 23
3877 23
3878 23
3879 23
3880 23
3881 23
3882 23
3883 23
3884 39
3885 39
3886 39
3887 39
3888 39
3889 39
3890 39
3891 39
3892 87
3893 87
3894 87
3895 87
3896 87
3897 87
3898 87
3899 87
3900 71
3901 71
3902 71
3903 71
3904 71
3905 71
3906 71
3907 71
3908 87
3909 87
3910 87
3911 87
3912 87
3913 87
3914 87
3915 87
3916 88
3917 86
3918 84
3919 86
3920 80
3921 86
3922 84
3923 86
3924 88
3925 70
3926 68
3927 70
3928 64
3929 70
3930 68
3931 70
3932 88
3933 86
3934 84
3935 86
3936 80
3937 86
3938 84
3939 86
3940 88
3941 38
3942 36
3943 38
3944 32
3945 38
3946 36
3947 38
3948 24
3949 22
3950 20
3951 22
3952 16
3953 22
3954 20
3955 22
3956 24
3957 6
3958 4
3959 6
3960 0
3961 6
3962 4
3963 6
3964 24
3965 22
3966 20
3967 22
3968 16
3969 22
3970 20
3971 22
3972 24
3973 38
3974 36
3975 38
3976 32
3977 38
3978 36
3979 38
3980 88
3981 86
3982 84
3983 86
3984 80
3985 86
3986 84
3987 86
3988 88
3989 70
3990 68
3991 70
3992 64
3993 70
3994 68
3995 70
3996 88
3997 86
3998 84
3999 86
4000 80
4001 86
4002 84
4003 86
4004 88
4005 89
4006 89
4007 85
4008 85
4009 81
4010 81
4011 85
4012 85
4013 89
4014 89
4015 69
4016 69
4017 65
4018 65
4019 69
4020 69
4021 89
4022 89
4023 85
4024 85
4025 81
4026 81
4027 85
4028 85
4029 89
4030 89
4031 37
4032 37
4033 33
4034 33
4035 37
4036 37
4037 25
4038 25
4039 21
4040 21
4041 17
4042 17
4043 21
4044 21
4045 25
4046 25
4047 5
4048 5
4049 1
4050 1
4051 5
4052 5
4053 25
4054 25
4055 21
4056 21
4057 17
4058 17
4059 21
4060 21
4061 25
4062 25
4063 37
4064 37
4065 33
4066 33
4067 37
4068 37
4069 89
4070 89
4071 85
4072 85
4073 81
4074 81
4075 85
4076 85
4077 89
4078 89
4079 69
4080 69
4081 65
4082 65
4083 69
4084 69
4085 89
4086 89
4087 85
4088 85
4089 81
4090 81
4091 85
4092 85
4093 89
4094 89
4095 90
4096 88
4097 90
4098 84
4099 82
4100 80
4101 82
4102 84
4103 90
4104 88
4105 90
4106 68
4107 66
4108 64
4109 66
4110 68
4111 90
4112 88
4113 90
4114 84
4115 82
4116 80
4117 82
4118 84
4119 90
4120 88
4121 90
4122 36
4123 34
4124 32
4125 34
4126 36
4127 26
4128 24
4129 26
4130 20
4131 18
4132 16
4133 18
4134 20
4135 26
4136 24
4137 26
4138 4
4139 2
4140 0
4141 2
4142 4
4143 26
4144 24
4145 26
4146 20
4147 18
4148 16
4149 18
4150 20
4151 26
4152 24
4153 26
4154 36
4155 34
4156 32
4157 34
4158 36
4159 90
4160 88
4161 90
4162 84
4163 82
4164 80
4165 82
4166 84
4167 90
4168 88
4169 90
4170 68
4171 66
4172 64
4173 66
4174 68
4175 90
4176 88
4177 90
4178 84
4179 82
4180 80
4181 82
4182 84
4183 90
4184 88
4185 90
4186 91
4187 91
4188 91
4189 91
4190 83
4191 83
4192 83
4193 83
4194 91
4195 91
4196 91
4197 91
4198 67
4199 67
4200 67
4201 67
4202 91
4203 91
4204 91
4205 91
4206 83
4207 83
4208 83
4209 83
4210 91
4211 91
4212 91
4213 91
4214 35
4215 35
4216 35
4217 35
4218 27
4219 27
4220 27
4221 27
4222 19
4223 19
4224 19
4225 19
4226 27
4227 27
4228 27
4229 27
4230 3
4231 3
4232 3
4233 3
4234 27
4235 27
4236 27
4237 27
4238 19
4239 19
4240 19
4241 19
4242 27
4243 27
4244 27
4245 27
4246 35
4247 35
4248 35
4249 35
4250 91
4251 91
4252 91
4253 91
4254 83
4255 83
4256 83
4257 83
4258 91
4259 91
4260 91
4261 91
4262 67
4263 67
4264 67
4265 67
4266 91
4267 91
4268 91
4269 91
4270 83
4271 83
4272 83
4273 83
4274 91
4275 91
4276 91
4277 91
4278 92
4279 90
4280 88
4281 90
4282 92
4283 82
4284 80
4285 82
4286 92
4287 90
4288 88
4289 90
4290 92
4291 66
4292 64
4293 66
4294 92
4295 90
4296 88
4297 90
4298 92
4299 82
4300 80
4301 82
4302 92
4303 90
4304 88
4305 90
4306 92
4307 34
4308 32
4309 34
4310 28
4311 26
4312 24
4313 26
4314 28
4315 18
4316 16
4317 18
4318 28
4319 26
4320 24
4321 26
4322 28
4323 2
4324 0
4325 2
4326 28
4327 26
4328 24
4329 26
4330 28
4331 18
4332 16
4333 18
4334 28
4335 26
4336 24
4337 26
4338 28
4339 34
4340 32
4341 34
4342 92
4343 90
4344 88
4345 90
4346 92
4347 82
4348 80
4349 82
4350 92
4351 90
4352 88
4353 90
4354 92
4355 66
4356 64
4357 66
4358 92
4359 90
4360 88
4361 90
4362 92
4363 82
4364 80
4365 82
4366 92
4367 90
4368 88
4369 90
4370 92
4371 93
4372 93
4373 89
4374 89
4375 93
4376 93
4377 81
4378 81
4379 93
4380 93
4381 89
4382 89
4383 93
4384 93
4385 65
4386 65
4387 93
4388 93
4389 89
4390 89
4391 93
4392 93
4393 81
4394 81
4395 93
4396 93
4397 89
4398 89
4399 93
4400 93
4401 33
4402 33
4403 29
4404 29
4405 25
4406 25
4407 29
4408 29
4409 17
4410 17
4411 29
4412 29
4413 25
4414 25
4415 29
4416 29
4417 1
4418 1
4419 29
4420 29
4421 25
4422 25
4423 29
4424 29
4425 17
4426 17
4427 29
4428 29
4429 25
4430 25
4431 29
4432 29
4433 33
4434 33
4435 93
4436 93
4437 89
4438 89
4439 93
4440 93
4441 81
4442 81
4443 93
4444 93
4445 89
4446 89
4447 93
4448 93
4449 65
4450 65
4451 93
4452 93
4453 89
4454 89
4455 93
4456 93
4457 81
4458 81
4459 93
4460 93
4461 89
4462 89
4463 93
4464 93
4465 94
4466 92
4467 94
4468 88
4469 94
4470 92
4471 94
4472 80
4473 94
4474 92
4475 94
4476 88
4477 94
4478 92
4479 94
4480 64
4481 94
4482 92
4483 94
4484 88
4485 94
4486 92
4487 94
4488 80
4489 94
4490 92
4491 94
4492 88
4493 94
4494 92
4495 94
4496 32
4497 30
4498 28
4499 30
4500 24
4501 30
4502 28
4503 30
4504 16
4505 30
4506 28
4507 30
4508 24
4509 30
4510 28
4511 30
4512 0
4513 30
4514 28
4515 30
4516 24
4517 30
4518 28
4519 30
4520 16
4521 30
4522 28
4523 30
4524 24
4525 30
4526 28
4527 30
4528 32
4529 94
4530 92
4531 94
4532 88
4533 94
4534 92
4535 94
4536 80
4537 94
4538 92
4539 94
4540 88
4541 94
4542 92
4543 94
4544 64
4545 94
4546 92
4547 94
4548 88
4549 94
4550 92
4551 94
4552 80
4553 94
4554 92
4555 94
4556 88
4557 94
4558 92
4559 94
4560 95
4561 95
4562 95
4563 95
4564 95
4565 95
4566 95
4567 95
4568 95
4569 95
4570 95
4571 95
4572 95
4573 95
4574 95
4575 95
4576 95
4577 95
4578 95
4579 95
4580 95
4581 95
4582 95
4583 95
4584 95
4585 95
4586 95
4587 95
4588 95
4589 95
4590 95
4591 95
4592 31
4593 31
4594 31
4595 31
4596 31
4597 31
4598 31
4599 31
4600 31
4601 31
4602 31
4603 31
4604 31
4605 31
4606 31
4607 31
4608 31
4609 31
4610 31
4611 31
4612 31
4613 31
4614 31
4615 31
4616 31
4617 31
4618 31
4619 31
4620 31
4621 31
4622 31
4623 31
4624 95
4625 95
4626 95
4627 95
4628 95
4629 95
4630 95
4631 95
4632 95
4633 95
4634 95
4635 95
4636 95
4637 95
4638 95
4639 95
4640 95
4641 95
4642 95
4643 95
4644 95
4645 95
4646 95
4647 95
4648 95
4649 95
4650 95
4651 95
4652 95
4653 95
4654 95
4655 95
4656 96
4657 94
4658 92
4659 94
4660 88
4661 94
4662 92
4663 94
4664 80
4665 94
4666 92
4667 94
4668 88
4669 94
4670 92
4671 94
4672 64
4673 94
4674 92
4675 94
4676 88
4677 94
4678 92
4679 94
4680 80
4681 94
4682 92
4683 94
4684 88
4685 94
4686 92
4687 94
4688 96
4689 30
4690 28
4691 30
4692 24
4693 30
4694 28
4695 30
4696 16
4697 30
4698 28
4699 30
4700 24
4701 30
4702 28
4703 30
4704 0
4705 30
4706 28
4707 30
4708 24
4709 30
4710 28
4711 30
4712 16
4713 30
4714 28
4715 30
4716 24
4717 30
4718 28
4719 30
4720 96
4721 94
4722 92
4723 94
4724 88
4725 94
4726 92
4727 94
4728 80
4729 94
4730 92
4731 94
4732 88
4733 94
4734 92
4735 94
4736 64
4737 94
4738 92
4739 94
4740 88
4741 94
4742 92
4743 94
4744 80
4745 94
4746 92
4747 94
4748 88
4749 94
4750 92
4751 94
4752 96
4753 97
4754 97
4755 93
4756 93
4757 89
4758 89
4759 93
4760 93
4761 81
4762 81
4763 93
4764 93
4765 89
4766 89
4767 93
4768 93
4769 65
4770 65
4771 93
4772 93
4773 89
4774 89
4775 93
4776 93
4777 81
4778 81
4779 93
4780 93
4781 89
4782 89
4783 93
4784 93
4785 97
4786 97
4787 29
4788 29
4789 25
4790 25
4791 29
4792 29
4793 17
4794 17
4795 29
4796 29
4797 25
4798 25
4799 29
4800 29
4801 1
4802 1
4803 29
4804 29
4805 25
4806 25
4807 29
4808 29
4809 17
4810 17
4811 29
4812 29
4813 25
4814 25
4815 29
4816 29
4817 97
4818 97
4819 93
4820 93
4821 89
4822 89
4823 93
4824 93
4825 81
4826 81
4827 93
4828 93
4829 89
4830 89
4831 93
4832 93
4833 65
4834 65
4835 93
4836 93
4837 89
4838 89
4839 93
4840 93
4841 81
4842 81
4843 93
4844 93
4845 89
4846 89
4847 93
4848 93
4849 97
4850 97
4851 98
4852 96
4853 98
4854 92
4855 90
4856 88
4857 90
4858 92
4859 82
4860 80
4861 82
4862 92
4863 90
4864 88
4865 90
4866 92
4867 66
4868 64
4869 66
4870 92
4871 90
4872 88
4873 90
4874 92
4875 82
4876 80
4877 82
4878 92
4879 90
4880 88
4881 90
4882 92
4883 98
4884 96
4885 98
4886 28
4887 26
4888 24
4889 26
4890 28
4891 18
4892 16
4893 18
4894 28
4895 26
4896 24
4897 26
4898 28
4899 2
4900 0
4901 2
4902 28
4903 26
4904 24
4905 26
4906 28
4907 18
4908 16
4909 18
4910 28
4911 26
4912 24
4913 26
4914 28
4915 98
4916 96
4917 98
4918 92
4919 90
4920 88
4921 90
4922 92
4923 82
4924 80
4925 82
4926 92
4927 90
4928 88
4929 90
4930 92
4931 66
4932 64
4933 66
4934 92
4935 90
4936 88
4937 90
4938 92
4939 82
4940 80
4941 82
4942 92
4943 90
4944 88
4945 90
4946 92
4947 98
4948 96
4949 98
4950 99
4951 99
4952 99
4953 99
4954 91
4955 91
4956 91
4957 91
4958 83
4959 83
4960 83
4961 83
4962 91
4963 91
4964 91
4965 91
4966 67
4967 67
4968 67
4969 67
4970 91
4971 91
4972 91
4973 91
4974 83
4975 83
4976 83
4977 83
4978 91
4979 91
4980 91
4981 91
4982 99
4983 99
4984 99
4985 99
4986 27
4987 27
4988 27
4989 27
4990 19
4991 19
4992 19
4993 19
4994 27
4995 27
4996 27
4997 27
4998 3
4999 3
5000 3
5001 3
5002 27
5003 27
5004 27
5005 27
5006 19
5007 19
5008 19
5009 19
5010 27
5011 27
5012 27
5013 27
5014 99
5015 99
5016 99
5017 99
5018 91
5019 91
5020 91
5021 91
5022 83
5023 83
5024 83
5025 83
5026 91
5027 91
5028 91
5029 91
5030 67
5031 67
5032 67
5033 67
5034 91
5035 91
5036 91
5037 91
5038 83
5039 83
5040 83
5041 83
5042 91
5043 91
5044 91
5045 91
5046 99
5047 99
5048 99
5049 99
5050 100
5051 98
5052 96
5053 98
5054 100
5055 90
5056 88
5057 90
5058 84
5059 82
5060 80
5061 82
5062 84
5063 90
5064 88
5065 90
5066 68
5067 66
5068 64
5069 66
5070 68
5071 90
5072 88
5073 90
5074 84
5075 82
5076 80
5077 82
5078 84
5079 90
5080 88
5081 90
5082 100
5083 98
5084 96
5085 98
5086 100
5087 26
5088 24
5089 26
5090 20
5091 18
5092 16
5093 18
5094 20
5095 26
5096 24
5097 26
5098 4
5099 2
5100 0
5101 2
5102 4
5103 26
5104 24
5105 26
5106 20
5107 18
5108 16
5109 18
5110 20
5111 26
5112 24
5113 26
5114 100
5115 98
5116 96
5117 98
5118 100
5119 90
5120 88
5121 90
5122 84
5123 82
5124 80
5125 82
5126 84
5127 90
5128 88
5129 90
5130 68
5131 66
5132 64
5133 66
5134 68
5135 90
5136 88
5137 90
5138 84
5139 82
5140 80
5141 82
5142 84
5143 90
5144 88
5145 90
5146 100
5147 98
5148 96
5149 98
5150 100







