0 0
1 1
2 2
3 4
4 5
5 8
6 9
7 10
8 16
9 17
10 18
11 20
12 21
13 32
14 33
15 34
16 36
17 37
18 40
19 41
20 42
21 64
22 65
23 66
24 68
25 69
26 72
27 73
28 74
29 80
30 81
31 82
32 84
33 85
34 128
35 129
36 130
37 132
38 133
39 136
40 137
41 138
42 144
43 145
44 146
45 148
46 149
47 160
48 161
49 162
50 164
51 165
52 168
53 169
54 170
55 256
56 257
57 258
58 260
59 261
60 264
61 265
62 266
63 272
64 273
65 274
66 276
67 277
68 288
69 289
70 290
71 292
72 293
73 296
74 297
75 298
76 320
77 321
78 322
79 324
80 325
81 328
82 329
83 330
84 336
85 337
86 338
87 340
88 341
89 512
90 513
91 514
92 516
93 517
94 520
95 521
96 522
97 528
98 529
99 530
100 532
101 533
102 544
103 545
104 546
105 548
106 549
107 552
108 553
109 554
110 576
111 577
112 578
113 580
114 581
115 584
116 585
117 586
118 592
119 593
120 594
121 596
122 597
123 640
124 641
125 642
126 644
127 645
128 648
129 649
130 650
131 656
132 657
133 658
134 660
135 661
136 672
137 673
138 674
139 676
140 677
141 680
142 681
143 682
144 1024
145 1025
146 1026
147 1028
148 1029
149 1032
150 1033
151 1034
152 1040
153 1041
154 1042
155 1044
156 1045
157 1056
158 1057
159 1058
160 1060
161 1061
162 1064
163 1065
164 1066
165 1088
166 1089
167 1090
168 1092
169 1093
170 1096
171 1097
172 1098
173 1104
174 1105
175 1106
176 1108
177 1109
178 1152
179 1153
180 1154
181 1156
182 1157
183 1160
184 1161
185 1162
186 1168
187 1169
188 1170
189 1172
190 1173
191 1184
192 1185
193 1186
194 1188
195 1189
196 1192
197 1193
198 1194
199 1280
200 1281
201 1282
202 1284
203 1285
204 1288
205 1289
206 1290
207 1296
208 1297
209 1298
210 1300
211 1301
212 1312
213 1313
214 1314
215 1316
216 1317
217 1320
218 1321
219 1322
220 1344
221 1345
222 1346
223 1348
224 1349
225 1352
226 1353
227 1354
228 1360
229 1361
230 1362
231 1364
232 1365
233 2048
234 2049
235 2050
236 2052
237 2053
238 2056
239 2057
240 2058
241 2064
242 2065
243 2066
244 2068
245 2069
246 2080
247 2081
248 2082
249 2084
250 2085
251 2088
252 2089
253 2090
254 2112
255 2113
256 2114
257 2116
258 2117
259 2120
260 2121
261 2122
262 2128
263 2129
264 2130
265 2132
266 2133
267 2176
268 2177
269 2178
270 2180
271 2181
272 2184
273 2185
274 2186
275 2192
276 2193
277 2194
278 2196
279 2197
280 2208
281 2209
282 2210
283 2212
284 2213
285 2216
286 2217
287 2218
288 2304
289 2305
290 2306
291 2308
292 2309
293 2312
294 2313
295 2314
296 2320
297 2321
298 2322
299 2324
300 2325
301 2336
302 2337
303 2338
304 2340
305 2341
306 2344
307 2345
308 2346
309 2368
310 2369
311 2370
312 2372
313 2373
314 2376
315 2377
316 2378
317 2384
318 2385
319 2386
320 2388
321 2389
322 2560
323 2561
324 2562
325 2564
326 2565
327 2568
328 2569
329 2570
330 2576
331 2577
332 2578
333 2580
334 2581
335 2592
336 2593
337 2594
338 2596
339 2597
340 2600
341 2601
342 2602
343 2624
344 2625
345 2626
346 2628
347 2629
348 2632
349 2633
350 2634
351 2640
352 2641
353 2642
354 2644
355 2645
356 2688
357 2689
358 2690
359 2692
360 2693
361 2696
362 2697
363 2698
364 2704
365 2705
366 2706
367 2708
368 2709
369 2720
370 2721
371 2722
372 2724
373 2725
374 2728
375 2729
376 2730
377 4096
378 4097
379 4098
380 4100
381 4101
382 4104
383 4105
384 4106
385 4112
386 4113
387 4114
388 4116
389 4117
390 4128
391 4129
392 4130
393 4132
394 4133
395 4136
396 4137
397 4138
398 4160
399 4161
400 4162
401 4164
402 4165
403 4168
404 4169
405 4170
406 4176
407 4177
408 4178
409 4180
410 4181
411 4224
412 4225
413 4226
414 4228
415 4229
416 4232
417 4233
418 4234
419 4240
420 4241
421 4242
422 4244
423 4245
424 4256
425 4257
426 4258
427 4260
428 4261
429 4264
430 4265
431 4266
432 4352
433 4353
434 4354
435 4356
436 4357
437 4360
438 4361
439 4362
440 4368
441 4369
442 4370
443 4372
444 4373
445 4384
446 4385
447 4386
448 4388
449 4389
450 4392
451 4393
452 4394
453 4416
454 4417
455 4418
456 4420
457 4421
458 4424
459 4425
460 4426
461 4432
462 4433
463 4434
464 4436
465 4437
466 4608
467 4609
468 4610
469 4612
470 4613
471 4616
472 4617
473 4618
474 4624
475 4625
476 4626
477 4628
478 4629
479 4640
480 4641
481 4642
482 4644
483 4645
484 4648
485 4649
486 4650
487 4672
488 4673
489 4674
490 4676
491 4677
492 4680
493 4681
494 4682
495 4688
496 4689
497 4690
498 4692
499 4693
500 4736
501 4737
502 4738
503 4740
504 4741
505 4744
506 4745
507 4746
508 4752
509 4753
510 4754
511 4756
512 4757
513 4768
514 4769
515 4770
516 4772
517 4773
518 4776
519 4777
520 4778
521 5120
522 5121
523 5122
524 5124
525 5125
526 5128
527 5129
528 5130
529 5136
530 5137
531 5138
532 5140
533 5141
534 5152
535 5153
536 5154
537 5156
538 5157
539 5160
540 5161
541 5162
542 5184
543 5185
544 5186
545 5188
546 5189
547 5192
548 5193
549 5194
550 5200
551 5201
552 5202
553 5204
554 5205
555 5248
556 5249
557 5250
558 5252
559 5253
560 5256
561 5257
562 5258
563 5264
564 5265
565 5266
566 5268
567 5269
568 5280
569 5281
570 5282
571 5284
572 5285
573 5288
574 5289
575 5290
576 5376
577 5377
578 5378
579 5380
580 5381
581 5384
582 5385
583 5386
584 5392
585 5393
586 5394
587 5396
588 5397
589 5408
590 5409
591 5410
592 5412
593 5413
594 5416
595 5417
596 5418
597 5440
598 5441
599 5442
600 5444
601 5445
602 5448
603 5449
604 5450
605 5456
606 5457
607 5458
608 5460
609 5461
610 8192
611 8193
612 8194
613 8196
614 8197
615 8200
616 8201
617 8202
618 8208
619 8209
620 8210
621 8212
622 8213
623 8224
624 8225
625 8226
626 8228
627 8229
628 8232
629 8233
630 8234
631 8256
632 8257
633 8258
634 8260
635 8261
636 8264
637 8265
638 8266
639 8272
640 8273
641 8274
642 8276
643 8277
644 8320
645 8321
646 8322
647 8324
648 8325
649 8328
650 8329
651 8330
652 8336
653 8337
654 8338
655 8340
656 8341
657 8352
658 8353
659 8354
660 8356
661 8357
662 8360
663 8361
664 8362
665 8448
666 8449
667 8450
668 8452
669 8453
670 8456
671 8457
672 8458
673 8464
674 8465
675 8466
676 8468
677 8469
678 8480
679 8481
680 8482
681 8484
682 8485
683 8488
684 8489
685 8490
686 8512
687 8513
688 8514
689 8516
690 8517
691 8520
692 8521
693 8522
694 8528
695 8529
696 8530
697 8532
698 8533
699 8704
700 8705
701 8706
702 8708
703 8709
704 8712
705 8713
706 8714
707 8720
708 8721
709 8722
710 8724
711 8725
712 8736
713 8737
714 8738
715 8740
716 8741
717 8744
718 8745
719 8746
720 8768
721 8769
722 8770
723 8772
724 8773
725 8776
726 8777
727 8778
728 8784
729 8785
730 8786
731 8788
732 8789
733 8832
734 8833
735 8834
736 8836
737 8837
738 8840
739 8841
740 8842
741 8848
742 8849
743 8850
744 8852
745 8853
746 8864
747 8865
748 8866
749 8868
750 8869
751 8872
752 8873
753 8874
754 9216
755 9217
756 9218
757 9220
758 9221
759 9224
760 9225
761 9226
762 9232
763 9233
764 9234
765 9236
766 9237
767 9248
768 9249
769 9250
770 9252
771 9253
772 9256
773 9257
774 9258
775 9280
776 9281
777 9282
778 9284
779 9285
780 9288
781 9289
782 9290
783 9296
784 9297
785 9298
786 9300
787 9301
788 9344
789 9345
790 9346
791 9348
792 9349
793 9352
794 9353
795 9354
796 9360
797 9361
798 9362
799 9364
800 9365
801 9376
802 9377
803 9378
804 9380
805 9381
806 9384
807 9385
808 9386
809 9472
810 9473
811 9474
812 9476
813 9477
814 9480
815 9481
816 9482
817 9488
818 9489
819 9490
820 9492
821 9493
822 9504
823 9505
824 9506
825 9508
826 9509
827 9512
828 9513
829 9514
830 9536
831 9537
832 9538
833 9540
834 9541
835 9544
836 9545
837 9546
838 9552
839 9553
840 9554
841 9556
842 9557
843 10240
844 10241
845 10242
846 10244
847 10245
848 10248
849 10249
850 10250
851 10256
852 10257
853 10258
854 10260
855 10261
856 10272
857 10273
858 10274
859 10276
860 10277
861 10280
862 10281
863 10282
864 10304
865 10305
866 10306
867 10308
868 10309
869 10312
870 10313
871 10314
872 10320
873 10321
874 10322
875 10324
876 10325
877 10368
878 10369
879 10370
880 10372
881 10373
882 10376
883 10377
884 10378
885 10384
886 10385
887 10386
888 10388
889 10389
890 10400
891 10401
892 10402
893 10404
894 10405
895 10408
896 10409
897 10410
898 10496
899 10497
900 10498
901 10500
902 10501
903 10504
904 10505
905 10506
906 10512
907 10513
908 10514
909 10516
910 10517
911 10528
912 10529
913 10530
914 10532
915 10533
916 10536
917 10537
918 10538
919 10560
920 10561
921 10562
922 10564
923 10565
924 10568
925 10569
926 10570
927 10576
928 10577
929 10578
930 10580
931 10581
932 10752
933 10753
934 10754
935 10756
936 10757
937 10760
938 10761
939 10762
940 10768
941 10769
942 10770
943 10772
944 10773
945 10784
946 10785
947 10786
948 10788
949 10789
950 10792
951 10793
952 10794
953 10816
954 10817
955 10818
956 10820
957 10821
958 10824
959 10825
960 10826
961 10832
962 10833
963 10834
964 10836
965 10837
966 10880
967 10881
968 10882
969 10884
970 10885
971 10888
972 10889
973 10890
974 10896
975 10897
976 10898
977 10900
978 10901
979 10912
980 10913
981 10914
982 10916
983 10917
984 10920
985 10921
986 10922
987 16384
988 16385
989 16386
990 16388
991 16389
992 16392
993 16393
994 16394
995 16400
996 16401
997 16402
998 16404
999 16405
1000 16416
1001 16417
1002 16418
1003 16420
1004 16421
1005 16424
1006 16425
1007 16426
1008 16448
1009 16449
1010 16450
1011 16452
1012 16453
1013 16456
1014 16457
1015 16458
1016 16464
1017 16465
1018 16466
1019 16468
1020 16469
1021 16512
1022 16513
1023 16514
1024 16516
1025 16517
1026 16520
1027 16521
1028 16522
1029 16528
1030 16529
1031 16530
1032 16532
1033 16533
1034 16544
1035 16545
1036 16546
1037 16548
1038 16549
1039 16552
1040 16553
1041 16554
1042 16640
1043 16641
1044 16642
1045 16644
1046 16645
1047 16648
1048 16649
1049 16650
1050 16656
1051 16657
1052 16658
1053 16660
1054 16661
1055 16672
1056 16673
1057 16674
1058 16676
1059 16677
1060 16680
1061 16681
1062 16682
1063 16704
1064 16705
1065 16706
1066 16708
1067 16709
1068 16712
1069 16713
1070 16714
1071 16720
1072 16721
1073 16722
1074 16724
1075 16725
1076 16896
1077 16897
1078 16898
1079 16900
1080 16901
1081 16904
1082 16905
1083 16906
1084 16912
1085 16913
1086 16914
1087 16916
1088 16917
1089 16928
1090 16929
1091 16930
1092 16932
1093 16933
1094 16936
1095 16937
1096 16938
1097 16960
1098 16961
1099 16962
1100 16964
1101 16965
1102 16968
1103 16969
1104 16970
1105 16976
1106 16977
1107 16978
1108 16980
1109 16981
1110 17024
1111 17025
1112 17026
1113 17028
1114 17029
1115 17032
1116 17033
1117 17034
1118 17040
1119 17041
1120 17042
1121 17044
1122 17045
1123 17056
1124 17057
1125 17058
1126 17060
1127 17061
1128 17064
1129 17065
1130 17066
1131 17408
1132 17409
1133 17410
1134 17412
1135 17413
1136 17416
1137 17417
1138 17418
1139 17424
1140 17425
1141 17426
1142 17428
1143 17429
1144 17440
1145 17441
1146 17442
1147 17444
1148 17445
1149 17448
1150 17449
1151 17450
1152 17472
1153 17473
1154 17474
1155 17476
1156 17477
1157 17480
1158 17481
1159 17482
1160 17488
1161 17489
1162 17490
1163 17492
1164 17493
1165 17536
1166 17537
1167 17538
1168 17540
1169 17541
1170 17544
1171 17545
1172 17546
1173 17552
1174 17553
1175 17554
1176 17556
1177 17557
1178 17568
1179 17569
1180 17570
1181 17572
1182 17573
1183 17576
1184 17577
1185 17578
1186 17664
1187 17665
1188 17666
1189 17668
1190 17669
1191 17672
1192 17673
1193 17674
1194 17680
1195 17681
1196 17682
1197 17684
1198 17685
1199 17696
1200 17697
1201 17698
1202 17700
1203 17701
1204 17704
1205 17705
1206 17706
1207 17728
1208 17729
1209 17730
1210 17732
1211 17733
1212 17736
1213 17737
1214 17738
1215 17744
1216 17745
1217 17746
1218 17748
1219 17749
1220 18432
1221 18433
1222 18434
1223 18436
1224 18437
1225 18440
1226 18441
1227 18442
1228 18448
1229 18449
1230 18450
1231 18452
1232 18453
1233 18464
1234 18465
1235 18466
1236 18468
1237 18469
1238 18472
1239 18473
1240 18474
1241 18496
1242 18497
1243 18498
1244 18500
1245 18501
1246 18504
1247 18505
1248 18506
1249 18512
1250 18513
1251 18514
1252 18516
1253 18517
1254 18560
1255 18561
1256 18562
1257 18564
1258 18565
1259 18568
1260 18569
1261 18570
1262 18576
1263 18577
1264 18578
1265 18580
1266 18581
1267 18592
1268 18593
1269 18594
1270 18596
1271 18597
1272 18600
1273 18601
1274 18602
1275 18688
1276 18689
1277 18690
1278 18692
1279 18693
1280 18696
1281 18697
1282 18698
1283 18704
1284 18705
1285 18706
1286 18708
1287 18709
1288 18720
1289 18721
1290 18722
1291 18724
1292 18725
1293 18728
1294 18729
1295 18730
1296 18752
1297 18753
1298 18754
1299 18756
1300 18757
1301 18760
1302 18761
1303 18762
1304 18768
1305 18769
1306 18770
1307 18772
1308 18773
1309 18944
1310 18945
1311 18946
1312 18948
1313 18949
1314 18952
1315 18953
1316 18954
1317 18960
1318 18961
1319 18962
1320 18964
1321 18965
1322 18976
1323 18977
1324 18978
1325 18980
1326 18981
1327 18984
1328 18985
1329 18986
1330 19008
1331 19009
1332 19010
1333 19012
1334 19013
1335 19016
1336 19017
1337 19018
1338 19024
1339 19025
1340 19026
1341 19028
1342 19029
1343 19072
1344 19073
1345 19074
1346 19076
1347 19077
1348 19080
1349 19081
1350 19082
1351 19088
1352 19089
1353 19090
1354 19092
1355 19093
1356 19104
1357 19105
1358 19106
1359 19108
1360 19109
1361 19112
1362 19113
1363 19114
1364 20480
1365 20481
1366 20482
1367 20484
1368 20485
1369 20488
1370 20489
1371 20490
1372 20496
1373 20497
1374 20498
1375 20500
1376 20501
1377 20512
1378 20513
1379 20514
1380 20516
1381 20517
1382 20520
1383 20521
1384 20522
1385 20544
1386 20545
1387 20546
1388 20548
1389 20549
1390 20552
1391 20553
1392 20554
1393 20560
1394 20561
1395 20562
1396 20564
1397 20565
1398 20608
1399 20609
1400 20610
1401 20612
1402 20613
1403 20616
1404 20617
1405 20618
1406 20624
1407 20625
1408 20626
1409 20628
1410 20629
1411 20640
1412 20641
1413 20642
1414 20644
1415 20645
1416 20648
1417 20649
1418 20650
1419 20736
1420 20737
1421 20738
1422 20740
1423 20741
1424 20744
1425 20745
1426 20746
1427 20752
1428 20753
1429 20754
1430 20756
1431 20757
1432 20768
1433 20769
1434 20770
1435 20772
1436 20773
1437 20776
1438 20777
1439 20778
1440 20800
1441 20801
1442 20802
1443 20804
1444 20805
1445 20808
1446 20809
1447 20810
1448 20816
1449 20817
1450 20818
1451 20820
1452 20821
1453 20992
1454 20993
1455 20994
1456 20996
1457 20997
1458 21000
1459 21001
1460 21002
1461 21008
1462 21009
1463 21010
1464 21012
1465 21013
1466 21024
1467 21025
1468 21026
1469 21028
1470 21029
1471 21032
1472 21033
1473 21034
1474 21056
1475 21057
1476 21058
1477 21060
1478 21061
1479 21064
1480 21065
1481 21066
1482 21072
1483 21073
1484 21074
1485 21076
1486 21077
1487 21120
1488 21121
1489 21122
1490 21124
1491 21125
1492 21128
1493 21129
1494 21130
1495 21136
1496 21137
1497 21138
1498 21140
1499 21141
1500 21152
1501 21153
1502 21154
1503 21156
1504 21157
1505 21160
1506 21161
1507 21162
1508 21504
1509 21505
1510 21506
1511 21508
1512 21509
1513 21512
1514 21513
1515 21514
1516 21520
1517 21521
1518 21522
1519 21524
1520 21525
1521 21536
1522 21537
1523 21538
1524 21540
1525 21541
1526 21544
1527 21545
1528 21546
1529 21568
1530 21569
1531 21570
1532 21572
1533 21573
1534 21576
1535 21577
1536 21578
1537 21584
1538 21585
1539 21586
1540 21588
1541 21589
1542 21632
1543 21633
1544 21634
1545 21636
1546 21637
1547 21640
1548 21641
1549 21642
1550 21648
1551 21649
1552 21650
1553 21652
1554 21653
1555 21664
1556 21665
1557 21666
1558 21668
1559 21669
1560 21672
1561 21673
1562 21674
1563 21760
1564 21761
1565 21762
1566 21764
1567 21765
1568 21768
1569 21769
1570 21770
1571 21776
1572 21777
1573 21778
1574 21780
1575 21781
1576 21792
1577 21793
1578 21794
1579 21796
1580 21797
1581 21800
1582 21801
1583 21802
1584 21824
1585 21825
1586 21826
1587 21828
1588 21829
1589 21832
1590 21833
1591 21834
1592 21840
1593 21841
1594 21842
1595 21844
1596 21845
1597 32768
1598 32769
1599 32770
1600 32772
1601 32773
1602 32776
1603 32777
1604 32778
1605 32784
1606 32785
1607 32786
1608 32788
1609 32789
1610 32800
1611 32801
1612 32802
1613 32804
1614 32805
1615 32808
1616 32809
1617 32810
1618 32832
1619 32833
1620 32834
1621 32836
1622 32837
1623 32840
1624 32841
1625 32842
1626 32848
1627 32849
1628 32850
1629 32852
1630 32853
1631 32896
1632 32897
1633 32898
1634 32900
1635 32901
1636 32904
1637 32905
1638 32906
1639 32912
1640 32913
1641 32914
1642 32916
1643 32917
1644 32928
1645 32929
1646 32930
1647 32932
1648 32933
1649 32936
1650 32937
1651 32938
1652 33024
1653 33025
1654 33026
1655 33028
1656 33029
1657 33032
1658 33033
1659 33034
1660 33040
1661 33041
1662 33042
1663 33044
1664 33045
1665 33056
1666 33057
1667 33058
1668 33060
1669 33061
1670 33064
1671 33065
1672 33066
1673 33088
1674 33089
1675 33090
1676 33092
1677 33093
1678 33096
1679 33097
1680 33098
1681 33104
1682 33105
1683 33106
1684 33108
1685 33109
1686 33280
1687 33281
1688 33282
1689 33284
1690 33285
1691 33288
1692 33289
1693 33290
1694 33296
1695 33297
1696 33298
1697 33300
1698 33301
1699 33312
1700 33313
1701 33314
1702 33316
1703 33317
1704 33320
1705 33321
1706 33322
1707 33344
1708 33345
1709 33346
1710 33348
1711 33349
1712 33352
1713 33353
1714 33354
1715 33360
1716 33361
1717 33362
1718 33364
1719 33365
1720 33408
1721 33409
1722 33410
1723 33412
1724 33413
1725 33416
1726 33417
1727 33418
1728 33424
1729 33425
1730 33426
1731 33428
1732 33429
1733 33440
1734 33441
1735 33442
1736 33444
1737 33445
1738 33448
1739 33449
1740 33450
1741 33792
1742 33793
1743 33794
1744 33796
1745 33797
1746 33800
1747 33801
1748 33802
1749 33808
1750 33809
1751 33810
1752 33812
1753 33813
1754 33824
1755 33825
1756 33826
1757 33828
1758 33829
1759 33832
1760 33833
1761 33834
1762 33856
1763 33857
1764 33858
1765 33860
1766 33861
1767 33864
1768 33865
1769 33866
1770 33872
1771 33873
1772 33874
1773 33876
1774 33877
1775 33920
1776 33921
1777 33922
1778 33924
1779 33925
1780 33928
1781 33929
1782 33930
1783 33936
1784 33937
1785 33938
1786 33940
1787 33941
1788 33952
1789 33953
1790 33954
1791 33956
1792 33957
1793 33960
1794 33961
1795 33962
1796 34048
1797 34049
1798 34050
1799 34052
1800 34053
1801 34056
1802 34057
1803 34058
1804 34064
1805 34065
1806 34066
1807 34068
1808 34069
1809 34080
1810 34081
1811 34082
1812 34084
1813 34085
1814 34088
1815 34089
1816 34090
1817 34112
1818 34113
1819 34114
1820 34116
1821 34117
1822 34120
1823 34121
1824 34122
1825 34128
1826 34129
1827 34130
1828 34132
1829 34133
1830 34816
1831 34817
1832 34818
1833 34820
1834 34821
1835 34824
1836 34825
1837 34826
1838 34832
1839 34833
1840 34834
1841 34836
1842 34837
1843 34848
1844 34849
1845 34850
1846 34852
1847 34853
1848 34856
1849 34857
1850 34858
1851 34880
1852 34881
1853 34882
1854 34884
1855 34885
1856 34888
1857 34889
1858 34890
1859 34896
1860 34897
1861 34898
1862 34900
1863 34901
1864 34944
1865 34945
1866 34946
1867 34948
1868 34949
1869 34952
1870 34953
1871 34954
1872 34960
1873 34961
1874 34962
1875 34964
1876 34965
1877 34976
1878 34977
1879 34978
1880 34980
1881 34981
1882 34984
1883 34985
1884 34986
1885 35072
1886 35073
1887 35074
1888 35076
1889 35077
1890 35080
1891 35081
1892 35082
1893 35088
1894 35089
1895 35090
1896 35092
1897 35093
1898 35104
1899 35105
1900 35106
1901 35108
1902 35109
1903 35112
1904 35113
1905 35114
1906 35136
1907 35137
1908 35138
1909 35140
1910 35141
1911 35144
1912 35145
1913 35146
1914 35152
1915 35153
1916 35154
1917 35156
1918 35157
1919 35328
1920 35329
1921 35330
1922 35332
1923 35333
1924 35336
1925 35337
1926 35338
1927 35344
1928 35345
1929 35346
1930 35348
1931 35349
1932 35360
1933 35361
1934 35362
1935 35364
1936 35365
1937 35368
1938 35369
1939 35370
1940 35392
1941 35393
1942 35394
1943 35396
1944 35397
1945 35400
1946 35401
1947 35402
1948 35408
1949 35409
1950 35410
1951 35412
1952 35413
1953 35456
1954 35457
1955 35458
1956 35460
1957 35461
1958 35464
1959 35465
1960 35466
1961 35472
1962 35473
1963 35474
1964 35476
1965 35477
1966 35488
1967 35489
1968 35490
1969 35492
1970 35493
1971 35496
1972 35497
1973 35498
1974 36864
1975 36865
1976 36866
1977 36868
1978 36869
1979 36872
1980 36873
1981 36874
1982 36880
1983 36881
1984 36882
1985 36884
1986 36885
1987 36896
1988 36897
1989 36898
1990 36900
1991 36901
1992 36904
1993 36905
1994 36906
1995 36928
1996 36929
1997 36930
1998 36932
1999 36933
2000 36936
2001 36937
2002 36938
2003 36944
2004 36945
2005 36946
2006 36948
2007 36949
2008 36992
2009 36993
2010 36994
2011 36996
2012 36997
2013 37000
2014 37001
2015 37002
2016 37008
2017 37009
2018 37010
2019 37012
2020 37013
2021 37024
2022 37025
2023 37026
2024 37028
2025 37029
2026 37032
2027 37033
2028 37034
2029 37120
2030 37121
2031 37122
2032 37124
2033 37125
2034 37128
2035 37129
2036 37130
2037 37136
2038 37137
2039 37138
2040 37140
2041 37141
2042 37152
2043 37153
2044 37154
2045 37156
2046 37157
2047 37160
2048 37161
2049 37162
2050 37184
2051 37185
2052 37186
2053 37188
2054 37189
2055 37192
2056 37193
2057 37194
2058 37200
2059 37201
2060 37202
2061 37204
2062 37205
2063 37376
2064 37377
2065 37378
2066 37380
2067 37381
2068 37384
2069 37385
2070 37386
2071 37392
2072 37393
2073 37394
2074 37396
2075 37397
2076 37408
2077 37409
2078 37410
2079 37412
2080 37413
2081 37416
2082 37417
2083 37418
2084 37440
2085 37441
2086 37442
2087 37444
2088 37445
2089 37448
2090 37449
2091 37450
2092 37456
2093 37457
2094 37458
2095 37460
2096 37461
2097 37504
2098 37505
2099 37506
2100 37508
2101 37509
2102 37512
2103 37513
2104 37514
2105 37520
2106 37521
2107 37522
2108 37524
2109 37525
2110 37536
2111 37537
2112 37538
2113 37540
2114 37541
2115 37544
2116 37545
2117 37546
2118 37888
2119 37889
2120 37890
2121 37892
2122 37893
2123 37896
2124 37897
2125 37898
2126 37904
2127 37905
2128 37906
2129 37908
2130 37909
2131 37920
2132 37921
2133 37922
2134 37924
2135 37925
2136 37928
2137 37929
2138 37930
2139 37952
2140 37953
2141 37954
2142 37956
2143 37957
2144 37960
2145 37961
2146 37962
2147 37968
2148 37969
2149 37970
2150 37972
2151 37973
2152 38016
2153 38017
2154 38018
2155 38020
2156 38021
2157 38024
2158 38025
2159 38026
2160 38032
2161 38033
2162 38034
2163 38036
2164 38037
2165 38048
2166 38049
2167 38050
2168 38052
2169 38053
2170 38056
2171 38057
2172 38058
2173 38144
2174 38145
2175 38146
2176 38148
2177 38149
2178 38152
2179 38153
2180 38154
2181 38160
2182 38161
2183 38162
2184 38164
2185 38165
2186 38176
2187 38177
2188 38178
2189 38180
2190 38181
2191 38184
2192 38185
2193 38186
2194 38208
2195 38209
2196 38210
2197 38212
2198 38213
2199 38216
2200 38217
2201 38218
2202 38224
2203 38225
2204 38226
2205 38228
2206 38229
2207 40960
2208 40961
2209 40962
2210 40964
2211 40965
2212 40968
2213 40969
2214 40970
2215 40976
2216 40977
2217 40978
2218 40980
2219 40981
2220 40992
2221 40993
2222 40994
2223 40996
2224 40997
2225 41000
2226 41001
2227 41002
2228 41024
2229 41025
2230 41026
2231 41028
2232 41029
2233 41032
2234 41033
2235 41034
2236 41040
2237 41041
2238 41042
2239 41044
2240 41045
2241 41088
2242 41089
2243 41090
2244 41092
2245 41093
2246 41096
2247 41097
2248 41098
2249 41104
2250 41105
2251 41106
2252 41108
2253 41109
2254 41120
2255 41121
2256 41122
2257 41124
2258 41125
2259 41128
2260 41129
2261 41130
2262 41216
2263 41217
2264 41218
2265 41220
2266 41221
2267 41224
2268 41225
2269 41226
2270 41232
2271 41233
2272 41234
2273 41236
2274 41237
2275 41248
2276 41249
2277 41250
2278 41252
2279 41253
2280 41256
2281 41257
2282 41258
2283 41280
2284 41281
2285 41282
2286 41284
2287 41285
2288 41288
2289 41289
2290 41290
2291 41296
2292 41297
2293 41298
2294 41300
2295 41301
2296 41472
2297 41473
2298 41474
2299 41476
2300 41477
2301 41480
2302 41481
2303 41482
2304 41488
2305 41489
2306 41490
2307 41492
2308 41493
2309 41504
2310 41505
2311 41506
2312 41508
2313 41509
2314 41512
2315 41513
2316 41514
2317 41536
2318 41537
2319 41538
2320 41540
2321 41541
2322 41544
2323 41545
2324 41546
2325 41552
2326 41553
2327 41554
2328 41556
2329 41557
2330 41600
2331 41601
2332 41602
2333 41604
2334 41605
2335 41608
2336 41609
2337 41610
2338 41616
2339 41617
2340 41618
2341 41620
2342 41621
2343 41632
2344 41633
2345 41634
2346 41636
2347 41637
2348 41640
2349 41641
2350 41642
2351 41984
2352 41985
2353 41986
2354 41988
2355 41989
2356 41992
2357 41993
2358 41994
2359 42000
2360 42001
2361 42002
2362 42004
2363 42005
2364 42016
2365 42017
2366 42018
2367 42020
2368 42021
2369 42024
2370 42025
2371 42026
2372 42048
2373 42049
2374 42050
2375 42052
2376 42053
2377 42056
2378 42057
2379 42058
2380 42064
2381 42065
2382 42066
2383 42068
2384 42069
2385 42112
2386 42113
2387 42114
2388 42116
2389 42117
2390 42120
2391 42121
2392 42122
2393 42128
2394 42129
2395 42130
2396 42132
2397 42133
2398 42144
2399 42145
2400 42146
2401 42148
2402 42149
2403 42152
2404 42153
2405 42154
2406 42240
2407 42241
2408 42242
2409 42244
2410 42245
2411 42248
2412 42249
2413 42250
2414 42256
2415 42257
2416 42258
2417 42260
2418 42261
2419 42272
2420 42273
2421 42274
2422 42276
2423 42277
2424 42280
2425 42281
2426 42282
2427 42304
2428 42305
2429 42306
2430 42308
2431 42309
2432 42312
2433 42313
2434 42314
2435 42320
2436 42321
2437 42322
2438 42324
2439 42325
2440 43008
2441 43009
2442 43010
2443 43012
2444 43013
2445 43016
2446 43017
2447 43018
2448 43024
2449 43025
2450 43026
2451 43028
2452 43029
2453 43040
2454 43041
2455 43042
2456 43044
2457 43045
2458 43048
2459 43049
2460 43050
2461 43072
2462 43073
2463 43074
2464 43076
2465 43077
2466 43080
2467 43081
2468 43082
2469 43088
2470 43089
2471 43090
2472 43092
2473 43093
2474 43136
2475 43137
2476 43138
2477 43140
2478 43141
2479 43144
2480 43145
2481 43146
2482 43152
2483 43153
2484 43154
2485 43156
2486 43157
2487 43168
2488 43169
2489 43170
2490 43172
2491 43173
2492 43176
2493 43177
2494 43178
2495 43264
2496 43265
2497 43266
2498 43268
2499 43269
2500 43272
2501 43273
2502 43274
2503 43280
2504 43281
2505 43282
2506 43284
2507 43285
2508 43296
2509 43297
2510 43298
2511 43300
2512 43301
2513 43304
2514 43305
2515 43306
2516 43328
2517 43329
2518 43330
2519 43332
2520 43333
2521 43336
2522 43337
2523 43338
2524 43344
2525 43345
2526 43346
2527 43348
2528 43349
2529 43520
2530 43521
2531 43522
2532 43524
2533 43525
2534 43528
2535 43529
2536 43530
2537 43536
2538 43537
2539 43538
2540 43540
2541 43541
2542 43552
2543 43553
2544 43554
2545 43556
2546 43557
2547 43560
2548 43561
2549 43562
2550 43584
2551 43585
2552 43586
2553 43588
2554 43589
2555 43592
2556 43593
2557 43594
2558 43600
2559 43601
2560 43602
2561 43604
2562 43605
2563 43648
2564 43649
2565 43650
2566 43652
2567 43653
2568 43656
2569 43657
2570 43658
2571 43664
2572 43665
2573 43666
2574 43668
2575 43669
2576 43680
2577 43681
2578 43682
2579 43684
2580 43685
2581 43688
2582 43689
2583 43690
2584 65536
2585 65537
2586 65538
2587 65540
2588 65541
2589 65544
2590 65545
2591 65546
2592 65552
2593 65553
2594 65554
2595 65556
2596 65557
2597 65568
2598 65569
2599 65570
2600 65572
2601 65573
2602 65576
2603 65577
2604 65578
2605 65600
2606 65601
2607 65602
2608 65604
2609 65605
2610 65608
2611 65609
2612 65610
2613 65616
2614 65617
2615 65618
2616 65620
2617 65621
2618 65664
2619 65665
2620 65666
2621 65668
2622 65669
2623 65672
2624 65673
2625 65674
2626 65680
2627 65681
2628 65682
2629 65684
2630 65685
2631 65696
2632 65697
2633 65698
2634 65700
2635 65701
2636 65704
2637 65705
2638 65706
2639 65792
2640 65793
2641 65794
2642 65796
2643 65797
2644 65800
2645 65801
2646 65802
2647 65808
2648 65809
2649 65810
2650 65812
2651 65813
2652 65824
2653 65825
2654 65826
2655 65828
2656 65829
2657 65832
2658 65833
2659 65834
2660 65856
2661 65857
2662 65858
2663 65860
2664 65861
2665 65864
2666 65865
2667 65866
2668 65872
2669 65873
2670 65874
2671 65876
2672 65877
2673 66048
2674 66049
2675 66050
2676 66052
2677 66053
2678 66056
2679 66057
2680 66058
2681 66064
2682 66065
2683 66066
2684 66068
2685 66069
2686 66080
2687 66081
2688 66082
2689 66084
2690 66085
2691 66088
2692 66089
2693 66090
2694 66112
2695 66113
2696 66114
2697 66116
2698 66117
2699 66120
2700 66121
2701 66122
2702 66128
2703 66129
2704 66130
2705 66132
2706 66133
2707 66176
2708 66177
2709 66178
2710 66180
2711 66181
2712 66184
2713 66185
2714 66186
2715 66192
2716 66193
2717 66194
2718 66196
2719 66197
2720 66208
2721 66209
2722 66210
2723 66212
2724 66213
2725 66216
2726 66217
2727 66218
2728 66560
2729 66561
2730 66562
2731 66564
2732 66565
2733 66568
2734 66569
2735 66570
2736 66576
2737 66577
2738 66578
2739 66580
2740 66581
2741 66592
2742 66593
2743 66594
2744 66596
2745 66597
2746 66600
2747 66601
2748 66602
2749 66624
2750 66625
2751 66626
2752 66628
2753 66629
2754 66632
2755 66633
2756 66634
2757 66640
2758 66641
2759 66642
2760 66644
2761 66645
2762 66688
2763 66689
2764 66690
2765 66692
2766 66693
2767 66696
2768 66697
2769 66698
2770 66704
2771 66705
2772 66706
2773 66708
2774 66709
2775 66720
2776 66721
2777 66722
2778 66724
2779 66725
2780 66728
2781 66729
2782 66730
2783 66816
2784 66817
2785 66818
2786 66820
2787 66821
2788 66824
2789 66825
2790 66826
2791 66832
2792 66833
2793 66834
2794 66836
2795 66837
2796 66848
2797 66849
2798 66850
2799 66852
2800 66853
2801 66856
2802 66857
2803 66858
2804 66880
2805 66881
2806 66882
2807 66884
2808 66885
2809 66888
2810 66889
2811 66890
2812 66896
2813 66897
2814 66898
2815 66900
2816 66901
2817 67584
2818 67585
2819 67586
2820 67588
2821 67589
2822 67592
2823 67593
2824 67594
2825 67600
2826 67601
2827 67602
2828 67604
2829 67605
2830 67616
2831 67617
2832 67618
2833 67620
2834 67621
2835 67624
2836 67625
2837 67626
2838 67648
2839 67649
2840 67650
2841 67652
2842 67653
2843 67656
2844 67657
2845 67658
2846 67664
2847 67665
2848 67666
2849 67668
2850 67669
2851 67712
2852 67713
2853 67714
2854 67716
2855 67717
2856 67720
2857 67721
2858 67722
2859 67728
2860 67729
2861 67730
2862 67732
2863 67733
2864 67744
2865 67745
2866 67746
2867 67748
2868 67749
2869 67752
2870 67753
2871 67754
2872 67840
2873 67841
2874 67842
2875 67844
2876 67845
2877 67848
2878 67849
2879 67850
2880 67856
2881 67857
2882 67858
2883 67860
2884 67861
2885 67872
2886 67873
2887 67874
2888 67876
2889 67877
2890 67880
2891 67881
2892 67882
2893 67904
2894 67905
2895 67906
2896 67908
2897 67909
2898 67912
2899 67913
2900 67914
2901 67920
2902 67921
2903 67922
2904 67924
2905 67925
2906 68096
2907 68097
2908 68098
2909 68100
2910 68101
2911 68104
2912 68105
2913 68106
2914 68112
2915 68113
2916 68114
2917 68116
2918 68117
2919 68128
2920 68129
2921 68130
2922 68132
2923 68133
2924 68136
2925 68137
2926 68138
2927 68160
2928 68161
2929 68162
2930 68164
2931 68165
2932 68168
2933 68169
2934 68170
2935 68176
2936 68177
2937 68178
2938 68180
2939 68181
2940 68224
2941 68225
2942 68226
2943 68228
2944 68229
2945 68232
2946 68233
2947 68234
2948 68240
2949 68241
2950 68242
2951 68244
2952 68245
2953 68256
2954 68257
2955 68258
2956 68260
2957 68261
2958 68264
2959 68265
2960 68266
2961 69632
2962 69633
2963 69634
2964 69636
2965 69637
2966 69640
2967 69641
2968 69642
2969 69648
2970 69649
2971 69650
2972 69652
2973 69653
2974 69664
2975 69665
2976 69666
2977 69668
2978 69669
2979 69672
2980 69673
2981 69674
2982 69696
2983 69697
2984 69698
2985 69700
2986 69701
2987 69704
2988 69705
2989 69706
2990 69712
2991 69713
2992 69714
2993 69716
2994 69717
2995 69760
2996 69761
2997 69762
2998 69764
2999 69765
3000 69768
3001 69769
3002 69770
3003 69776
3004 69777
3005 69778
3006 69780
3007 69781
3008 69792
3009 69793
3010 69794
3011 69796
3012 69797
3013 69800
3014 69801
3015 69802
3016 69888
3017 69889
3018 69890
3019 69892
3020 69893
3021 69896
3022 69897
3023 69898
3024 69904
3025 69905
3026 69906
3027 69908
3028 69909
3029 69920
3030 69921
3031 69922
3032 69924
3033 69925
3034 69928
3035 69929
3036 69930
3037 69952
3038 69953
3039 69954
3040 69956
3041 69957
3042 69960
3043 69961
3044 69962
3045 69968
3046 69969
3047 69970
3048 69972
3049 69973
3050 70144
3051 70145
3052 70146
3053 70148
3054 70149
3055 70152
3056 70153
3057 70154
3058 70160
3059 70161
3060 70162
3061 70164
3062 70165
3063 70176
3064 70177
3065 70178
3066 70180
3067 70181
3068 70184
3069 70185
3070 70186
3071 70208
3072 70209
3073 70210
3074 70212
3075 70213
3076 70216
3077 70217
3078 70218
3079 70224
3080 70225
3081 70226
3082 70228
3083 70229
3084 70272
3085 70273
3086 70274
3087 70276
3088 70277
3089 70280
3090 70281
3091 70282
3092 70288
3093 70289
3094 70290
3095 70292
3096 70293
3097 70304
3098 70305
3099 70306
3100 70308
3101 70309
3102 70312
3103 70313
3104 70314
3105 70656
3106 70657
3107 70658
3108 70660
3109 70661
3110 70664
3111 70665
3112 70666
3113 70672
3114 70673
3115 70674
3116 70676
3117 70677
3118 70688
3119 70689
3120 70690
3121 70692
3122 70693
3123 70696
3124 70697
3125 70698
3126 70720
3127 70721
3128 70722
3129 70724
3130 70725
3131 70728
3132 70729
3133 70730
3134 70736
3135 70737
3136 70738
3137 70740
3138 70741
3139 70784
3140 70785
3141 70786
3142 70788
3143 70789
3144 70792
3145 70793
3146 70794
3147 70800
3148 70801
3149 70802
3150 70804
3151 70805
3152 70816
3153 70817
3154 70818
3155 70820
3156 70821
3157 70824
3158 70825
3159 70826
3160 70912
3161 70913
3162 70914
3163 70916
3164 70917
3165 70920
3166 70921
3167 70922
3168 70928
3169 70929
3170 70930
3171 70932
3172 70933
3173 70944
3174 70945
3175 70946
3176 70948
3177 70949
3178 70952
3179 70953
3180 70954
3181 70976
3182 70977
3183 70978
3184 70980
3185 70981
3186 70984
3187 70985
3188 70986
3189 70992
3190 70993
3191 70994
3192 70996
3193 70997
3194 73728
3195 73729
3196 73730
3197 73732
3198 73733
3199 73736
3200 73737
3201 73738
3202 73744
3203 73745
3204 73746
3205 73748
3206 73749
3207 73760
3208 73761
3209 73762
3210 73764
3211 73765
3212 73768
3213 73769
3214 73770
3215 73792
3216 73793
3217 73794
3218 73796
3219 73797
3220 73800
3221 73801
3222 73802
3223 73808
3224 73809
3225 73810
3226 73812
3227 73813
3228 73856
3229 73857
3230 73858
3231 73860
3232 73861
3233 73864
3234 73865
3235 73866
3236 73872
3237 73873
3238 73874
3239 73876
3240 73877
3241 73888
3242 73889
3243 73890
3244 73892
3245 73893
3246 73896
3247 73897
3248 73898
3249 73984
3250 73985
3251 73986
3252 73988
3253 73989
3254 73992
3255 73993
3256 73994
3257 74000
3258 74001
3259 74002
3260 74004
3261 74005
3262 74016
3263 74017
3264 74018
3265 74020
3266 74021
3267 74024
3268 74025
3269 74026
3270 74048
3271 74049
3272 74050
3273 74052
3274 74053
3275 74056
3276 74057
3277 74058
3278 74064
3279 74065
3280 74066
3281 74068
3282 74069
3283 74240
3284 74241
3285 74242
3286 74244
3287 74245
3288 74248
3289 74249
3290 74250
3291 74256
3292 74257
3293 74258
3294 74260
3295 74261
3296 74272
3297 74273
3298 74274
3299 74276
3300 74277
3301 74280
3302 74281
3303 74282
3304 74304
3305 74305
3306 74306
3307 74308
3308 74309
3309 74312
3310 74313
3311 74314
3312 74320
3313 74321
3314 74322
3315 74324
3316 74325
3317 74368
3318 74369
3319 74370
3320 74372
3321 74373
3322 74376
3323 74377
3324 74378
3325 74384
3326 74385
3327 74386
3328 74388
3329 74389
3330 74400
3331 74401
3332 74402
3333 74404
3334 74405
3335 74408
3336 74409
3337 74410
3338 74752
3339 74753
3340 74754
3341 74756
3342 74757
3343 74760
3344 74761
3345 74762
3346 74768
3347 74769
3348 74770
3349 74772
3350 74773
3351 74784
3352 74785
3353 74786
3354 74788
3355 74789
3356 74792
3357 74793
3358 74794
3359 74816
3360 74817
3361 74818
3362 74820
3363 74821
3364 74824
3365 74825
3366 74826
3367 74832
3368 74833
3369 74834
3370 74836
3371 74837
3372 74880
3373 74881
3374 74882
3375 74884
3376 74885
3377 74888
3378 74889
3379 74890
3380 74896
3381 74897
3382 74898
3383 74900
3384 74901
3385 74912
3386 74913
3387 74914
3388 74916
3389 74917
3390 74920
3391 74921
3392 74922
3393 75008
3394 75009
3395 75010
3396 75012
3397 75013
3398 75016
3399 75017
3400 75018
3401 75024
3402 75025
3403 75026
3404 75028
3405 75029
3406 75040
3407 75041
3408 75042
3409 75044
3410 75045
3411 75048
3412 75049
3413 75050
3414 75072
3415 75073
3416 75074
3417 75076
3418 75077
3419 75080
3420 75081
3421 75082
3422 75088
3423 75089
3424 75090
3425 75092
3426 75093
3427 75776
3428 75777
3429 75778
3430 75780
3431 75781
3432 75784
3433 75785
3434 75786
3435 75792
3436 75793
3437 75794
3438 75796
3439 75797
3440 75808
3441 75809
3442 75810
3443 75812
3444 75813
3445 75816
3446 75817
3447 75818
3448 75840
3449 75841
3450 75842
3451 75844
3452 75845
3453 75848
3454 75849
3455 75850
3456 75856
3457 75857
3458 75858
3459 75860
3460 75861
3461 75904
3462 75905
3463 75906
3464 75908
3465 75909
3466 75912
3467 75913
3468 75914
3469 75920
3470 75921
3471 75922
3472 75924
3473 75925
3474 75936
3475 75937
3476 75938
3477 75940
3478 75941
3479 75944
3480 75945
3481 75946
3482 76032
3483 76033
3484 76034
3485 76036
3486 76037
3487 76040
3488 76041
3489 76042
3490 76048
3491 76049
3492 76050
3493 76052
3494 76053
3495 76064
3496 76065
3497 76066
3498 76068
3499 76069
3500 76072
3501 76073
3502 76074
3503 76096
3504 76097
3505 76098
3506 76100
3507 76101
3508 76104
3509 76105
3510 76106
3511 76112
3512 76113
3513 76114
3514 76116
3515 76117
3516 76288
3517 76289
3518 76290
3519 76292
3520 76293
3521 76296
3522 76297
3523 76298
3524 76304
3525 76305
3526 76306
3527 76308
3528 76309
3529 76320
3530 76321
3531 76322
3532 76324
3533 76325
3534 76328
3535 76329
3536 76330
3537 76352
3538 76353
3539 76354
3540 76356
3541 76357
3542 76360
3543 76361
3544 76362
3545 76368
3546 76369
3547 76370
3548 76372
3549 76373
3550 76416
3551 76417
3552 76418
3553 76420
3554 76421
3555 76424
3556 76425
3557 76426
3558 76432
3559 76433
3560 76434
3561 76436
3562 76437
3563 76448
3564 76449
3565 76450
3566 76452
3567 76453
3568 76456
3569 76457
3570 76458
3571 81920
3572 81921
3573 81922
3574 81924
3575 81925
3576 81928
3577 81929
3578 81930
3579 81936
3580 81937
3581 81938
3582 81940
3583 81941
3584 81952
3585 81953
3586 81954
3587 81956
3588 81957
3589 81960
3590 81961
3591 81962
3592 81984
3593 81985
3594 81986
3595 81988
3596 81989
3597 81992
3598 81993
3599 81994
3600 82000
3601 82001
3602 82002
3603 82004
3604 82005
3605 82048
3606 82049
3607 82050
3608 82052
3609 82053
3610 82056
3611 82057
3612 82058
3613 82064
3614 82065
3615 82066
3616 82068
3617 82069
3618 82080
3619 82081
3620 82082
3621 82084
3622 82085
3623 82088
3624 82089
3625 82090
3626 82176
3627 82177
3628 82178
3629 82180
3630 82181
3631 82184
3632 82185
3633 82186
3634 82192
3635 82193
3636 82194
3637 82196
3638 82197
3639 82208
3640 82209
3641 82210
3642 82212
3643 82213
3644 82216
3645 82217
3646 82218
3647 82240
3648 82241
3649 82242
3650 82244
3651 82245
3652 82248
3653 82249
3654 82250
3655 82256
3656 82257
3657 82258
3658 82260
3659 82261
3660 82432
3661 82433
3662 82434
3663 82436
3664 82437
3665 82440
3666 82441
3667 82442
3668 82448
3669 82449
3670 82450
3671 82452
3672 82453
3673 82464
3674 82465
3675 82466
3676 82468
3677 82469
3678 82472
3679 82473
3680 82474
3681 82496
3682 82497
3683 82498
3684 82500
3685 82501
3686 82504
3687 82505
3688 82506
3689 82512
3690 82513
3691 82514
3692 82516
3693 82517
3694 82560
3695 82561
3696 82562
3697 82564
3698 82565
3699 82568
3700 82569
3701 82570
3702 82576
3703 82577
3704 82578
3705 82580
3706 82581
3707 82592
3708 82593
3709 82594
3710 82596
3711 82597
3712 82600
3713 82601
3714 82602
3715 82944
3716 82945
3717 82946
3718 82948
3719 82949
3720 82952
3721 82953
3722 82954
3723 82960
3724 82961
3725 82962
3726 82964
3727 82965
3728 82976
3729 82977
3730 82978
3731 82980
3732 82981
3733 82984
3734 82985
3735 82986
3736 83008
3737 83009
3738 83010
3739 83012
3740 83013
3741 83016
3742 83017
3743 83018
3744 83024
3745 83025
3746 83026
3747 83028
3748 83029
3749 83072
3750 83073
3751 83074
3752 83076
3753 83077
3754 83080
3755 83081
3756 83082
3757 83088
3758 83089
3759 83090
3760 83092
3761 83093
3762 83104
3763 83105
3764 83106
3765 83108
3766 83109
3767 83112
3768 83113
3769 83114
3770 83200
3771 83201
3772 83202
3773 83204
3774 83205
3775 83208
3776 83209
3777 83210
3778 83216
3779 83217
3780 83218
3781 83220
3782 83221
3783 83232
3784 83233
3785 83234
3786 83236
3787 83237
3788 83240
3789 83241
3790 83242
3791 83264
3792 83265
3793 83266
3794 83268
3795 83269
3796 83272
3797 83273
3798 83274
3799 83280
3800 83281
3801 83282
3802 83284
3803 83285
3804 83968
3805 83969
3806 83970
3807 83972
3808 83973
3809 83976
3810 83977
3811 83978
3812 83984
3813 83985
3814 83986
3815 83988
3816 83989
3817 84000
3818 84001
3819 84002
3820 84004
3821 84005
3822 84008
3823 84009
3824 84010
3825 84032
3826 84033
3827 84034
3828 84036
3829 84037
3830 84040
3831 84041
3832 84042
3833 84048
3834 84049
3835 84050
3836 84052
3837 84053
3838 84096
3839 84097
3840 84098
3841 84100
3842 84101
3843 84104
3844 84105
3845 84106
3846 84112
3847 84113
3848 84114
3849 84116
3850 84117
3851 84128
3852 84129
3853 84130
3854 84132
3855 84133
3856 84136
3857 84137
3858 84138
3859 84224
3860 84225
3861 84226
3862 84228
3863 84229
3864 84232
3865 84233
3866 84234
3867 84240
3868 84241
3869 84242
3870 84244
3871 84245
3872 84256
3873 84257
3874 84258
3875 84260
3876 84261
3877 84264
3878 84265
3879 84266
3880 84288
3881 84289
3882 84290
3883 84292
3884 84293
3885 84296
3886 84297
3887 84298
3888 84304
3889 84305
3890 84306
3891 84308
3892 84309
3893 84480
3894 84481
3895 84482
3896 84484
3897 84485
3898 84488
3899 84489
3900 84490
3901 84496
3902 84497
3903 84498
3904 84500
3905 84501
3906 84512
3907 84513
3908 84514
3909 84516
3910 84517
3911 84520
3912 84521
3913 84522
3914 84544
3915 84545
3916 84546
3917 84548
3918 84549
3919 84552
3920 84553
3921 84554
3922 84560
3923 84561
3924 84562
3925 84564
3926 84565
3927 84608
3928 84609
3929 84610
3930 84612
3931 84613
3932 84616
3933 84617
3934 84618
3935 84624
3936 84625
3937 84626
3938 84628
3939 84629
3940 84640
3941 84641
3942 84642
3943 84644
3944 84645
3945 84648
3946 84649
3947 84650
3948 86016
3949 86017
3950 86018
3951 86020
3952 86021
3953 86024
3954 86025
3955 86026
3956 86032
3957 86033
3958 86034
3959 86036
3960 86037
3961 86048
3962 86049
3963 86050
3964 86052
3965 86053
3966 86056
3967 86057
3968 86058
3969 86080
3970 86081
3971 86082
3972 86084
3973 86085
3974 86088
3975 86089
3976 86090
3977 86096
3978 86097
3979 86098
3980 86100
3981 86101
3982 86144
3983 86145
3984 86146
3985 86148
3986 86149
3987 86152
3988 86153
3989 86154
3990 86160
3991 86161
3992 86162
3993 86164
3994 86165
3995 86176
3996 86177
3997 86178
3998 86180
3999 86181
4000 86184
4001 86185
4002 86186
4003 86272
4004 86273
4005 86274
4006 86276
4007 86277
4008 86280
4009 86281
4010 86282
4011 86288
4012 86289
4013 86290
4014 86292
4015 86293
4016 86304
4017 86305
4018 86306
4019 86308
4020 86309
4021 86312
4022 86313
4023 86314
4024 86336
4025 86337
4026 86338
4027 86340
4028 86341
4029 86344
4030 86345
4031 86346
4032 86352
4033 86353
4034 86354
4035 86356
4036 86357
4037 86528
4038 86529
4039 86530
4040 86532
4041 86533
4042 86536
4043 86537
4044 86538
4045 86544
4046 86545
4047 86546
4048 86548
4049 86549
4050 86560
4051 86561
4052 86562
4053 86564
4054 86565
4055 86568
4056 86569
4057 86570
4058 86592
4059 86593
4060 86594
4061 86596
4062 86597
4063 86600
4064 86601
4065 86602
4066 86608
4067 86609
4068 86610
4069 86612
4070 86613
4071 86656
4072 86657
4073 86658
4074 86660
4075 86661
4076 86664
4077 86665
4078 86666
4079 86672
4080 86673
4081 86674
4082 86676
4083 86677
4084 86688
4085 86689
4086 86690
4087 86692
4088 86693
4089 86696
4090 86697
4091 86698
4092 87040
4093 87041
4094 87042
4095 87044
4096 87045
4097 87048
4098 87049
4099 87050
4100 87056
4101 87057
4102 87058
4103 87060
4104 87061
4105 87072
4106 87073
4107 87074
4108 87076
4109 87077
4110 87080
4111 87081
4112 87082
4113 87104
4114 87105
4115 87106
4116 87108
4117 87109
4118 87112
4119 87113
4120 87114
4121 87120
4122 87121
4123 87122
4124 87124
4125 87125
4126 87168
4127 87169
4128 87170
4129 87172
4130 87173
4131 87176
4132 87177
4133 87178
4134 87184
4135 87185
4136 87186
4137 87188
4138 87189
4139 87200
4140 87201
4141 87202
4142 87204
4143 87205
4144 87208
4145 87209
4146 87210
4147 87296
4148 87297
4149 87298
4150 87300
4151 87301
4152 87304
4153 87305
4154 87306
4155 87312
4156 87313
4157 87314
4158 87316
4159 87317
4160 87328
4161 87329
4162 87330
4163 87332
4164 87333
4165 87336
4166 87337
4167 87338
4168 87360
4169 87361
4170 87362
4171 87364
4172 87365
4173 87368
4174 87369
4175 87370
4176 87376
4177 87377
4178 87378
4179 87380
4180 87381
4181 131072
4182 131073
4183 131074
4184 131076
4185 131077
4186 131080
4187 131081
4188 131082
4189 131088
4190 131089
4191 131090
4192 131092
4193 131093
4194 131104
4195 131105
4196 131106
4197 131108
4198 131109
4199 131112
4200 131113
4201 131114
4202 131136
4203 131137
4204 131138
4205 131140
4206 131141
4207 131144
4208 131145
4209 131146
4210 131152
4211 131153
4212 131154
4213 131156
4214 131157
4215 131200
4216 131201
4217 131202
4218 131204
4219 131205
4220 131208
4221 131209
4222 131210
4223 131216
4224 131217
4225 131218
4226 131220
4227 131221
4228 131232
4229 131233
4230 131234
4231 131236
4232 131237
4233 131240
4234 131241
4235 131242
4236 131328
4237 131329
4238 131330
4239 131332
4240 131333
4241 131336
4242 131337
4243 131338
4244 131344
4245 131345
4246 131346
4247 131348
4248 131349
4249 131360
4250 131361
4251 131362
4252 131364
4253 131365
4254 131368
4255 131369
4256 131370
4257 131392
4258 131393
4259 131394
4260 131396
4261 131397
4262 131400
4263 131401
4264 131402
4265 131408
4266 131409
4267 131410
4268 131412
4269 131413
4270 131584
4271 131585
4272 131586
4273 131588
4274 131589
4275 131592
4276 131593
4277 131594
4278 131600
4279 131601
4280 131602
4281 131604
4282 131605
4283 131616
4284 131617
4285 131618
4286 131620
4287 131621
4288 131624
4289 131625
4290 131626
4291 131648
4292 131649
4293 131650
4294 131652
4295 131653
4296 131656
4297 131657
4298 131658
4299 131664
4300 131665
4301 131666
4302 131668
4303 131669
4304 131712
4305 131713
4306 131714
4307 131716
4308 131717
4309 131720
4310 131721
4311 131722
4312 131728
4313 131729
4314 131730
4315 131732
4316 131733
4317 131744
4318 131745
4319 131746
4320 131748
4321 131749
4322 131752
4323 131753
4324 131754
4325 132096
4326 132097
4327 132098
4328 132100
4329 132101
4330 132104
4331 132105
4332 132106
4333 132112
4334 132113
4335 132114
4336 132116
4337 132117
4338 132128
4339 132129
4340 132130
4341 132132
4342 132133
4343 132136
4344 132137
4345 132138
4346 132160
4347 132161
4348 132162
4349 132164
4350 132165
4351 132168
4352 132169
4353 132170
4354 132176
4355 132177
4356 132178
4357 132180
4358 132181
4359 132224
4360 132225
4361 132226
4362 132228
4363 132229
4364 132232
4365 132233
4366 132234
4367 132240
4368 132241
4369 132242
4370 132244
4371 132245
4372 132256
4373 132257
4374 132258
4375 132260
4376 132261
4377 132264
4378 132265
4379 132266
4380 132352
4381 132353
4382 132354
4383 132356
4384 132357
4385 132360
4386 132361
4387 132362
4388 132368
4389 132369
4390 132370
4391 132372
4392 132373
4393 132384
4394 132385
4395 132386
4396 132388
4397 132389
4398 132392
4399 132393
4400 132394
4401 132416
4402 132417
4403 132418
4404 132420
4405 132421
4406 132424
4407 132425
4408 132426
4409 132432
4410 132433
4411 132434
4412 132436
4413 132437
4414 133120
4415 133121
4416 133122
4417 133124
4418 133125
4419 133128
4420 133129
4421 133130
4422 133136
4423 133137
4424 133138
4425 133140
4426 133141
4427 133152
4428 133153
4429 133154
4430 133156
4431 133157
4432 133160
4433 133161
4434 133162
4435 133184
4436 133185
4437 133186
4438 133188
4439 133189
4440 133192
4441 133193
4442 133194
4443 133200
4444 133201
4445 133202
4446 133204
4447 133205
4448 133248
4449 133249
4450 133250
4451 133252
4452 133253
4453 133256
4454 133257
4455 133258
4456 133264
4457 133265
4458 133266
4459 133268
4460 133269
4461 133280
4462 133281
4463 133282
4464 133284
4465 133285
4466 133288
4467 133289
4468 133290
4469 133376
4470 133377
4471 133378
4472 133380
4473 133381
4474 133384
4475 133385
4476 133386
4477 133392
4478 133393
4479 133394
4480 133396
4481 133397
4482 133408
4483 133409
4484 133410
4485 133412
4486 133413
4487 133416
4488 133417
4489 133418
4490 133440
4491 133441
4492 133442
4493 133444
4494 133445
4495 133448
4496 133449
4497 133450
4498 133456
4499 133457
4500 133458
4501 133460
4502 133461
4503 133632
4504 133633
4505 133634
4506 133636
4507 133637
4508 133640
4509 133641
4510 133642
4511 133648
4512 133649
4513 133650
4514 133652
4515 133653
4516 133664
4517 133665
4518 133666
4519 133668
4520 133669
4521 133672
4522 133673
4523 133674
4524 133696
4525 133697
4526 133698
4527 133700
4528 133701
4529 133704
4530 133705
4531 133706
4532 133712
4533 133713
4534 133714
4535 133716
4536 133717
4537 133760
4538 133761
4539 133762
4540 133764
4541 133765
4542 133768
4543 133769
4544 133770
4545 133776
4546 133777
4547 133778
4548 133780
4549 133781
4550 133792
4551 133793
4552 133794
4553 133796
4554 133797
4555 133800
4556 133801
4557 133802
4558 135168
4559 135169
4560 135170
4561 135172
4562 135173
4563 135176
4564 135177
4565 135178
4566 135184
4567 135185
4568 135186
4569 135188
4570 135189
4571 135200
4572 135201
4573 135202
4574 135204
4575 135205
4576 135208
4577 135209
4578 135210
4579 135232
4580 135233
4581 135234
4582 135236
4583 135237
4584 135240
4585 135241
4586 135242
4587 135248
4588 135249
4589 135250
4590 135252
4591 135253
4592 135296
4593 135297
4594 135298
4595 135300
4596 135301
4597 135304
4598 135305
4599 135306
4600 135312
4601 135313
4602 135314
4603 135316
4604 135317
4605 135328
4606 135329
4607 135330
4608 135332
4609 135333
4610 135336
4611 135337
4612 135338
4613 135424
4614 135425
4615 135426
4616 135428
4617 135429
4618 135432
4619 135433
4620 135434
4621 135440
4622 135441
4623 135442
4624 135444
4625 135445
4626 135456
4627 135457
4628 135458
4629 135460
4630 135461
4631 135464
4632 135465
4633 135466
4634 135488
4635 135489
4636 135490
4637 135492
4638 135493
4639 135496
4640 135497
4641 135498
4642 135504
4643 135505
4644 135506
4645 135508
4646 135509
4647 135680
4648 135681
4649 135682
4650 135684
4651 135685
4652 135688
4653 135689
4654 135690
4655 135696
4656 135697
4657 135698
4658 135700
4659 135701
4660 135712
4661 135713
4662 135714
4663 135716
4664 135717
4665 135720
4666 135721
4667 135722
4668 135744
4669 135745
4670 135746
4671 135748
4672 135749
4673 135752
4674 135753
4675 135754
4676 135760
4677 135761
4678 135762
4679 135764
4680 135765
4681 135808
4682 135809
4683 135810
4684 135812
4685 135813
4686 135816
4687 135817
4688 135818
4689 135824
4690 135825
4691 135826
4692 135828
4693 135829
4694 135840
4695 135841
4696 135842
4697 135844
4698 135845
4699 135848
4700 135849
4701 135850
4702 136192
4703 136193
4704 136194
4705 136196
4706 136197
4707 136200
4708 136201
4709 136202
4710 136208
4711 136209
4712 136210
4713 136212
4714 136213
4715 136224
4716 136225
4717 136226
4718 136228
4719 136229
4720 136232
4721 136233
4722 136234
4723 136256
4724 136257
4725 136258
4726 136260
4727 136261
4728 136264
4729 136265
4730 136266
4731 136272
4732 136273
4733 136274
4734 136276
4735 136277
4736 136320
4737 136321
4738 136322
4739 136324
4740 136325
4741 136328
4742 136329
4743 136330
4744 136336
4745 136337
4746 136338
4747 136340
4748 136341
4749 136352
4750 136353
4751 136354
4752 136356
4753 136357
4754 136360
4755 136361
4756 136362
4757 136448
4758 136449
4759 136450
4760 136452
4761 136453
4762 136456
4763 136457
4764 136458
4765 136464
4766 136465
4767 136466
4768 136468
4769 136469
4770 136480
4771 136481
4772 136482
4773 136484
4774 136485
4775 136488
4776 136489
4777 136490
4778 136512
4779 136513
4780 136514
4781 136516
4782 136517
4783 136520
4784 136521
4785 136522
4786 136528
4787 136529
4788 136530
4789 136532
4790 136533
4791 139264
4792 139265
4793 139266
4794 139268
4795 139269
4796 139272
4797 139273
4798 139274
4799 139280
4800 139281
4801 139282
4802 139284
4803 139285
4804 139296
4805 139297
4806 139298
4807 139300
4808 139301
4809 139304
4810 139305
4811 139306
4812 139328
4813 139329
4814 139330
4815 139332
4816 139333
4817 139336
4818 139337
4819 139338
4820 139344
4821 139345
4822 139346
4823 139348
4824 139349
4825 139392
4826 139393
4827 139394
4828 139396
4829 139397
4830 139400
4831 139401
4832 139402
4833 139408
4834 139409
4835 139410
4836 139412
4837 139413
4838 139424
4839 139425
4840 139426
4841 139428
4842 139429
4843 139432
4844 139433
4845 139434
4846 139520
4847 139521
4848 139522
4849 139524
4850 139525
4851 139528
4852 139529
4853 139530
4854 139536
4855 139537
4856 139538
4857 139540
4858 139541
4859 139552
4860 139553
4861 139554
4862 139556
4863 139557
4864 139560
4865 139561
4866 139562
4867 139584
4868 139585
4869 139586
4870 139588
4871 139589
4872 139592
4873 139593
4874 139594
4875 139600
4876 139601
4877 139602
4878 139604
4879 139605
4880 139776
4881 139777
4882 139778
4883 139780
4884 139781
4885 139784
4886 139785
4887 139786
4888 139792
4889 139793
4890 139794
4891 139796
4892 139797
4893 139808
4894 139809
4895 139810
4896 139812
4897 139813
4898 139816
4899 139817
4900 139818
4901 139840
4902 139841
4903 139842
4904 139844
4905 139845
4906 139848
4907 139849
4908 139850
4909 139856
4910 139857
4911 139858
4912 139860
4913 139861
4914 139904
4915 139905
4916 139906
4917 139908
4918 139909
4919 139912
4920 139913
4921 139914
4922 139920
4923 139921
4924 139922
4925 139924
4926 139925
4927 139936
4928 139937
4929 139938
4930 139940
4931 139941
4932 139944
4933 139945
4934 139946
4935 140288
4936 140289
4937 140290
4938 140292
4939 140293
4940 140296
4941 140297
4942 140298
4943 140304
4944 140305
4945 140306
4946 140308
4947 140309
4948 140320
4949 140321
4950 140322
4951 140324
4952 140325
4953 140328
4954 140329
4955 140330
4956 140352
4957 140353
4958 140354
4959 140356
4960 140357
4961 140360
4962 140361
4963 140362
4964 140368
4965 140369
4966 140370
4967 140372
4968 140373
4969 140416
4970 140417
4971 140418
4972 140420
4973 140421
4974 140424
4975 140425
4976 140426
4977 140432
4978 140433
4979 140434
4980 140436
4981 140437
4982 140448
4983 140449
4984 140450
4985 140452
4986 140453
4987 140456
4988 140457
4989 140458
4990 140544
4991 140545
4992 140546
4993 140548
4994 140549
4995 140552
4996 140553
4997 140554
4998 140560
4999 140561
5000 140562
