1 1
2 2
3 3
4 4
5 5
6 6
7 9
8 8
9 7
10 10
11 15
12 12
13 25
14 18
15 27
16 16
17 11
18 14
19 21
20 20
21 35
22 30
23 45
24 24
25 49
26 50
27 75
28 36
29 125
30 54
31 81
32 32
33 13
34 22
35 33
36 28
37 55
38 42
39 63
40 40
41 77
42 70
43 105
44 60
45 175
46 90
47 135
48 48
49 121
50 98
51 147
52 100
53 245
54 150
55 225
56 72
57 343
58 250
59 375
60 108
61 625
62 162
63 243
64 64
65 17
66 26
67 39
68 44
69 65
70 66
71 99
72 56
73 91
74 110
75 165
76 84
77 275
78 126
79 189
80 80
81 143
82 154
83 231
84 140
85 385
86 210
87 315
88 120
89 539
90 350
91 525
92 180
93 875
94 270
95 405
96 96
97 169
98 242
99 363
100 196
101 605
102 294
103 441
104 200
105 847
106 490
107 735
108 300
109 1225
110 450
111 675
112 144
113 1331
114 686
115 1029
116 500
117 1715
118 750
119 1125
120 216
121 2401
122 1250
123 1875
124 324
125 3125
126 486
127 729
128 128
129 19
130 34
131 51
132 52
133 85
134 78
135 117
136 88
137 119
138 130
139 195
140 132
141 325
142 198
143 297
144 112
145 187
146 182
147 273
148 220
149 455
150 330
151 495
152 168
153 637
154 550
155 825
156 252
157 1375
158 378
159 567
160 160
161 221
162 286
163 429
164 308
165 715
166 462
167 693
168 280
169 1001
170 770
171 1155
172 420
173 1925
174 630
175 945
176 240
177 1573
178 1078
179 1617
180 700
181 2695
182 1050
183 1575
184 360
185 3773
186 1750
187 2625
188 540
189 4375
190 810
191 1215
192 192
193 289
194 338
195 507
196 484
197 845
198 726
199 1089
200 392
201 1183
202 1210
203 1815
204 588
205 3025
206 882
207 1323
208 400
209 1859
210 1694
211 2541
212 980
213 4235
214 1470
215 2205
216 600
217 5929
218 2450
219 3675
220 900
221 6125
222 1350
223 2025
224 288
225 2197
226 2662
227 3993
228 1372
229 6655
230 2058
231 3087
232 1000
233 9317
234 3430
235 5145
236 1500
237 8575
238 2250
239 3375
240 432
241 14641
242 4802
243 7203
244 2500
245 12005
246 3750
247 5625
248 648
249 16807
250 6250
251 9375
252 972
253 15625
254 1458
255 2187
256 256
257 23
258 38
259 57
260 68
261 95
262 102
263 153
264 104
265 133
266 170
267 255
268 156
269 425
270 234
271 351
272 176
273 209
274 238
275 357
276 260
277 595
278 390
279 585
280 264
281 833
282 650
283 975
284 396
285 1625
286 594
287 891
288 224
289 247
290 374
291 561
292 364
293 935
294 546
295 819
296 440
297 1309
298 910
299 1365
300 660
301 2275
302 990
303 1485
304 336
305 2057
306 1274
307 1911
308 1100
309 3185
310 1650
311 2475
312 504
313 4459
314 2750
315 4125
316 756
317 6875
318 1134
319 1701
320 320
321 323
322 442
323 663
324 572
325 1105
326 858
327 1287
328 616
329 1547
330 1430
331 2145
332 924
333 3575
334 1386
335 2079
336 560
337 2431
338 2002
339 3003
340 1540
341 5005
342 2310
343 3465
344 840
345 7007
346 3850
347 5775
348 1260
349 9625
350 1890
351 2835
352 480
353 2873
354 3146
355 4719
356 2156
357 7865
358 3234
359 4851
360 1400
361 11011
362 5390
363 8085
364 2100
365 13475
366 3150
367 4725
368 720
369 17303
370 7546
371 11319
372 3500
373 18865
374 5250
375 7875
376 1080
377 26411
378 8750
379 13125
380 1620
381 21875
382 2430
383 3645
384 384
385 361
386 578
387 867
388 676
389 1445
390 1014
391 1521
392 968
393 2023
394 1690
395 2535
396 1452
397 4225
398 2178
399 3267
400 784
401 3179
402 2366
403 3549
404 2420
405 5915
406 3630
407 5445
408 1176
409 8281
410 6050
411 9075
412 1764
413 15125
414 2646
415 3969
416 800
417 3757
418 3718
419 5577
420 3388
421 9295
422 5082
423 7623
424 1960
425 13013
426 8470
427 12705
428 2940
429 21175
430 4410
431 6615
432 1200
433 20449
434 11858
435 17787
436 4900
437 29645
438 7350
439 11025
440 1800
441 41503
442 12250
443 18375
444 2700
445 30625
446 4050
447 6075
448 576
449 4913
450 4394
451 6591
452 5324
453 10985
454 7986
455 11979
456 2744
457 15379
458 13310
459 19965
460 4116
461 33275
462 6174
463 9261
464 2000
465 24167
466 18634
467 27951
468 6860
469 46585
470 10290
471 15435
472 3000
473 65219
474 17150
475 25725
476 4500
477 42875
478 6750
479 10125
480 864
481 28561
482 29282
483 43923
484 9604
485 73205
486 14406
487 21609
488 5000
489 102487
490 24010
491 36015
492 7500
493 60025
494 11250
495 16875
496 1296
497 161051
498 33614
499 50421
500 12500
501 84035
502 18750
503 28125
504 1944
505 117649
506 31250
507 46875
508 2916
509 78125
510 4374
511 6561
512 512
513 29
514 46
515 69
516 76
517 115
518 114
519 171
520 136
521 161
522 190
523 285
524 204
525 475
526 306
527 459
528 208
529 253
530 266
531 399
532 340
533 665
534 510
535 765
536 312
537 931
538 850
539 1275
540 468
541 2125
542 702
543 1053
544 352
545 299
546 418
547 627
548 476
549 1045
550 714
551 1071
552 520
553 1463
554 1190
555 1785
556 780
557 2975
558 1170
559 1755
560 528
561 2299
562 1666
563 2499
564 1300
565 4165
566 1950
567 2925
568 792
569 5831
570 3250
571 4875
572 1188
573 8125
574 1782
575 2673
576 448
577 391
578 494
579 741
580 748
581 1235
582 1122
583 1683
584 728
585 1729
586 1870
587 2805
588 1092
589 4675
590 1638
591 2457
592 880
593 2717
594 2618
595 3927
596 1820
597 6545
598 2730
599 4095
600 1320
601 9163
602 4550
603 6825
604 1980
605 11375
606 2970
607 4455
608 672
609 3211
610 4114
611 6171
612 2548
613 10285
614 3822
615 5733
616 2200
617 14399
618 6370
619 9555
620 3300
621 15925
622 4950
623 7425
624 1008
625 22627
626 8918
627 13377
628 5500
629 22295
630 8250
631 12375
632 1512
633 31213
634 13750
635 20625
636 2268
637 34375
638 3402
639 5103
640 640
641 437
642 646
643 969
644 884
645 1615
646 1326
647 1989
648 1144
649 2261
650 2210
651 3315
652 1716
653 5525
654 2574
655 3861
656 1232
657 3553
658 3094
659 4641
660 2860
661 7735
662 4290
663 6435
664 1848
665 10829
666 7150
667 10725
668 2772
669 17875
670 4158
671 6237
672 1120
673 4199
674 4862
675 7293
676 4004
677 12155
678 6006
679 9009
680 3080
681 17017
682 10010
683 15015
684 4620
685 25025
686 6930
687 10395
688 1680
689 26741
690 14014
691 21021
692 7700
693 35035
694 11550
695 17325
696 2520
697 49049
698 19250
699 28875
700 3780
701 48125
702 5670
703 8505
704 960
705 5491
706 5746
707 8619
708 6292
709 14365
710 9438
711 14157
712 4312
713 20111
714 15730
715 23595
716 6468
717 39325
718 9702
719 14553
720 2800
721 31603
722 22022
723 33033
724 10780
725 55055
726 16170
727 24255
728 4200
729 77077
730 26950
731 40425
732 6300
733 67375
734 9450
735 14175
736 1440
737 37349
738 34606
739 51909
740 15092
741 86515
742 22638
743 33957
744 7000
745 121121
746 37730
747 56595
748 10500
749 94325
750 15750
751 23625
752 2160
753 190333
754 52822
755 79233
756 17500
757 132055
758 26250
759 39375
760 3240
761 184877
762 43750
763 65625
764 4860
765 109375
766 7290
767 10935
768 768
769 529
770 722
771 1083
772 1156
773 1805
774 1734
775 2601
776 1352
777 2527
778 2890
779 4335
780 2028
781 7225
782 3042
783 4563
784 1936
785 3971
786 4046
787 6069
788 3380
789 10115
790 5070
791 7605
792 2904
793 14161
794 8450
795 12675
796 4356
797 21125
798 6534
799 9801
800 1568
801 4693
802 6358
803 9537
804 4732
805 15895
806 7098
807 10647
808 4840
809 22253
810 11830
811 17745
812 7260
813 29575
814 10890
815 16335
816 2352
817 34969
818 16562
819 24843
820 12100
821 41405
822 18150
823 27225
824 3528
825 57967
826 30250
827 45375
828 5292
829 75625
830 7938
831 11907
832 1600
833 6137
834 7514
835 11271
836 7436
837 18785
838 11154
839 16731
840 6776
841 26299
842 18590
843 27885
844 10164
845 46475
846 15246
847 22869
848 3920
849 41327
850 26026
851 39039
852 16940
853 65065
854 25410
855 38115
856 5880
857 91091
858 42350
859 63525
860 8820
861 105875
862 13230
863 19845
864 2400
865 48841
866 40898
867 61347
868 23716
869 102245
870 35574
871 53361
872 9800
873 143143
874 59290
875 88935
876 14700
877 148225
878 22050
879 33075
880 3600
881 224939
882 83006
883 124509
884 24500
885 207515
886 36750
887 55125
888 5400
889 290521
890 61250
891 91875
892 8100
893 153125
894 12150
895 18225
896 1152
897 6859
898 9826
899 14739
900 8788
901 24565
902 13182
903 19773
904 10648
905 34391
906 21970
907 32955
908 15972
909 54925
910 23958
911 35937
912 5488
913 54043
914 30758
915 46137
916 26620
917 76895
918 39930
919 59895
920 8232
921 107653
922 66550
923 99825
924 12348
925 166375
926 18522
927 27783
928 4000
929 63869
930 48334
931 72501
932 37268
933 120835
934 55902
935 83853
936 13720
937 169169
938 93170
939 139755
940 20580
941 232925
942 30870
943 46305
944 6000
945 265837
946 130438
947 195657
948 34300
949 326095
950 51450
951 77175
952 9000
953 456533
954 85750
955 128625
956 13500
957 214375
958 20250
959 30375
960 1728
961 83521
962 57122
963 85683
964 58564
965 142805
966 87846
967 131769
968 19208
969 199927
970 146410
971 219615
972 28812
973 366025
974 43218
975 64827
976 10000
977 314171
978 204974
979 307461
980 48020
981 512435
982 72030
983 108045
984 15000
985 717409
986 120050
987 180075
988 22500
989 300125
990 33750
991 50625
992 2592
993 371293
994 322102
995 483153
996 67228
997 805255
998 100842
999 151263
1000 25000
1001 1127357
1002 168070
1003 252105
1004 37500
1005 420175
1006 56250
1007 84375
1008 3888
1009 1771561
1010 235298
1011 352947
1012 62500
1013 588245
1014 93750
1015 140625
1016 5832
1017 823543
1018 156250
1019 234375
1020 8748
1021 390625
1022 13122
1023 19683
1024 1024
1025 31
1026 58
1027 87
1028 92
1029 145
1030 138
1031 207
1032 152
1033 203
1034 230
1035 345
1036 228
1037 575
1038 342
1039 513
1040 272
1041 319
1042 322
1043 483
1044 380
1045 805
1046 570
1047 855
1048 408
1049 1127
1050 950
1051 1425
1052 612
1053 2375
1054 918
1055 1377
1056 416
1057 377
1058 506
1059 759
1060 532
1061 1265
1062 798
1063 1197
1064 680
1065 1771
1066 1330
1067 1995
1068 1020
1069 3325
1070 1530
1071 2295
1072 624
1073 2783
1074 1862
1075 2793
1076 1700
1077 4655
1078 2550
1079 3825
1080 936
1081 6517
1082 4250
1083 6375
1084 1404
1085 10625
1086 2106
1087 3159
1088 704
1089 493
1090 598
1091 897
1092 836
1093 1495
1094 1254
1095 1881
1096 952
1097 2093
1098 2090
1099 3135
1100 1428
1101 5225
1102 2142
1103 3213
1104 1040
1105 3289
1106 2926
1107 4389
1108 2380
1109 7315
1110 3570
1111 5355
1112 1560
1113 10241
1114 5950
1115 8925
1116 2340
1117 14875
1118 3510
1119 5265
1120 1056
1121 3887
1122 4598
1123 6897
1124 3332
1125 11495
1126 4998
1127 7497
1128 2600
1129 16093
1130 8330
1131 12495
1132 3900
1133 20825
1134 5850
1135 8775
1136 1584
1137 25289
1138 11662
1139 17493
1140 6500
1141 29155
1142 9750
1143 14625
1144 2376
1145 40817
1146 16250
1147 24375
1148 3564
1149 40625
1150 5346
1151 8019
1152 896
1153 551
1154 782
1155 1173
1156 988
1157 1955
1158 1482
1159 2223
1160 1496
1161 2737
1162 2470
1163 3705
1164 2244
1165 6175
1166 3366
1167 5049
1168 1456
1169 4301
1170 3458
1171 5187
1172 3740
1173 8645
1174 5610
1175 8415
1176 2184
1177 12103
1178 9350
1179 14025
1180 3276
1181 23375
1182 4914
1183 7371
1184 1760
1185 5083
1186 5434
1187 8151
1188 5236
1189 13585
1190 7854
1191 11781
1192 3640
1193 19019
1194 13090
1195 19635
1196 5460
1197 32725
1198 8190
1199 12285
1200 2640
1201 29887
1202 18326
1203 27489
1204 9100
1205 45815
1206 13650
1207 20475
1208 3960
1209 64141
1210 22750
1211 34125
1212 5940
1213 56875
1214 8910
1215 13365
1216 1344
1217 6647
1218 6422
1219 9633
1220 8228
1221 16055
1222 12342
1223 18513
1224 5096
1225 22477
1226 20570
1227 30855
1228 7644
1229 51425
1230 11466
1231 17199
1232 4400
1233 35321
1234 28798
1235 43197
1236 12740
1237 71995
1238 19110
1239 28665
1240 6600
1241 100793
1242 31850
1243 47775
1244 9900
1245 79625
1246 14850
1247 22275
1248 2016
1249 41743
1250 45254
1251 67881
1252 17836
1253 113135
1254 26754
1255 40131
1256 11000
1257 158389
1258 44590
1259 66885
1260 16500
1261 111475
1262 24750
1263 37125
1264 3024
1265 248897
1266 62426
1267 93639
1268 27500
1269 156065
1270 41250
1271 61875
1272 4536
1273 218491
1274 68750
1275 103125
1276 6804
1277 171875
1278 10206
1279 15309
1280 1280
1281 667
1282 874
1283 1311
1284 1292
1285 2185
1286 1938
1287 2907
1288 1768
1289 3059
1290 3230
1291 4845
1292 2652
1293 8075
1294 3978
1295 5967
1296 2288
1297 4807
1298 4522
1299 6783
1300 4420
1301 11305
1302 6630
1303 9945
1304 3432
1305 15827
1306 11050
1307 16575
1308 5148
1309 27625
1310 7722
1311 11583
1312 2464
1313 5681
1314 7106
1315 10659
1316 6188
1317 17765
1318 9282
1319 13923
1320 5720
1321 24871
1322 15470
1323 23205
1324 8580
1325 38675
1326 12870
1327 19305
1328 3696
1329 39083
1330 21658
1331 32487
1332 14300
1333 54145
1334 21450
1335 32175
1336 5544
1337 75803
1338 35750
1339 53625
1340 8316
1341 89375
1342 12474
1343 18711
1344 2240
1345 7429
1346 8398
1347 12597
1348 9724
1349 20995
1350 14586
1351 21879
1352 8008
1353 29393
1354 24310
1355 36465
1356 12012
1357 60775
1358 18018
1359 27027
1360 6160
1361 46189
1362 34034
1363 51051
1364 20020
1365 85085
1366 30030
1367 45045
1368 9240
1369 119119
1370 50050
1371 75075
1372 13860
1373 125125
1374 20790
1375 31185
1376 3360
1377 54587
1378 53482
1379 80223
1380 28028
1381 133705
1382 42042
1383 63063
1384 15400
1385 187187
1386 70070
1387 105105
1388 23100
1389 175175
1390 34650
1391 51975
1392 5040
1393 294151
1394 98098
1395 147147
1396 38500
1397 245245
1398 57750
1399 86625
1400 7560
1401 343343
1402 96250
1403 144375
1404 11340
1405 240625
1406 17010
1407 25515
1408 1920
1409 8303
1410 10982
1411 16473
1412 11492
1413 27455
1414 17238
1415 25857
1416 12584
1417 38437
1418 28730
1419 43095
1420 18876
1421 71825
1422 28314
1423 42471
1424 8624
1425 60401
1426 40222
1427 60333
1428 31460
1429 100555
1430 47190
1431 70785
1432 12936
1433 140777
1434 78650
1435 117975
1436 19404
1437 196625
1438 29106
1439 43659
1440 5600
1441 71383
1442 63206
1443 94809
1444 44044
1445 158015
1446 66066
1447 99099
1448 21560
1449 221221
1450 110110
1451 165165
1452 32340
1453 275275
1454 48510
1455 72765
1456 8400
1457 347633
1458 154154
1459 231231
1460 53900
1461 385385
1462 80850
1463 121275
1464 12600
1465 539539
1466 134750
1467 202125
1468 18900
1469 336875
1470 28350
1471 42525
1472 2880
1473 93347
1474 74698
1475 112047
1476 69212
1477 186745
1478 103818
1479 155727
1480 30184
1481 261443
1482 173030
1483 259545
1484 45276
1485 432575
1486 67914
1487 101871
1488 14000
1489 410839
1490 242242
1491 363363
1492 75460
1493 605605
1494 113190
1495 169785
1496 21000
1497 847847
1498 188650
1499 282975
1500 31500
1501 471625
1502 47250
1503 70875
1504 4320
1505 485537
1506 380666
1507 570999
1508 105644
1509 951665
1510 158466
1511 237699
1512 35000
1513 1332331
1514 264110
1515 396165
1516 52500
1517 660275
1518 78750
1519 118125
1520 6480
1521 2093663
1522 369754
1523 554631
1524 87500
1525 924385
1526 131250
1527 196875
1528 9720
1529 1294139
1530 218750
1531 328125
1532 14580
1533 546875
1534 21870
1535 32805
1536 1536
1537 841
1538 1058
1539 1587
1540 1444
1541 2645
1542 2166
1543 3249
1544 2312
1545 3703
1546 3610
1547 5415
1548 3468
1549 9025
1550 5202
1551 7803
1552 2704
1553 5819
1554 5054
1555 7581
1556 5780
1557 12635
1558 8670
1559 13005
1560 4056
1561 17689
1562 14450
1563 21675
1564 6084
1565 36125
1566 9126
1567 13689
1568 3872
1569 6877
1570 7942
1571 11913
1572 8092
1573 19855
1574 12138
1575 18207
1576 6760
1577 27797
1578 20230
1579 30345
1580 10140
1581 50575
1582 15210
1583 22815
1584 5808
1585 43681
1586 28322
1587 42483
1588 16900
1589 70805
1590 25350
1591 38025
1592 8712
1593 99127
1594 42250
1595 63375
1596 13068
1597 105625
1598 19602
1599 29403
1600 3136
1601 8993
1602 9386
1603 14079
1604 12716
1605 23465
1606 19074
1607 28611
1608 9464
1609 32851
1610 31790
1611 47685
1612 14196
1613 79475
1614 21294
1615 31941
1616 9680
1617 51623
1618 44506
1619 66759
1620 23660
1621 111265
1622 35490
1623 53235
1624 14520
1625 155771
1626 59150
1627 88725
1628 21780
1629 147875
1630 32670
1631 49005
1632 4704
1633 61009
1634 69938
1635 104907
1636 33124
1637 174845
1638 49686
1639 74529
1640 24200
1641 244783
1642 82810
1643 124215
1644 36300
1645 207025
1646 54450
1647 81675
1648 7056
1649 384659
1650 115934
1651 173901
1652 60500
1653 289835
1654 90750
1655 136125
1656 10584
1657 405769
1658 151250
1659 226875
1660 15876
1661 378125
1662 23814
1663 35721
1664 3200
1665 10051
1666 12274
1667 18411
1668 15028
1669 30685
1670 22542
1671 33813
1672 14872
1673 42959
1674 37570
1675 56355
1676 22308
1677 93925
1678 33462
1679 50193
1680 13552
1681 67507
1682 52598
1683 78897
1684 37180
1685 131495
1686 55770
1687 83655
1688 20328
1689 184093
1690 92950
1691 139425
1692 30492
1693 232375
1694 45738
1695 68607
1696 7840
1697 79781
1698 82654
1699 123981
1700 52052
1701 206635
1702 78078
1703 117117
1704 33880
1705 289289
1706 130130
1707 195195
1708 50820
1709 325325
1710 76230
1711 114345
1712 11760
1713 454597
1714 182182
1715 273273
1716 84700
1717 455455
1718 127050
1719 190575
1720 17640
1721 637637
1722 211750
1723 317625
1724 26460
1725 529375
1726 39690
1727 59535
1728 4800
1729 104329
1730 97682
1731 146523
1732 81796
1733 244205
1734 122694
1735 184041
1736 47432
1737 341887
1738 204490
1739 306735
1740 71148
1741 511225
1742 106722
1743 160083
1744 19600
1745 537251
1746 286286
1747 429429
1748 118580
1749 715715
1750 177870
1751 266805
1752 29400
1753 1002001
1754 296450
1755 444675
1756 44100
1757 741125
1758 66150
1759 99225
1760 7200
1761 634933
1762 449878
1763 674817
1764 166012
1765 1124695
1766 249018
1767 373527
1768 49000
1769 1574573
1770 415030
1771 622545
1772 73500
1773 1037575
1774 110250
1775 165375
1776 10800
1777 2474329
1778 581042
1779 871563
1780 122500
1781 1452605
1782 183750
1783 275625
1784 16200
1785 2033647
1786 306250
1787 459375
1788 24300
1789 765625
1790 36450
1791 54675
1792 2304
1793 12167
1794 13718
1795 20577
1796 19652
1797 34295
1798 29478
1799 44217
1800 17576
1801 48013
1802 49130
1803 73695
1804 26364
1805 122825
1806 39546
1807 59319
1808 21296
1809 75449
1810 68782
1811 103173
1812 43940
1813 171955
1814 65910
1815 98865
1816 31944
1817 240737
1818 109850
1819 164775
1820 47916
1821 274625
1822 71874
1823 107811
1824 10976
1825 89167
1826 108086
1827 162129
1828 61516
1829 270215
1830 92274
1831 138411
1832 53240
1833 378301
1834 153790
1835 230685
1836 79860
1837 384475
1838 119790
1839 179685
1840 16464
1841 594473
1842 215306
1843 322959
1844 133100
1845 538265
1846 199650
1847 299475
1848 24696
1849 753571
1850 332750
1851 499125
1852 37044
1853 831875
1854 55566
1855 83349
1856 8000
1857 116603
1858 127738
1859 191607
1860 96668
1861 319345
1862 145002
1863 217503
1864 74536
1865 447083
1866 241670
1867 362505
1868 111804
1869 604175
1870 167706
1871 251559
1872 27440
1873 702559
1874 338338
1875 507507
1876 186340
1877 845845
1878 279510
1879 419265
1880 41160
1881 1184183
1882 465850
1883 698775
1884 61740
1885 1164625
1886 92610
1887 138915
1888 12000
1889 830297
1890 531674
1891 797511
1892 260876
1893 1329185
1894 391314
1895 586971
1896 68600
1897 1860859
1898 652190
1899 978285
1900 102900
1901 1630475
1902 154350
1903 231525
1904 18000
1905 2924207
1906 913066
1907 1369599
1908 171500
1909 2282665
1910 257250
1911 385875
1912 27000
1913 3195731
1914 428750
1915 643125
1916 40500
1917 1071875
1918 60750
1919 91125
1920 3456
1921 130321
1922 167042
1923 250563
1924 114244
1925 417605
1926 171366
1927 257049
1928 117128
1929 584647
1930 285610
1931 428415
1932 175692
1933 714025
1934 263538
1935 395307
1936 38416
1937 918731
1938 399854
1939 599781
1940 292820
1941 999635
1942 439230
1943 658845
1944 57624
1945 1399489
1946 732050
1947 1098075
1948 86436
1949 1830125
1950 129654
1951 194481
1952 20000
1953 1085773
1954 628342
1955 942513
1956 409948
1957 1570855
1958 614922
1959 922383
1960 96040
1961 2199197
1962 1024870
1963 1537305
1964 144060
1965 2562175
1966 216090
1967 324135
1968 30000
1969 3455881
1970 1434818
1971 2152227
1972 240100
1973 3587045
1974 360150
1975 540225
1976 45000
1977 5021863
1978 600250
1979 900375
1980 67500
1981 1500625
1982 101250
1983 151875
1984 5184
1985 1419857
1986 742586
1987 1113879
1988 644204
1989 1856465
1990 966306
1991 1449459
1992 134456
1993 2599051
1994 1610510
1995 2415765
1996 201684
1997 4026275
1998 302526
1999 453789
2000 50000
2001 4084223
2002 2254714
2003 3382071
2004 336140
2005 5636785
2006 504210
2007 756315
2008 75000
2009 7891499
2010 840350
2011 1260525
2012 112500
2013 2100875
2014 168750
2015 253125
2016 7776
2017 4826809
2018 3543122
2019 5314683
2020 470596
2021 8857805
2022 705894
2023 1058841
2024 125000
2025 12400927
2026 1176490
2027 1764735
2028 187500
2029 2941225
2030 281250
2031 421875
2032 11664
2033 19487171
2034 1647086
2035 2470629
2036 312500
2037 4117715
2038 468750
2039 703125
2040 17496
2041 5764801
2042 781250
2043 1171875
2044 26244
2045 1953125
2046 39366
2047 59049
2048 2048
2049 37
2050 62
2051 93
2052 116
2053 155
2054 174
2055 261
2056 184
2057 217
2058 290
2059 435
2060 276
2061 725
2062 414
2063 621
2064 304
2065 341
2066 406
2067 609
2068 460
2069 1015
2070 690
2071 1035
2072 456
2073 1421
2074 1150
2075 1725
2076 684
2077 2875
2078 1026
2079 1539
2080 544
2081 403
2082 638
2083 957
2084 644
2085 1595
2086 966
2087 1449
2088 760
2089 2233
2090 1610
2091 2415
2092 1140
2093 4025
2094 1710
2095 2565
2096 816
2097 3509
2098 2254
2099 3381
2100 1900
2101 5635
2102 2850
2103 4275
2104 1224
2105 7889
2106 4750
2107 7125
2108 1836
2109 11875
2110 2754
2111 4131
2112 832
2113 527
2114 754
2115 1131
2116 1012
2117 1885
2118 1518
2119 2277
2120 1064
2121 2639
2122 2530
2123 3795
2124 1596
2125 6325
2126 2394
2127 3591
2128 1360
2129 4147
2130 3542
2131 5313
2132 2660
2133 8855
2134 3990
2135 5985
2136 2040
2137 12397
2138 6650
2139 9975
2140 3060
2141 16625
2142 4590
2143 6885
2144 1248
2145 4901
2146 5566
2147 8349
2148 3724
2149 13915
2150 5586
2151 8379
2152 3400
2153 19481
2154 9310
2155 13965
2156 5100
2157 23275
2158 7650
2159 11475
2160 1872
2161 30613
2162 13034
2163 19551
2164 8500
2165 32585
2166 12750
2167 19125
2168 2808
2169 45619
2170 21250
2171 31875
2172 4212
2173 53125
2174 6318
2175 9477
2176 1408
2177 589
2178 986
2179 1479
2180 1196
2181 2465
2182 1794
2183 2691
2184 1672
2185 3451
2186 2990
2187 4485
2188 2508
2189 7475
2190 3762
2191 5643
2192 1904
2193 5423
2194 4186
2195 6279
2196 4180
2197 10465
2198 6270
2199 9405
2200 2856
2201 14651
2202 10450
2203 15675
2204 4284
2205 26125
2206 6426
2207 9639
2208 2080
2209 6409
2210 6578
2211 9867
2212 5852
2213 16445
2214 8778
2215 13167
2216 4760
2217 23023
2218 14630
2219 21945
2220 7140
2221 36575
2222 10710
2223 16065
2224 3120
2225 36179
2226 20482
2227 30723
2228 11900
2229 51205
2230 17850
2231 26775
2232 4680
2233 71687
2234 29750
2235 44625
2236 7020
2237 74375
2238 10530
2239 15795
2240 2112
2241 8381
2242 7774
2243 11661
2244 9196
2245 19435
2246 13794
2247 20691
2248 6664
2249 27209
2250 22990
2251 34485
2252 9996
2253 57475
2254 14994
2255 22491
2256 5200
2257 42757
2258 32186
2259 48279
2260 16660
2261 80465
2262 24990
2263 37485
2264 7800
2265 112651
2266 41650
2267 62475
2268 11700
2269 104125
2270 17550
2271 26325
2272 3168
2273 50531
2274 50578
2275 75867
2276 23324
2277 126445
2278 34986
2279 52479
2280 13000
2281 177023
2282 58310
2283 87465
2284 19500
2285 145775
2286 29250
2287 43875
2288 4752
2289 278179
2290 81634
2291 122451
2292 32500
2293 204085
2294 48750
2295 73125
2296 7128
2297 285719
2298 81250
2299 121875
2300 10692
2301 203125
2302 16038
2303 24057
2304 1792
2305 713
2306 1102
2307 1653
2308 1564
2309 2755
2310 2346
2311 3519
2312 1976
2313 3857
2314 3910
2315 5865
2316 2964
2317 9775
2318 4446
2319 6669
2320 2992
2321 6061
2322 5474
2323 8211
2324 4940
2325 13685
2326 7410
2327 11115
2328 4488
2329 19159
2330 12350
2331 18525
2332 6732
2333 30875
2334 10098
2335 15147
2336 2912
2337 7163
2338 8602
2339 12903
2340 6916
2341 21505
2342 10374
2343 15561
2344 7480
2345 30107
2346 17290
2347 25935
2348 11220
2349 43225
2350 16830
2351 25245
2352 4368
2353 47311
2354 24206
2355 36309
2356 18700
2357 60515
2358 28050
2359 42075
2360 6552
2361 84721
2362 46750
2363 70125
2364 9828
2365 116875
2366 14742
2367 22113
2368 3520
2369 9367
2370 10166
2371 15249
2372 10868
2373 25415
2374 16302
2375 24453
2376 10472
2377 35581
2378 27170
2379 40755
2380 15708
2381 67925
2382 23562
2383 35343
2384 7280
2385 55913
2386 38038
2387 57057
2388 26180
2389 95095
2390 39270
2391 58905
2392 10920
2393 133133
2394 65450
2395 98175
2396 16380
2397 163625
2398 24570
2399 36855
2400 5280
2401 66079
2402 59774
2403 89661
2404 36652
2405 149435
2406 54978
2407 82467
2408 18200
2409 209209
2410 91630
2411 137445
2412 27300
2413 229075
2414 40950
2415 61425
2416 7920
2417 328757
2418 128282
2419 192423
2420 45500
2421 320705
2422 68250
2423 102375
2424 11880
2425 448987
2426 113750
2427 170625
2428 17820
2429 284375
2430 26730
2431 40095
2432 2688
2433 10469
2434 13294
2435 19941
2436 12844
2437 33235
2438 19266
2439 28899
2440 16456
2441 46529
2442 32110
2443 48165
2444 24684
2445 80275
2446 37026
2447 55539
2448 10192
2449 73117
2450 44954
2451 67431
2452 41140
2453 112385
2454 61710
2455 92565
2456 15288
2457 157339
2458 102850
2459 154275
2460 22932
2461 257125
2462 34398
2463 51597
2464 8800
2465 86411
2466 70642
2467 105963
2468 57596
2469 176605
2470 86394
2471 129591
2472 25480
2473 247247
2474 143990
2475 215985
2476 38220
2477 359975
2478 57330
2479 85995
2480 13200
2481 388531
2482 201586
2483 302379
2484 63700
2485 503965
2486 95550
2487 143325
2488 19800
2489 705551
2490 159250
2491 238875
2492 29700
2493 398125
2494 44550
2495 66825
2496 4032
2497 112999
2498 83486
2499 125229
2500 90508
2501 208715
2502 135762
2503 203643
2504 35672
2505 292201
2506 226270
2507 339405
2508 53508
2509 565675
2510 80262
2511 120393
2512 22000
2513 459173
2514 316778
2515 475167
2516 89180
2517 791945
2518 133770
2519 200655
2520 33000
2521 1108723
2522 222950
2523 334425
2524 49500
2525 557375
2526 74250
2527 111375
2528 6048
2529 542659
2530 497794
2531 746691
2532 124852
2533 1244485
2534 187278
2535 280917
2536 55000
2537 1742279
2538 312130
2539 468195
2540 82500
2541 780325
2542 123750
2543 185625
2544 9072
2545 2737867
2546 436982
2547 655473
2548 137500
2549 1092455
2550 206250
2551 309375
2552 13608
2553 1529437
2554 343750
2555 515625
2556 20412
2557 859375
2558 30618
2559 45927
2560 2560
2561 899
2562 1334
2563 2001
2564 1748
2565 3335
2566 2622
2567 3933
2568 2584
2569 4669
2570 4370
2571 6555
2572 3876
2573 10925
2574 5814
2575 8721
2576 3536
2577 7337
2578 6118
2579 9177
2580 6460
2581 15295
2582 9690
2583 14535
2584 5304
2585 21413
2586 16150
2587 24225
2588 7956
2589 40375
2590 11934
2591 17901
2592 4576
2593 8671
2594 9614
2595 14421
2596 9044
2597 24035
2598 13566
2599 20349
2600 8840
2601 33649
2602 22610
2603 33915
2604 13260
2605 56525
2606 19890
2607 29835
2608 6864
2609 52877
2610 31654
2611 47481
2612 22100
2613 79135
2614 33150
2615 49725
2616 10296
2617 110789
2618 55250
2619 82875
2620 15444
2621 138125
2622 23166
2623 34749
2624 4928
2625 11339
2626 11362
2627 17043
2628 14212
2629 28405
2630 21318
2631 31977
2632 12376
2633 39767
2634 35530
2635 53295
2636 18564
2637 88825
2638 27846
2639 41769
2640 11440
2641 62491
2642 49742
2643 74613
2644 30940
2645 124355
2646 46410
2647 69615
2648 17160
2649 174097
2650 77350
2651 116025
2652 25740
2653 193375
2654 38610
2655 57915
2656 7392
2657 73853
2658 78166
2659 117249
2660 43316
2661 195415
2662 64974
2663 97461
2664 28600
2665 273581
2666 108290
2667 162435
2668 42900
2669 270725
2670 64350
2671 96525
2672 11088
2673 429913
2674 151606
2675 227409
2676 71500
2677 379015
2678 107250
2679 160875
2680 16632
2681 530621
2682 178750
2683 268125
2684 24948
2685 446875
2686 37422
2687 56133
2688 4480
2689 12673
2690 14858
2691 22287
2692 16796
2693 37145
2694 25194
2695 37791
2696 19448
2697 52003
2698 41990
2699 62985
2700 29172
2701 104975
2702 43758
2703 65637
2704 16016
2705 81719
2706 58786
2707 88179
2708 48620
2709 146965
2710 72930
2711 109395
2712 24024
2713 205751
2714 121550
2715 182325
2716 36036
2717 303875
2718 54054
2719 81081
2720 12320
2721 96577
2722 92378
2723 138567
2724 68068
2725 230945
2726 102102
2727 153153
2728 40040
2729 323323
2730 170170
2731 255255
2732 60060
2733 425425
2734 90090
2735 135135
2736 18480
2737 508079
2738 238238
2739 357357
2740 100100
2741 595595
2742 150150
2743 225225
2744 27720
2745 833833
2746 250250
2747 375375
2748 41580
2749 625625
2750 62370
2751 93555
2752 6720
2753 126293
2754 109174
2755 163761
2756 106964
2757 272935
2758 160446
2759 240669
2760 56056
2761 382109
2762 267410
2763 401115
2764 84084
2765 668525
2766 126126
2767 189189
2768 30800
2769 600457
2770 374374
2771 561561
2772 140140
2773 935935
2774 210210
2775 315315
2776 46200
2777 1310309
2778 350350
2779 525525
2780 69300
2781 875875
2782 103950
2783 155925
2784 10080
2785 709631
2786 588302
2787 882453
2788 196196
2789 1470755
2790 294294
2791 441441
2792 77000
2793 2059057
2794 490490
2795 735735
2796 115500
2797 1226225
2798 173250
2799 259875
2800 15120
2801 3235661
2802 686686
2803 1030029
2804 192500
2805 1716715
2806 288750
2807 433125
2808 22680
2809 2403401
2810 481250
2811 721875
2812 34020
2813 1203125
2814 51030
2815 76545
2816 3840
2817 15341
2818 16606
2819 24909
2820 21964
2821 41515
2822 32946
2823 49419
2824 22984
2825 58121
2826 54910
2827 82365
2828 34476
2829 137275
2830 51714
2831 77571
2832 25168
2833 91333
2834 76874
2835 115311
2836 57460
2837 192185
2838 86190
2839 129285
2840 37752
2841 269059
2842 143650
2843 215475
2844 56628
2845 359125
2846 84942
2847 127413
2848 17248
2849 107939
2850 120802
2851 181203
2852 80444
2853 302005
2854 120666
2855 180999
2856 62920
2857 422807
2858 201110
2859 301665
2860 94380
2861 502775
2862 141570
2863 212355
2864 25872
2865 664411
2866 281554
2867 422331
2868 157300
2869 703885
2870 235950
2871 353925
2872 38808
2873 985439
2874 393250
2875 589875
2876 58212
2877 983125
2878 87318
2879 130977
2880 11200
2881 141151
2882 142766
2883 214149
2884 126412
2885 356915
2886 189618
2887 284427
2888 88088
2889 499681
2890 316030
2891 474045
2892 132132
2893 790075
2894 198198
2895 297297
2896 43120
2897 785213
2898 442442
2899 663663
2900 220220
2901 1106105
2902 330330
2903 495495
2904 64680
2905 1548547
2906 550550
2907 825825
2908 97020
2909 1376375
2910 145530
2911 218295
2912 16800
2913 927979
2914 695266
2915 1042899
2916 308308
2917 1738165
2918 462462
2919 693693
2920 107800
2921 2433431
2922 770770
2923 1156155
2924 161700
2925 1926925
2926 242550
2927 363825
2928 25200
2929 3823963
2930 1079078
2931 1618617
2932 269500
2933 2697695
2934 404250
2935 606375
2936 37800
2937 3776773
2938 673750
2939 1010625
2940 56700
2941 1684375
2942 85050
2943 127575
2944 5760
2945 157757
2946 186694
2947 280041
2948 149396
2949 466735
2950 224094
2951 336141
2952 138424
2953 653429
2954 373490
2955 560235
2956 207636
2957 933725
2958 311454
2959 467181
2960 60368
2961 1026817
2962 522886
2963 784329
2964 346060
2965 1307215
2966 519090
2967 778635
2968 90552
2969 1830101
2970 865150
2971 1297725
2972 135828
2973 2162875
2974 203742
2975 305613
2976 28000
2977 1213511
2978 821678
2979 1232517
2980 484484
2981 2054195
2982 726726
2983 1090089
2984 150920
2985 2875873
2986 1211210
2987 1816815
2988 226380
2989 3028025
2990 339570
2991 509355
2992 42000
2993 4519229
2994 1695694
2995 2543541
2996 377300
2997 4239235
2998 565950
2999 848925
3000 63000
3001 5934929
3002 943250
3003 1414875
3004 94500
3005 2358125
3006 141750
3007 212625
3008 8640
3009 1586899
3010 971074
3011 1456611
3012 761332
3013 2427685
3014 1141998
3015 1712997
3016 211288
3017 3398759
3018 1903330
3019 2854995
3020 316932
3021 4758325
3022 475398
3023 713097
3024 70000
3025 5340907
3026 2664662
3027 3996993
3028 528220
3029 6661655
3030 792330
3031 1188495
3032 105000
3033 9326317
3034 1320550
3035 1980825
3036 157500
3037 3301375
3038 236250
3039 354375
3040 12960
3041 6311981
3042 4187326
3043 6280989
3044 739508
3045 10468315
3046 1109262
3047 1663893
3048 175000
3049 14655641
3050 1848770
3051 2773155
3052 262500
3053 4621925
3054 393750
3055 590625
3056 19440
3057 23030293
3058 2588278
3059 3882417
3060 437500
3061 6470695
3062 656250
3063 984375
3064 29160
3065 9058973
3066 1093750
3067 1640625
3068 43740
3069 2734375
3070 65610
3071 98415
3072 3072
3073 961
3074 1682
3075 2523
3076 2116
3077 4205
3078 3174
3079 4761
3080 2888
3081 5887
3082 5290
3083 7935
3084 4332
3085 13225
3086 6498
3087 9747
3088 4624
3089 9251
3090 7406
3091 11109
3092 7220
3093 18515
3094 10830
3095 16245
3096 6936
3097 25921
3098 18050
3099 27075
3100 10404
3101 45125
3102 15606
3103 23409
3104 5408
3105 10933
3106 11638
3107 17457
3108 10108
3109 29095
3110 15162
3111 22743
3112 11560
3113 40733
3114 25270
3115 37905
3116 17340
3117 63175
3118 26010
3119 39015
3120 8112
3121 64009
3122 35378
3123 53067
3124 28900
3125 88445
3126 43350
3127 65025
3128 12168
3129 123823
3130 72250
3131 108375
3132 18252
3133 180625
3134 27378
3135 41067
3136 7744
3137 14297
3138 13754
3139 20631
3140 15884
3141 34385
3142 23826
3143 35739
3144 16184
3145 48139
3146 39710
3147 59565
3148 24276
3149 99275
3150 36414
3151 54621
3152 13520
3153 75647
3154 55594
3155 83391
3156 40460
3157 138985
3158 60690
3159 91035
3160 20280
3161 194579
3162 101150
3163 151725
3164 30420
3165 252875
3166 45630
3167 68445
3168 11616
3169 89401
3170 87362
3171 131043
3172 56644
3173 218405
3174 84966
3175 127449
3176 33800
3177 305767
3178 141610
3179 212415
3180 50700
3181 354025
3182 76050
3183 114075
3184 17424
3185 480491
3186 198254
3187 297381
3188 84500
3189 495635
3190 126750
3191 190125
3192 26136
3193 693889
3194 211250
3195 316875
3196 39204
3197 528125
3198 58806
3199 88209
3200 6272
3201 15979
3202 17986
3203 26979
3204 18772
3205 44965
3206 28158
3207 42237
3208 25432
3209 62951
3210 46930
3211 70395
3212 38148
3213 117325
3214 57222
3215 85833
3216 18928
3217 98923
3218 65702
3219 98553
3220 63580
3221 164255
3222 95370
3223 143055
3224 28392
3225 229957
3226 158950
3227 238425
3228 42588
3229 397375
3230 63882
3231 95823
3232 19360
3233 116909
3234 103246
3235 154869
3236 89012
3237 258115
3238 133518
3239 200277
3240 47320
3241 361361
3242 222530
3243 333795
3244 70980
3245 556325
3246 106470
3247 159705
3248 29040
3249 567853
3250 311542
3251 467313
3252 118300
3253 778855
3254 177450
3255 266175
3256 43560
3257 1090397
3258 295750
3259 443625
3260 65340
3261 739375
3262 98010
3263 147015
3264 9408
3265 152881
3266 122018
3267 183027
3268 139876
3269 305045
3270 209814
3271 314721
3272 66248
3273 427063
3274 349690
3275 524535
3276 99372
3277 874225
3278 149058
3279 223587
3280 48400
3281 671099
3282 489566
3283 734349
3284 165620
3285 1223915
3286 248430
3287 372645
3288 72600
3289 1713481
3290 414050
3291 621075
3292 108900
3293 1035125
3294 163350
3295 245025
3296 14112
3297 793117
3298 769318
3299 1153977
3300 231868
3301 1923295
3302 347802
3303 521703
3304 121000
3305 2692613
3306 579670
3307 869505
3308 181500
3309 1449175
3310 272250
3311 408375
3312 21168
3313 4231249
3314 811538
3315 1217307
3316 302500
3317 2028845
3318 453750
3319 680625
3320 31752
3321 2840383
3322 756250
3323 1134375
3324 47628
3325 1890625
3326 71442
3327 107163
3328 6400
3329 19343
3330 20102
3331 30153
3332 24548
3333 50255
3334 36822
3335 55233
3336 30056
3337 70357
3338 61370
3339 92055
3340 45084
3341 153425
3342 67626
3343 101439
3344 29744
3345 110561
3346 85918
3347 128877
3348 75140
3349 214795
3350 112710
3351 169065
3352 44616
3353 300713
3354 187850
3355 281775
3356 66924
3357 469625
3358 100386
3359 150579
3360 27104
3361 130663
3362 135014
3363 202521
3364 105196
3365 337535
3366 157794
3367 236691
3368 74360
3369 472549
3370 262990
3371 394485
3372 111540
3373 657475
3374 167310
3375 250965
3376 40656
3377 742577
3378 368186
3379 552279
3380 185900
3381 920465
3382 278850
3383 418275
3384 60984
3385 1288651
3386 464750
3387 697125
3388 91476
3389 1161875
3390 137214
3391 205821
3392 15680
3393 170867
3394 159562
3395 239343
3396 165308
3397 398905
3398 247962
3399 371943
3400 104104
3401 558467
3402 413270
3403 619905
3404 156156
3405 1033175
3406 234234
3407 351351
3408 67760
3409 877591
3410 578578
3411 867867
3412 260260
3413 1446445
3414 390390
3415 585585
3416 101640
3417 2025023
3418 650650
3419 975975
3420 152460
3421 1626625
3422 228690
3423 343035
3424 23520
3425 1037153
3426 909194
3427 1363791
3428 364364
3429 2272985
3430 546546
3431 819819
3432 169400
3433 3182179
3434 910910
3435 1366365
3436 254100
3437 2277275
3438 381150
3439 571725
3440 35280
3441 5000567
3442 1275274
3443 1912911
3444 423500
3445 3188185
3446 635250
3447 952875
3448 52920
3449 4463459
3450 1058750
3451 1588125
3452 79380
3453 2646875
3454 119070
3455 178605
3456 9600
3457 190969
3458 208658
3459 312987
3460 195364
3461 521645
3462 293046
3463 439569
3464 163592
3465 730303
3466 488410
3467 732615
3468 245388
3469 1221025
3470 368082
3471 552123
3472 94864
3473 1147619
3474 683774
3475 1025661
3476 408980
3477 1709435
3478 613470
3479 920205
3480 142296
3481 2393209
3482 1022450
3483 1533675
3484 213444
3485 2556125
3486 320166
3487 480249
3488 39200
3489 1356277
3490 1074502
3491 1611753
3492 572572
3493 2686255
3494 858858
3495 1288287
3496 237160
3497 3760757
3498 1431430
3499 2147145
3500 355740
3501 3578575
3502 533610
3503 800415
3504 58800
3505 5909761
3506 2004002
3507 3006003
3508 592900
3509 5010005
3510 889350
3511 1334025
3512 88200
3513 7014007
3514 1482250
3515 2223375
3516 132300
3517 3705625
3518 198450
3519 297675
3520 14400
3521 1773593
3522 1269866
3523 1904799
3524 899756
3525 3174665
3526 1349634
3527 2024451
3528 332024
3529 4444531
3530 2249390
3531 3374085
3532 498036
3533 5623475
3534 747054
3535 1120581
3536 98000
3537 6984263
3538 3149146
3539 4723719
3540 830060
3541 7872865
3542 1245090
3543 1867635
3544 147000
3545 11022011
3546 2075150
3547 3112725
3548 220500
3549 5187875
3550 330750
3551 496125
3552 21600
3553 8254129
3554 4948658
3555 7422987
3556 1162084
3557 12371645
3558 1743126
3559 2614689
3560 245000
3561 17320303
3562 2905210
3563 4357815
3564 367500
3565 7263025
3566 551250
3567 826875
3568 32400
3569 27217619
3570 4067294
3571 6100941
3572 612500
3573 10168235
3574 918750
3575 1378125
3576 48600
3577 14235529
3578 1531250
3579 2296875
3580 72900
3581 3828125
3582 109350
3583 164025
3584 4608
3585 24389
3586 24334
3587 36501
3588 27436
3589 60835
3590 41154
3591 61731
3592 39304
3593 85169
3594 68590
3595 102885
3596 58956
3597 171475
3598 88434
3599 132651
3600 35152
3601 133837
3602 96026
3603 144039
3604 98260
3605 240065
3606 147390
3607 221085
3608 52728
3609 336091
3610 245650
3611 368475
3612 79092
3613 614125
3614 118638
3615 177957
3616 42592
3617 158171
3618 150898
3619 226347
3620 137564
3621 377245
3622 206346
3623 309519
3624 87880
3625 528143
3626 343910
3627 515865
3628 131820
3629 859775
3630 197730
3631 296595
3632 63888
3633 829939
3634 481474
3635 722211
3636 219700
3637 1203685
3638 329550
3639 494325
3640 95832
3641 1685159
3642 549250
3643 823875
3644 143748
3645 1373125
3646 215622
3647 323433
3648 21952
3649 206839
3650 178334
3651 267501
3652 216172
3653 445835
3654 324258
3655 486387
3656 123032
3657 624169
3658 540430
3659 810645
3660 184548
3661 1351075
3662 276822
3663 415233
3664 106480
3665 980837
3666 756602
3667 1134903
3668 307580
3669 1891505
3670 461370
3671 692055
3672 159720
3673 2648107
3674 768950
3675 1153425
3676 239580
3677 1922375
3678 359370
3679 539055
3680 32928
3681 1159171
3682 1188946
3683 1783419
3684 430612
3685 2972365
3686 645918
3687 968877
3688 266200
3689 4161311
3690 1076530
3691 1614795
3692 399300
3693 2691325
3694 598950
3695 898425
3696 49392
3697 6539203
3698 1507142
3699 2260713
3700 665500
3701 3767855
3702 998250
3703 1497375
3704 74088
3705 5274997
3706 1663750
3707 2495625
3708 111132
3709 4159375
3710 166698
3711 250047
3712 16000
3713 231173
3714 233206
3715 349809
3716 255476
3717 583015
3718 383214
3719 574821
3720 193336
3721 816221
3722 638690
3723 958035
3724 290004
3725 1596725
3726 435006
3727 652509
3728 149072
3729 1282633
3730 894166
3731 1341249
3732 483340
3733 2235415
3734 725010
3735 1087515
3736 223608
3737 3129581
3738 1208350
3739 1812525
3740 335412
3741 3020875
3742 503118
3743 754677
3744 54880
3745 1515839
3746 1405118
3747 2107677
3748 676676
3749 3512795
3750 1015014
3751 1522521
3752 372680
3753 4917913
3754 1691690
3755 2537535
3756 559020
3757 4229225
3758 838530
3759 1257795
3760 82320
3761 7728149
3762 2368366
3763 3552549
3764 931700
3765 5920915
3766 1397550
3767 2096325
3768 123480
3769 8289281
3770 2329250
3771 3493875
3772 185220
3773 5823125
3774 277830
3775 416745
3776 24000
3777 1982251
3778 1660594
3779 2490891
3780 1063348
3781 4151485
3782 1595022
3783 2392533
3784 521752
3785 5812079
3786 2658370
3787 3987555
3788 782628
3789 6645925
3790 1173942
3791 1760913
3792 137200
3793 9133267
3794 3721718
3795 5582577
3796 1304380
3797 9304295
3798 1956570
3799 2934855
3800 205800
3801 13026013
3802 3260950
3803 4891425
3804 308700
3805 8152375
3806 463050
3807 694575
3808 36000
3809 10793861
3810 5848414
3811 8772621
3812 1826132
3813 14621035
3814 2739198
3815 4108797
3816 343000
3817 20469449
3818 4565330
3819 6847995
3820 514500
3821 11413325
3822 771750
3823 1157625
3824 54000
3825 32166277
3826 6391462
3827 9587193
3828 857500
3829 15978655
3830 1286250
3831 1929375
3832 81000
3833 22370117
3834 2143750
3835 3215625
3836 121500
3837 5359375
3838 182250
3839 273375
3840 6912
3841 279841
3842 260642
3843 390963
3844 334084
3845 651605
3846 501126
3847 751689
3848 228488
3849 912247
3850 835210
3851 1252815
3852 342732
3853 2088025
3854 514098
3855 771147
3856 234256
3857 1433531
3858 1169294
3859 1753941
3860 571220
3861 2923235
3862 856830
3863 1285245
3864 351384
3865 4092529
3866 1428050
3867 2142075
3868 527076
3869 3570125
3870 790614
3871 1185921
3872 76832
3873 1694173
3874 1837462
3875 2756193
3876 799708
3877 4593655
3878 1199562
3879 1799343
3880 585640
3881 6431117
3882 1999270
3883 2998905
3884 878460
3885 4998175
3886 1317690
3887 1976535
3888 115248
3889 10106041
3890 2798978
3891 4198467
3892 1464100
3893 6997445
3894 2196150
3895 3294225
3896 172872
3897 9796423
3898 3660250
3899 5490375
3900 259308
3901 9150625
3902 388962
3903 583443
3904 40000
3905 2215457
3906 2171546
3907 3257319
3908 1256684
3909 5428865
3910 1885026
3911 2827539
3912 819896
3913 7600411
3914 3141710
3915 4712565
3916 1229844
3917 7854275
3918 1844766
3919 2767149
3920 192080
3921 11943503
3922 4398394
3923 6597591
3924 2049740
3925 10995985
3926 3074610
3927 4611915
3928 288120
3929 15394379
3930 5124350
3931 7686525
3932 432180
3933 12810875
3934 648270
3935 972405
3936 60000
3937 14115049
3938 6911762
3939 10367643
3940 2869636
3941 17279405
3942 4304454
3943 6456681
3944 480200
3945 24191167
3946 7174090
3947 10761135
3948 720300
3949 17935225
3950 1080450
3951 1620675
3952 90000
3953 38014691
3954 10043726
3955 15065589
3956 1200500
3957 25109315
3958 1800750
3959 2701125
3960 135000
3961 35153041
3962 3001250
3963 4501875
3964 202500
3965 7503125
3966 303750
3967 455625
3968 10368
3969 2476099
3970 2839714
3971 4259571
3972 1485172
3973 7099285
3974 2227758
3975 3341637
3976 1288408
3977 9938999
3978 3712930
3979 5569395
3980 1932612
3981 9282325
3982 2898918
3983 4348377
3984 268912
3985 15618427
3986 5198102
3987 7797153
3988 3221020
3989 12995255
3990 4831530
3991 7247295
3992 403368
3993 18193357
3994 8052550
3995 12078825
3996 605052
3997 20131375
3998 907578
3999 1361367
4000 100000
4001 18458141
4002 8168446
4003 12252669
4004 4509428
4005 20421115
4006 6764142
4007 10146213
4008 672280
4009 28589561
4010 11273570
4011 16910355
4012 1008420
4013 28183925
4014 1512630
4015 2268945
4016 150000
4017 44926453
4018 15782998
4019 23674497
4020 1680700
4021 39457495
4022 2521050
4023 3781575
4024 225000
4025 55240493
4026 4201750
4027 6302625
4028 337500
4029 10504375
4030 506250
4031 759375
4032 15552
4033 24137569
4034 9653618
4035 14480427
4036 7086244
4037 24134045
4038 10629366
4039 15944049
4040 941192
4041 33787663
4042 17715610
4043 26573415
4044 1411788
4045 44289025
4046 2117682
4047 3176523
4048 250000
4049 53094899
4050 24801854
4051 37202781
4052 2352980
4053 62004635
4054 3529470
4055 5294205
4056 375000
4057 86806489
4058 5882450
4059 8823675
4060 562500
4061 14706125
4062 843750
4063 1265625
4064 23328
4065 62748517
4066 38974342
4067 58461513
4068 3294172
4069 97435855
4070 4941258
4071 7411887
4072 625000
4073 136410197
4074 8235430
4075 12353145
4076 937500
4077 20588575
4078 1406250
4079 2109375
4080 34992
4081 214358881
4082 11529602
4083 17294403
4084 1562500
4085 28824005
4086 2343750
4087 3515625
4088 52488
4089 40353607
4090 3906250
4091 5859375
4092 78732
4093 9765625
4094 118098
4095 177147
4096 4096
4097 41
4098 74
4099 111
4100 124
4101 185
4102 186
4103 279
4104 232
4105 259
4106 310
4107 465
4108 348
4109 775
4110 522
4111 783
4112 368
4113 407
4114 434
4115 651
4116 580
4117 1085
4118 870
4119 1305
4120 552
4121 1519
4122 1450
4123 2175
4124 828
4125 3625
4126 1242
4127 1863
4128 608
4129 481
4130 682
4131 1023
4132 812
4133 1705
4134 1218
4135 1827
4136 920
4137 2387
4138 2030
4139 3045
4140 1380
4141 5075
4142 2070
4143 3105
4144 912
4145 3751
4146 2842
4147 4263
4148 2300
4149 7105
4150 3450
4151 5175
4152 1368
4153 9947
4154 5750
4155 8625
4156 2052
4157 14375
4158 3078
4159 4617
4160 1088
4161 629
4162 806
4163 1209
4164 1276
4165 2015
4166 1914
4167 2871
4168 1288
4169 2821
4170 3190
4171 4785
4172 1932
4173 7975
4174 2898
4175 4347
4176 1520
4177 4433
4178 4466
4179 6699
4180 3220
4181 11165
4182 4830
4183 7245
4184 2280
4185 15631
4186 8050
4187 12075
4188 3420
4189 20125
4190 5130
4191 7695
4192 1632
4193 5239
4194 7018
4195 10527
4196 4508
4197 17545
4198 6762
4199 10143
4200 3800
4201 24563
4202 11270
4203 16905
4204 5700
4205 28175
4206 8550
4207 12825
4208 2448
4209 38599
4210 15778
4211 23667
4212 9500
4213 39445
4214 14250
4215 21375
4216 3672
4217 55223
4218 23750
4219 35625
4220 5508
4221 59375
4222 8262
4223 12393
4224 1664
4225 703
4226 1054
4227 1581
4228 1508
4229 2635
4230 2262
4231 3393
4232 2024
4233 3689
4234 3770
4235 5655
4236 3036
4237 9425
4238 4554
4239 6831
4240 2128
4241 5797
4242 5278
4243 7917
4244 5060
4245 13195
4246 7590
4247 11385
4248 3192
4249 18473
4250 12650
4251 18975
4252 4788
4253 31625
4254 7182
4255 10773
4256 2720
4257 6851
4258 8294
4259 12441
4260 7084
4261 20735
4262 10626
4263 15939
4264 5320
4265 29029
4266 17710
4267 26565
4268 7980
4269 44275
4270 11970
4271 17955
4272 4080
4273 45617
4274 24794
4275 37191
4276 13300
4277 61985
4278 19950
4279 29925
4280 6120
4281 86779
4282 33250
4283 49875
4284 9180
4285 83125
4286 13770
4287 20655
4288 2496
4289 8959
4290 9802
4291 14703
4292 11132
4293 24505
4294 16698
4295 25047
4296 7448
4297 34307
4298 27830
4299 41745
4300 11172
4301 69575
4302 16758
4303 25137
4304 6800
4305 53911
4306 38962
4307 58443
4308 18620
4309 97405
4310 27930
4311 41895
4312 10200
4313 136367
4314 46550
4315 69825
4316 15300
4317 116375
4318 22950
4319 34425
4320 3744
4321 63713
4322 61226
4323 91839
4324 26068
4325 153065
4326 39102
4327 58653
4328 17000
4329 214291
4330 65170
4331 97755
4332 25500
4333 162925
4334 38250
4335 57375
4336 5616
4337 336743
4338 91238
4339 136857
4340 42500
4341 228095
4342 63750
4343 95625
4344 8424
4345 319333
4346 106250
4347 159375
4348 12636
4349 265625
4350 18954
4351 28431
4352 2816
4353 851
4354 1178
4355 1767
4356 1972
4357 2945
4358 2958
4359 4437
4360 2392
4361 4123
4362 4930
4363 7395
4364 3588
4365 12325
4366 5382
4367 8073
4368 3344
4369 6479
4370 6902
4371 10353
4372 5980
4373 17255
4374 8970
4375 13455
4376 5016
4377 24157
4378 14950
4379 22425
4380 7524
4381 37375
4382 11286
4383 16929
4384 3808
4385 7657
4386 10846
4387 16269
4388 8372
4389 27115
4390 12558
4391 18837
4392 8360
4393 37961
4394 20930
4395 31395
4396 12540
4397 52325
4398 18810
4399 28215
4400 5712
4401 59653
4402 29302
4403 43953
4404 20900
4405 73255
4406 31350
4407 47025
4408 8568
4409 102557
4410 52250
4411 78375
4412 12852
4413 130625
4414 19278
4415 28917
4416 4160
4417 10013
4418 12818
4419 19227
4420 13156
4421 32045
4422 19734
4423 29601
4424 11704
4425 44863
4426 32890
4427 49335
4428 17556
4429 82225
4430 26334
4431 39501
4432 9520
4433 70499
4434 46046
4435 69069
4436 29260
4437 115115
4438 43890
4439 65835
4440 14280
4441 161161
4442 73150
4443 109725
4444 21420
4445 182875
4446 32130
4447 48195
4448 6240
4449 83317
4450 72358
4451 108537
4452 40964
4453 180895
4454 61446
4455 92169
4456 23800
4457 253253
4458 102410
4459 153615
4460 35700
4461 256025
4462 53550
4463 80325
4464 9360
4465 397969
4466 143374
4467 215061
4468 59500
4469 358435
4470 89250
4471 133875
4472 14040
4473 501809
4474 148750
4475 223125
4476 21060
4477 371875
4478 31590
4479 47385
4480 4224
4481 11191
4482 16762
4483 25143
4484 15548
4485 41905
4486 23322
4487 34983
4488 18392
4489 58667
4490 38870
4491 58305
4492 27588
4493 97175
4494 41382
4495 62073
4496 13328
4497 92191
4498 54418
4499 81627
4500 45980
4501 136045
4502 68970
4503 103455
4504 19992
4505 190463
4506 114950
4507 172425
4508 29988
4509 287375
4510 44982
4511 67473
4512 10400
4513 108953
4514 85514
4515 128271
4516 64372
4517 213785
4518 96558
4519 144837
4520 33320
4521 299299
4522 160930
4523 241395
4524 49980
4525 402325
4526 74970
4527 112455
4528 15600
4529 470327
4530 225302
4531 337953
4532 83300
4533 563255
4534 124950
4535 187425
4536 23400
4537 788557
4538 208250
4539 312375
4540 35100
4541 520625
4542 52650
4543 78975
4544 6336
4545 142477
4546 101062
4547 151593
4548 101156
4549 252655
4550 151734
4551 227601
4552 46648
4553 353717
4554 252890
4555 379335
4556 69972
4557 632225
4558 104958
4559 157437
4560 26000
4561 555841
4562 354046
4563 531069
4564 116620
4565 885115
4566 174930
4567 262395
4568 39000
4569 1239161
4570 291550
4571 437325
4572 58500
4573 728875
4574 87750
4575 131625
4576 9504
4577 656903
4578 556358
4579 834537
4580 163268
4581 1390895
4582 244902
4583 367353
4584 65000
4585 1947253
4586 408170
4587 612255
4588 97500
4589 1020425
4590 146250
4591 219375
4592 14256
4593 3059969
4594 571438
4595 857157
4596 162500
4597 1428595
4598 243750
4599 365625
4600 21384
4601 2000033
4602 406250
4603 609375
4604 32076
4605 1015625
4606 48114
4607 72171
4608 3584
4609 1073
4610 1426
4611 2139
4612 2204
4613 3565
4614 3306
4615 4959
4616 3128
4617 4991
4618 5510
4619 8265
4620 4692
4621 13775
4622 7038
4623 10557
4624 3952
4625 7843
4626 7714
4627 11571
4628 7820
4629 19285
4630 11730
4631 17595
4632 5928
4633 26999
4634 19550
4635 29325
4636 8892
4637 48875
4638 13338
4639 20007
4640 5984
4641 9269
4642 12122
4643 18183
4644 10948
4645 30305
4646 16422
4647 24633
4648 9880
4649 42427
4650 27370
4651 41055
4652 14820
4653 68425
4654 22230
4655 33345
4656 8976
4657 66671
4658 38318
4659 57477
4660 24700
4661 95795
4662 37050
4663 55575
4664 13464
4665 134113
4666 61750
4667 92625
4668 20196
4669 154375
4670 30294
4671 45441
4672 5824
4673 12121
4674 14326
4675 21489
4676 17204
4677 35815
4678 25806
4679 38709
4680 13832
4681 50141
4682 43010
4683 64515
4684 20748
4685 107525
4686 31122
4687 46683
4688 14960
4689 78793
4690 60214
4691 90321
4692 34580
4693 150535
4694 51870
4695 77805
4696 22440
4697 210749
4698 86450
4699 129675
4700 33660
4701 216125
4702 50490
4703 75735
4704 8736
4705 93119
4706 94622
4707 141933
4708 48412
4709 236555
4710 72618
4711 108927
4712 37400
4713 331177
4714 121030
4715 181545
4716 56100
4717 302575
4718 84150
4719 126225
4720 13104
4721 520421
4722 169442
4723 254163
4724 93500
4725 423605
4726 140250
4727 210375
4728 19656
4729 593047
4730 233750
4731 350625
4732 29484
4733 584375
4734 44226
4735 66339
4736 7040
4737 13547
4738 18734
4739 28101
4740 20332
4741 46835
4742 30498
4743 45747
4744 21736
4745 65569
4746 50830
4747 76245
4748 32604
4749 127075
4750 48906
4751 73359
4752 20944
4753 103037
4754 71162
4755 106743
4756 54340
4757 177905
4758 81510
4759 122265
4760 31416
4761 249067
4762 135850
4763 203775
4764 47124
4765 339625
4766 70686
4767 106029
4768 14560
4769 121771
4770 111826
4771 167739
4772 76076
4773 279565
4774 114114
4775 171171
4776 52360
4777 391391
4778 190190
4779 285285
4780 78540
4781 475475
4782 117810
4783 176715
4784 21840
4785 615043
4786 266266
4787 399399
4788 130900
4789 665665
4790 196350
4791 294525
4792 32760
4793 931931
4794 327250
4795 490875
4796 49140
4797 818125
4798 73710
4799 110565
4800 10560
4801 159239
4802 132158
4803 198237
4804 119548
4805 330395
4806 179322
4807 268983
4808 73304
4809 462553
4810 298870
4811 448305
4812 109956
4813 747175
4814 164934
4815 247401
4816 36400
4817 726869
4818 418418
4819 627627
4820 183260
4821 1046045
4822 274890
4823 412335
4824 54600
4825 1464463
4826 458150
4827 687225
4828 81900
4829 1145375
4830 122850
4831 184275
4832 15840
4833 859027
4834 657514
4835 986271
4836 256564
4837 1643785
4838 384846
4839 577269
4840 91000
4841 2301299
4842 641410
4843 962115
4844 136500
4845 1603525
4846 204750
4847 307125
4848 23760
4849 3616327
4850 897974
4851 1346961
4852 227500
4853 2244935
4854 341250
4855 511875
4856 35640
4857 3142909
4858 568750
4859 853125
4860 53460
4861 1421875
4862 80190
4863 120285
4864 5376
4865 16399
4866 20938
4867 31407
4868 26588
4869 52345
4870 39882
4871 59823
4872 25688
4873 73283
4874 66470
4875 99705
4876 38532
4877 166175
4878 57798
4879 86697
4880 32912
4881 115159
4882 93058
4883 139587
4884 64220
4885 232645
4886 96330
4887 144495
4888 49368
4889 325703
4890 160550
4891 240825
4892 74052
4893 401375
4894 111078
4895 166617
4896 20384
4897 136097
4898 146234
4899 219351
4900 89908
4901 365585
4902 134862
4903 202293
4904 82280
4905 511819
4906 224770
4907 337155
4908 123420
4909 561925
4910 185130
4911 277695
4912 30576
4913 804287
4914 314678
4915 472017
4916 205700
4917 786695
4918 308550
4919 462825
4920 45864
4921 1101373
4922 514250
4923 771375
4924 68796
4925 1285625
4926 103194
4927 154791
4928 17600
4929 177973
4930 172822
4931 259233
4932 141284
4933 432055
4934 211926
4935 317889
4936 115192
4937 604877
4938 353210
4939 529815
4940 172788
4941 883025
4942 259182
4943 388773
4944 50960
4945 950521
4946 494494
4947 741741
4948 287980
4949 1236235
4950 431970
4951 647955
4952 76440
4953 1730729
4954 719950
4955 1079925
4956 114660
4957 1799875
4958 171990
4959 257985
4960 26400
4961 1123343
4962 777062
4963 1165593
4964 403172
4965 1942655
4966 604758
4967 907137
4968 127400
4969 2719717
4970 1007930
4971 1511895
4972 191100
4973 2519825
4974 286650
4975 429975
4976 39600
4977 4273841
4978 1411102
4979 2116653
4980 318500
4981 3527755
4982 477750
4983 716625
4984 59400
4985 4938857
4986 796250
4987 1194375
4988 89100
4989 1990625
4990 133650
4991 200475
4992 8064
4993 198911
4994 225998
4995 338997
4996 166972
4997 564995
4998 250458
4999 375687
5000 181016
5001 790993
5002 417430
5003 626145
5004 271524
5005 1043575
5006 407286
5007 610929
5008 71344
5009 1242989
5010 584402
5011 876603
5012 452540
5013 1461005
5014 678810
5015 1018215
5016 107016
5017 2045407
5018 1131350
5019 1697025
5020 160524
5021 2828375
5022 240786
5023 361179
5024 44000
5025 1468987
5026 918346
5027 1377519
5028 633556
5029 2295865
5030 950334
5031 1425501
5032 178360
5033 3214211
5034 1583890
5035 2375835
5036 267540
5037 3959725
5038 401310
5039 601965
5040 66000
5041 5050903
5042 2217446
5043 3326169
5044 445900
5045 5543615
5046 668850
5047 1003275
5048 99000
5049 7761061
5050 1114750
5051 1672125
5052 148500
5053 2786875
5054 222750
5055 334125
5056 12096
5057 1920983
5058 1085318
5059 1627977
5060 995588
5061 2713295
5062 1493382
5063 2240073
5064 249704
5065 3798613
5066 2488970
5067 3733455
5068 374556
5069 6222425
5070 561834
5071 842751
5072 110000
5073 5969249
5074 3484558
5075 5226837
5076 624260
5077 8711395
5078 936390
5079 1404585
5080 165000
5081 12195953
5082 1560650
5083 2340975
5084 247500
5085 3901625
5086 371250
5087 556875
5088 18144
5089 7054567
5090 5475734
5091 8213601
5092 873964
5093 13689335
5094 1310946
5095 1966419
5096 275000
5097 19165069
5098 2184910
5099 3277365
5100 412500
5101 5462275
5102 618750
5103 928125
5104 27216
5105 30116537
5106 3058874
5107 4588311
5108 687500
5109 7647185
5110 1031250
5111 1546875
5112 40824
5113 10706059
5114 1718750
5115 2578125
5116 61236
5117 4296875
5118 91854
5119 137781
5120 5120
5121 1147
5122 1798
5123 2697
5124 2668
5125 4495
5126 4002
5127 6003
5128 3496
5129 6293
5130 6670
5131 10005
5132 5244
5133 16675
5134 7866
5135 11799
5136 5168
5137 9889
5138 9338
5139 14007
5140 8740
5141 23345
5142 13110
5143 19665
5144 7752
5145 32683
5146 21850
5147 32775
5148 11628
5149 54625
5150 17442
5151 26163
5152 7072
5153 11687
5154 14674
5155 22011
5156 12236
5157 36685
5158 18354
5159 27531
5160 12920
5161 51359
5162 30590
5163 45885
5164 19380
5165 76475
5166 29070
5167 43605
5168 10608
5169 80707
5170 42826
5171 64239
5172 32300
5173 107065
5174 48450
5175 72675
5176 15912
5177 149891
5178 80750
5179 121125
5180 23868
5181 201875
5182 35802
5183 53703
5184 9152
5185 15283
5186 17342
5187 26013
5188 19228
5189 43355
5190 28842
5191 43263
5192 18088
5193 60697
5194 48070
5195 72105
5196 27132
5197 120175
5198 40698
5199 61047
5200 17680
5201 95381
5202 67298
5203 100947
5204 45220
5205 168245
5206 67830
5207 101745
5208 26520
5209 235543
5210 113050
5211 169575
5212 39780
5213 282625
5214 59670
5215 89505
5216 13728
5217 112723
5218 105754
5219 158631
5220 63308
5221 264385
5222 94962
5223 142443
5224 44200
5225 370139
5226 158270
5227 237405
5228 66300
5229 395675
5230 99450
5231 149175
5232 20592
5233 581647
5234 221578
5235 332367
5236 110500
5237 553945
5238 165750
5239 248625
5240 30888
5241 775523
5242 276250
5243 414375
5244 46332
5245 690625
5246 69498
5247 104247
5248 9856
5249 17081
5250 22678
5251 34017
5252 22724
5253 56695
5254 34086
5255 51129
5256 28424
5257 79373
5258 56810
5259 85215
5260 42636
5261 142025
5262 63954
5263 95931
5264 24752
5265 124729
5266 79534
5267 119301
5268 71060
5269 198835
5270 106590
5271 159885
5272 37128
5273 278369
5274 177650
5275 266475
5276 55692
5277 444125
5278 83538
5279 125307
5280 22880
5281 147407
5282 124982
5283 187473
5284 99484
5285 312455
5286 149226
5287 223839
5288 61880
5289 437437
5290 248710
5291 373065
5292 92820
5293 621775
5294 139230
5295 208845
5296 34320
5297 687401
5298 348194
5299 522291
5300 154700
5301 870485
5302 232050
5303 348075
5304 51480
5305 1218679
5306 386750
5307 580125
5308 77220
5309 966875
5310 115830
5311 173745
5312 14784
5313 192763
5314 147706
5315 221559
5316 156332
5317 369265
5318 234498
5319 351747
5320 86632
5321 516971
5322 390830
5323 586245
5324 129948
5325 977075
5326 194922
5327 292383
5328 57200
5329 812383
5330 547162
5331 820743
5332 216580
5333 1367905
5334 324870
5335 487305
5336 85800
5337 1915067
5338 541450
5339 812175
5340 128700
5341 1353625
5342 193050
5343 289575
5344 22176
5345 960089
5346 859826
5347 1289739
5348 303212
5349 2149565
5350 454818
5351 682227
5352 143000
5353 3009391
5354 758030
5355 1137045
5356 214500
5357 1895075
5358 321750
5359 482625
5360 33264
5361 4729043
5362 1061242
5363 1591863
5364 357500
5365 2653105
5366 536250
5367 804375
5368 49896
5369 3714347
5370 893750
5371 1340625
5372 74844
5373 2234375
5374 112266
5375 168399
5376 8960
5377 20677
5378 25346
5379 38019
5380 29716
5381 63365
5382 44574
5383 66861
5384 33592
5385 88711
5386 74290
5387 111435
5388 50388
5389 185725
5390 75582
5391 113373
5392 38896
5393 139403
5394 104006
5395 156009
5396 83980
5397 260015
5398 125970
5399 188955
5400 58344
5401 364021
5402 209950
5403 314925
5404 87516
5405 524875
5406 131274
5407 196911
5408 32032
5409 164749
5410 163438
5411 245157
5412 117572
5413 408595
5414 176358
5415 264537
5416 97240
5417 572033
5418 293930
5419 440895
5420 145860
5421 734825
5422 218790
5423 328185
5424 48048
5425 898909
5426 411502
5427 617253
5428 243100
5429 1028755
5430 364650
5431 546975
5432 72072
5433 1440257
5434 607750
5435 911625
5436 108108
5437 1519375
5438 162162
5439 243243
5440 24640
5441 215441
5442 193154
5443 289731
5444 184756
5445 482885
5446 277134
5447 415701
5448 136136
5449 676039
5450 461890
5451 692835
5452 204204
5453 1154725
5454 306306
5455 459459
5456 80080
5457 1062347
5458 646646
5459 969969
5460 340340
5461 1616615
5462 510510
5463 765765
5464 120120
5465 2263261
5466 850850
5467 1276275
5468 180180
5469 2127125
5470 270270
5471 405405
5472 36960
5473 1255501
5474 1016158
5475 1524237
5476 476476
5477 2540395
5478 714714
5479 1072071
5480 200200
5481 3556553
5482 1191190
5483 1786785
5484 300300
5485 2977975
5486 450450
5487 675675
5488 55440
5489 5588869
5490 1667666
5491 2501499
5492 500500
5493 4169165
5494 750750
5495 1126125
5496 83160
5497 5836831
5498 1251250
5499 1876875
5500 124740
5501 3128125
5502 187110
5503 280665
5504 13440
5505 240787
5506 252586
5507 378879
5508 218348
5509 631465
5510 327522
5511 491283
5512 213928
5513 884051
5514 545870
5515 818805
5516 320892
5517 1364675
5518 481338
5519 722007
5520 112112
5521 1389223
5522 764218
5523 1146327
5524 534820
5525 1910545
5526 802230
5527 1203345
5528 168168
5529 2674763
5530 1337050
5531 2005575
5532 252252
5533 3342625
5534 378378
5535 567567
5536 61600
5537 1641809
5538 1200914
5539 1801371
5540 748748
5541 3002285
5542 1123122
5543 1684683
5544 280280
5545 4203199
5546 1871870
5547 2807805
5548 420420
5549 4679675
5550 630630
5551 945945
5552 92400
5553 6605027
5554 2620618
5555 3930927
5556 700700
5557 6551545
5558 1051050
5559 1576575
5560 138600
5561 9172163
5562 1751750
5563 2627625
5564 207900
5565 4379375
5566 311850
5567 467775
5568 20160
5569 2146981
5570 1419262
5571 2128893
5572 1176604
5573 3548155
5574 1764906
5575 2647359
5576 392392
5577 4967417
5578 2941510
5579 4412265
5580 588588
5581 7353775
5582 882882
5583 1324323
5584 154000
5585 7805941
5586 4118114
5587 6177171
5588 980980
5589 10295285
5590 1471470
5591 2207205
5592 231000
5593 14413399
5594 2452450
5595 3678675
5596 346500
5597 6131125
5598 519750
5599 779625
5600 30240
5601 9225203
5602 6471322
5603 9706983
5604 1373372
5605 16178305
5606 2060058
5607 3090087
5608 385000
5609 22649627
5610 3433430
5611 5150145
5612 577500
5613 8583575
5614 866250
5615 1299375
5616 45360
5617 35592271
5618 4806802
5619 7210203
5620 962500
5621 12017005
5622 1443750
5623 2165625
5624 68040
5625 16823807
5626 2406250
5627 3609375
5628 102060
5629 6015625
5630 153090
5631 229635
5632 7680
5633 26071
5634 30682
5635 46023
5636 33212
5637 76705
5638 49818
5639 74727
5640 43928
5641 107387
5642 83030
5643 124545
5644 65892
5645 207575
5646 98838
5647 148257
5648 45968
5649 168751
5650 116242
5651 174363
5652 109820
5653 290605
5654 164730
5655 247095
5656 68952
5657 406847
5658 274550
5659 411825
5660 103428
5661 686375
5662 155142
5663 232713
5664 50336
5665 199433
5666 182666
5667 273999
5668 153748
5669 456665
5670 230622
5671 345933
5672 114920
5673 639331
5674 384370
5675 576555
5676 172380
5677 960925
5678 258570
5679 387855
5680 75504
5681 1004663
5682 538118
5683 807177
5684 287300
5685 1345295
5686 430950
5687 646425
5688 113256
5689 1883413
5690 718250
5691 1077375
5692 169884
5693 1795625
5694 254826
5695 382239
5696 34496
5697 260797
5698 215878
5699 323817
5700 241604
5701 539695
5702 362406
5703 543609
5704 160888
5705 755573
5706 604010
5707 906015
5708 241332
5709 1510025
5710 361998
5711 542997
5712 125840
5713 1187329
5714 845614
5715 1268421
5716 402220
5717 2114035
5718 603330
5719 904995
5720 188760
5721 2959649
5722 1005550
5723 1508325
5724 283140
5725 2513875
5726 424710
5727 637065
5728 51744
5729 1403207
5730 1328822
5731 1993233
5732 563108
5733 3322055
5734 844662
5735 1266993
5736 314600
5737 4650877
5738 1407770
5739 2111655
5740 471900
5741 3519425
5742 707850
5743 1061775
5744 77616
5745 7308521
5746 1970878
5747 2956317
5748 786500
5749 4927195
5750 1179750
5751 1769625
5752 116424
5753 6898073
5754 1966250
5755 2949375
5756 174636
5757 4915625
5758 261954
5759 392931
5760 22400
5761 291479
5762 282302
5763 423453
5764 285532
5765 705755
5766 428298
5767 642447
5768 252824
5769 988057
5770 713830
5771 1070745
5772 379236
5773 1784575
5774 568854
5775 853281
5776 176176
5777 1552661
5778 999362
5779 1499043
5780 632060
5781 2498405
5782 948090
5783 1422135
5784 264264
5785 3497767
5786 1580150
5787 2370225
5788 396396
5789 3950375
5790 594594
5791 891891
5792 86240
5793 1834963
5794 1570426
5795 2355639
5796 884884
5797 3926065
5798 1327326
5799 1990989
5800 440440
5801 5496491
5802 2212210
5803 3318315
5804 660660
5805 5530525
5806 990990
5807 1486485
5808 129360
5809 8637343
5810 3097094
5811 4645641
5812 1101100
5813 7742735
5814 1651650
5815 2477475
5816 194040
5817 10839829
5818 2752750
5819 4129125
5820 291060
5821 6881875
5822 436590
5823 654885
5824 33600
5825 2399567
5826 1855958
5827 2783937
5828 1390532
5829 4639895
5830 2085798
5831 3128697
5832 616616
5833 6495853
5834 3476330
5835 5214495
5836 924924
5837 8690825
5838 1387386
5839 2081079
5840 215600
5841 10207769
5842 4866862
5843 7300293
5844 1541540
5845 12167155
5846 2312310
5847 3468465
5848 323400
5849 17034017
5850 3853850
5851 5780775
5852 485100
5853 9634625
5854 727650
5855 1091475
5856 50400
5857 12063727
5858 7647926
5859 11471889
5860 2158156
5861 19119815
5862 3237234
5863 4855851
5864 539000
5865 26767741
5866 5395390
5867 8093085
5868 808500
5869 13488475
5870 1212750
5871 1819125
5872 75600
5873 42063593
5874 7553546
5875 11330319
5876 1347500
5877 18883865
5878 2021250
5879 3031875
5880 113400
5881 26437411
5882 3368750
5883 5053125
5884 170100
5885 8421875
5886 255150
5887 382725
5888 11520
5889 352843
5890 315514
5891 473271
5892 373388
5893 788785
5894 560082
5895 840123
5896 298792
5897 1104299
5898 933470
5899 1400205
5900 448188
5901 2333675
5902 672282
5903 1008423
5904 276848
5905 1735327
5906 1306858
5907 1960287
5908 746980
5909 3267145
5910 1120470
5911 1680705
5912 415272
5913 4574003
5914 1867450
5915 2801175
5916 622908
5917 4668625
5918 934362
5919 1401543
5920 120736
5921 2050841
5922 2053634
5923 3080451
5924 1045772
5925 5134085
5926 1568658
5927 2352987
5928 692120
5929 7187719
5930 2614430
5931 3921645
5932 1038180
5933 6536075
5934 1557270
5935 2335905
5936 181104
5937 11294987
5938 3660202
5939 5490303
5940 1730300
5941 9150505
5942 2595450
5943 3893175
5944 271656
5945 12810707
5946 4325750
5947 6488625
5948 407484
5949 10814375
5950 611226
5951 916839
5952 56000
5953 2681869
5954 2427022
5955 3640533
5956 1643356
5957 6067555
5958 2465034
5959 3697551
5960 968968
5961 8494577
5962 4108390
5963 6162585
5964 1453452
5965 10270975
5966 2180178
5967 3270267
5968 301840
5969 13348621
5970 5751746
5971 8627619
5972 2422420
5973 14379365
5974 3633630
5975 5450445
5976 452760
5977 20131111
5978 6056050
5979 9084075
5980 679140
5981 15140125
5982 1018710
5983 1528065
5984 84000
5985 15775643
5986 9038458
5987 13557687
5988 3391388
5989 22596145
5990 5087082
5991 7630623
5992 754600
5993 31634603
5994 8478470
5995 12717705
5996 1131900
5997 21196175
5998 1697850
5999 2546775
6000 126000
6001 49711519
6002 11869858
6003 17804787
6004 1886500
6005 29674645
6006 2829750
6007 4244625
6008 189000
6009 41544503
6010 4716250
6011 7074375
6012 283500
6013 11790625
6014 425250
6015 637875
6016 17280
6017 2997383
6018 3173798
6019 4760697
6020 1942148
6021 7934495
6022 2913222
6023 4369833
6024 1522664
6025 11108293
6026 4855370
6027 7283055
6028 2283996
6029 12138425
6030 3425994
6031 5138991
6032 422576
6033 17455889
6034 6797518
6035 10196277
6036 3806660
6037 16993795
6038 5709990
6039 8564985
6040 633864
6041 23791313
6042 9516650
6043 14274975
6044 950796
6045 23791625
6046 1426194
6047 2139291
6048 140000
6049 20629687
6050 10681814
6051 16022721
6052 5329324
6053 26704535
6054 7993986
6055 11990979
6056 1056440
6057 37386349
6058 13323310
6059 19984965
6060 1584660
6061 33308275
6062 2376990
6063 3565485
6064 210000
6065 58749977
6066 18652634
6067 27978951
6068 2641100
6069 46631585
6070 3961650
6071 5942475
6072 315000
6073 65284219
6074 6602750
6075 9904125
6076 472500
6077 16506875
6078 708750
6079 1063125
6080 25920
6081 26977283
6082 12623962
6083 18935943
6084 8374652
6085 31559905
6086 12561978
6087 18842967
6088 1479016
6089 44183867
6090 20936630
6091 31404945
6092 2218524
6093 52341575
6094 3327786
6095 4991679
6096 350000
6097 69431791
6098 29311282
6099 43966923
6100 3697540
6101 73278205
6102 5546310
6103 8319465
6104 525000
6105 102589487
6106 9243850
6107 13865775
6108 787500
6109 23109625
6110 1181250
6111 1771875
6112 38880
6113 82055753
6114 46060586
6115 69090879
6116 5176556
6117 115151465
6118 7764834
6119 11647251
6120 875000
6121 161212051
6122 12941390
6123 19412085
6124 1312500
6125 32353475
6126 1968750
6127 2953125
6128 58320
6129 253333223
6130 18117946
6131 27176919
6132 2187500
6133 45294865
6134 3281250
6135 4921875
6136 87480
6137 63412811
6138 5468750
6139 8203125
6140 131220
6141 13671875
6142 196830
6143 295245
6144 6144
6145 1369
6146 1922
6147 2883
6148 3364
6149 4805
6150 5046
6151 7569
6152 4232
6153 6727
6154 8410
6155 12615
6156 6348
6157 21025
6158 9522
6159 14283
6160 5776
6161 10571
6162 11774
6163 17661
6164 10580
6165 29435
6166 15870
6167 23805
6168 8664
6169 41209
6170 26450
6171 39675
6172 12996
6173 66125
6174 19494
6175 29241
6176 9248
6177 12493
6178 18502
6179 27753
6180 14812
6181 46255
6182 22218
6183 33327
6184 14440
6185 64757
6186 37030
6187 55545
6188 21660
6189 92575
6190 32490
6191 48735
6192 13872
6193 101761
6194 51842
6195 77763
6196 36100
6197 129605
6198 54150
6199 81225
6200 20808
6201 181447
6202 90250
6203 135375
6204 31212
6205 225625
6206 46818
6207 70227
6208 10816
6209 16337
6210 21866
6211 32799
6212 23276
6213 54665
6214 34914
6215 52371
6216 20216
6217 76531
6218 58190
6219 87285
6220 30324
6221 145475
6222 45486
6223 68229
6224 23120
6225 120263
6226 81466
6227 122199
6228 50540
6229 203665
6230 75810
6231 113715
6232 34680
6233 285131
6234 126350
6235 189525
6236 52020
6237 315875
6238 78030
6239 117045
6240 16224
6241 142129
6242 128018
6243 192027
6244 70756
6245 320045
6246 106134
6247 159201
6248 57800
6249 448063
6250 176890
6251 265335
6252 86700
6253 442225
6254 130050
6255 195075
6256 24336
6257 704099
6258 247646
6259 371469
6260 144500
6261 619115
6262 216750
6263 325125
6264 36504
6265 866761
6266 361250
6267 541875
6268 54756
6269 903125
6270 82134
6271 123201
6272 15488
6273 18259
6274 28594
6275 42891
6276 27508
6277 71485
6278 41262
6279 61893
6280 31768
6281 100079
6282 68770
6283 103155
6284 47652
6285 171925
6286 71478
6287 107217
6288 32368
6289 157267
6290 96278
6291 144417
6292 79420
6293 240695
6294 119130
6295 178695
6296 48552
6297 336973
6298 198550
6299 297825
6300 72828
6301 496375
6302 109242
6303 163863
6304 27040
6305 185861
6306 151294
6307 226941
6308 111188
6309 378235
6310 166782
6311 250173
6312 80920
6313 529529
6314 277970
6315 416955
6316 121380
6317 694925
6318 182070
6319 273105
6320 40560
6321 832117
6322 389158
6323 583737
6324 202300
6325 972895
6326 303450
6327 455175
6328 60840
6329 1362053
6330 505750
6331 758625
6332 91260
6333 1264375
6334 136890
6335 205335
6336 23232
6337 243049
6338 178802
6339 268203
6340 174724
6341 447005
6342 262086
6343 393129
6344 113288
6345 625807
6346 436810
6347 655215
6348 169932
6349 1092025
6350 254898
6351 382347
6352 67600
6353 983411
6354 611534
6355 917301
6356 283220
6357 1528835
6358 424830
6359 637245
6360 101400
6361 2140369
6362 708050
6363 1062075
6364 152100
6365 1770125
6366 228150
6367 342225
6368 34848
6369 1162213
6370 960982
6371 1441473
6372 396508
6373 2402455
6374 594762
6375 892143
6376 169000
6377 3363437
6378 991270
6379 1486905
6380 253500
6381 2478175
6382 380250
6383 570375
6384 52272
6385 5285401
6386 1387778
6387 2081667
6388 422500
6389 3469445
6390 633750
6391 950625
6392 78408
6393 4857223
6394 1056250
6395 1584375
6396 117612
6397 2640625
6398 176418
6399 264627
6400 12544
6401 22103
6402 31958
6403 47937
6404 35972
6405 79895
6406 53958
6407 80937
6408 37544
6409 111853
6410 89930
6411 134895
6412 56316
6413 224825
6414 84474
6415 126711
6416 50864
6417 175769
6418 125902
6419 188853
6420 93860
6421 314755
6422 140790
6423 211185
6424 76296
6425 440657
6426 234650
6427 351975
6428 114444
6429 586625
6430 171666
6431 257499
6432 37856
6433 207727
6434 197846
6435 296769
6436 131404
6437 494615
6438 197106
6439 295659
6440 127160
6441 692461
6442 328510
6443 492765
6444 190740
6445 821275
6446 286110
6447 429165
6448 56784
6449 1088153
6450 459914
6451 689871
6452 317900
6453 1149785
6454 476850
6455 715275
6456 85176
6457 1609699
6458 794750
6459 1192125
6460 127764
6461 1986875
6462 191646
6463 287469
6464 38720
6465 271643
6466 233818
6467 350727
6468 206492
6469 584545
6470 309738
6471 464607
6472 178024
6473 818363
6474 516230
6475 774345
6476 267036
6477 1290575
6478 400554
6479 600831
6480 94640
6481 1285999
6482 722722
6483 1084083
6484 445060
6485 1806805
6486 667590
6487 1001385
6488 141960
6489 2529527
6490 1112650
6491 1668975
6492 212940
6493 2781625
6494 319410
6495 479115
6496 58080
6497 1519817
6498 1135706
6499 1703559
6500 623084
6501 2839265
6502 934626
6503 1401939
6504 236600
6505 3974971
6506 1557710
6507 2336565
6508 354900
6509 3894275
6510 532350
6511 798525
6512 87120
6513 6246383
6514 2180794
6515 3271191
6516 591500
6517 5451985
6518 887250
6519 1330875
6520 130680
6521 7632779
6522 1478750
6523 2218125
6524 196020
6525 3696875
6526 294030
6527 441045
6528 18816
6529 303601
6530 305762
6531 458643
6532 244036
6533 764405
6534 366054
6535 549081
6536 279752
6537 1070167
6538 610090
6539 915135
6540 419628
6541 1525225
6542 629442
6543 944163
6544 132496
6545 1681691
6546 854126
6547 1281189
6548 699380
6549 2135315
6550 1049070
6551 1573605
6552 198744
6553 2989441
6554 1748450
6555 2622675
6556 298116
6557 4371125
6558 447174
6559 670761
6560 96800
6561 1987453
6562 1342198
6563 2013297
6564 979132
6565 3355495
6566 1468698
6567 2203047
6568 331240
6569 4697693
6570 2447830
6571 3671745
6572 496860
6573 6119575
6574 745290
6575 1117935
6576 145200
6577 7382089
6578 3426962
6579 5140443
6580 828100
6581 8567405
6582 1242150
6583 1863225
6584 217800
6585 11994367
6586 2070250
6587 3105375
6588 326700
6589 5175625
6590 490050
6591 735075
6592 28224
6593 2598977
6594 1586234
6595 2379351
6596 1538636
6597 3965585
6598 2307954
6599 3461931
6600 463736
6601 5551819
6602 3846590
6603 5769885
6604 695604
6605 9616475
6606 1043406
6607 1565109
6608 242000
6609 8724287
6610 5385226
6611 8077839
6612 1159340
6613 13463065
6614 1739010
6615 2608515
6616 363000
6617 18848291
6618 2898350
6619 4347525
6620 544500
6621 7245875
6622 816750
6623 1225125
6624 42336
6625 10310521
6626 8462498
6627 12693747
6628 1623076
6629 21156245
6630 2434614
6631 3651921
6632 605000
6633 29618743
6634 4057690
6635 6086535
6636 907500
6637 10144225
6638 1361250
6639 2041875
6640 63504
6641 46543739
6642 5680766
6643 8521149
6644 1512500
6645 14201915
6646 2268750
6647 3403125
6648 95256
6649 19882681
6650 3781250
6651 5671875
6652 142884
6653 9453125
6654 214326
6655 321489
6656 12800
6657 27869
6658 38686
6659 58029
6660 40204
6661 96715
6662 60306
6663 90459
6664 49096
6665 135401
6666 100510
6667 150765
6668 73644
6669 251275
6670 110466
6671 165699
6672 60112
6673 212773
6674 140714
6675 211071
6676 122740
6677 351785
6678 184110
6679 276165
6680 90168
6681 492499
6682 306850
6683 460275
6684 135252
6685 767125
6686 202878
6687 304317
6688 59488
6689 251459
6690 221122
6691 331683
6692 171836
6693 552805
6694 257754
6695 386631
6696 150280
6697 773927
6698 429590
6699 644385
6700 225420
6701 1073975
6702 338130
6703 507195
6704 89232
6705 1216171
6706 601426
6707 902139
6708 375700
6709 1503565
6710 563550
6711 845325
6712 133848
6713 2104991
6714 939250
6715 1408875
6716 200772
6717 2348125
6718 301158
6719 451737
6720 54208
6721 328831
6722 261326
6723 391989
6724 270028
6725 653315
6726 405042
6727 607563
6728 210392
6729 914641
6730 675070
6731 1012605
6732 315588
6733 1687675
6734 473382
6735 710073
6736 148720
6737 1437293
6738 945098
6739 1417647
6740 525980
6741 2362745
6742 788970
6743 1183455
6744 223080
6745 3307843
6746 1314950
6747 1972425
6748 334620
6749 3287375
6750 501930
6751 752895
6752 81312
6753 1698619
6754 1485154
6755 2227731
6756 736372
6757 3712885
6758 1104558
6759 1656837
6760 371800
6761 5198039
6762 1840930
6763 2761395
6764 557700
6765 4602325
6766 836550
6767 1254825
6768 121968
6769 8168347
6770 2577302
6771 3865953
6772 929500
6773 6443255
6774 1394250
6775 2091375
6776 182952
6777 9020557
6778 2323750
6779 3485625
6780 274428
6781 5809375
6782 411642
6783 617463
6784 31360
6785 367517
6786 341734
6787 512601
6788 319124
6789 854335
6790 478686
6791 718029
6792 330616
6793 1196069
6794 797810
6795 1196715
6796 495924
6797 1994525
6798 743886
6799 1115829
6800 208208
6801 1879537
6802 1116934
6803 1675401
6804 826540
6805 2792335
6806 1239810
6807 1859715
6808 312312
6809 3909269
6810 2066350
6811 3099525
6812 468468
6813 5165875
6814 702702
6815 1054053
6816 135520
6817 2221271
6818 1755182
6819 2632773
6820 1157156
6821 4387955
6822 1735734
6823 2603601
6824 520520
6825 6143137
6826 2892890
6827 4339335
6828 780780
6829 7232225
6830 1171170
6831 1756755
6832 203280
6833 9653501
6834 4050046
6835 6075069
6836 1301300
6837 10125115
6838 1951950
6839 2927925
6840 304920
6841 14175161
6842 3253250
6843 4879875
6844 457380
6845 8133125
6846 686070
6847 1029105
6848 47040
6849 2904739
6850 2074306
6851 3111459
6852 1818388
6853 5185765
6854 2727582
6855 4091373
6856 728728
6857 7260071
6858 4545970
6859 6818955
6860 1093092
6861 11364925
6862 1639638
6863 2459457
6864 338800
6865 11408683
6866 6364358
6867 9546537
6868 1821820
6869 15910895
6870 2732730
6871 4099095
6872 508200
6873 22275253
6874 4554550
6875 6831825
6876 762300
6877 11386375
6878 1143450
6879 1715175
6880 70560
6881 13482989
6882 10001134
6883 15001701
6884 2550548
6885 25002835
6886 3825822
6887 5738733
6888 847000
6889 35003969
6890 6376370
6891 9564555
6892 1270500
6893 15940925
6894 1905750
6895 2858625
6896 105840
6897 55006237
6898 8926918
6899 13390377
6900 2117500
6901 22317295
6902 3176250
6903 4764375
6904 158760
6905 31244213
6906 5293750
6907 7940625
6908 238140
6909 13234375
6910 357210
6911 535815
6912 19200
6913 444889
6914 381938
6915 572907
6916 417316
6917 954845
6918 625974
6919 938961
6920 390728
6921 1336783
6922 1043290
6923 1564935
6924 586092
6925 2608225
6926 879138
6927 1318707
6928 327184
6929 2100659
6930 1460606
6931 2190909
6932 976820
6933 3651515
6934 1465230
6935 2197845
6936 490776
6937 5112121
6938 2442050
6939 3663075
6940 736164
6941 6105125
6942 1104246
6943 1656369
6944 189728
6945 2482597
6946 2295238
6947 3442857
6948 1367548
6949 5738095
6950 2051322
6951 3076983
6952 817960
6953 8033333
6954 3418870
6955 5128305
6956 1226940
6957 8547175
6958 1840410
6959 2760615
6960 284592
6961 12623809
6962 4786418
6963 7179627
6964 2044900
6965 11966045
6966 3067350
6967 4601025
6968 426888
6969 16752463
6970 5112250
6971 7668375
6972 640332
6973 12780625
6974 960498
6975 1440747
6976 78400
6977 3246473
6978 2712554
6979 4068831
6980 2149004
6981 6781385
6982 3223506
6983 4835259
6984 1145144
6985 9493939
6986 5372510
6987 8058765
6988 1717716
6989 13431275
6990 2576574
6991 3864861
6992 474320
6993 14919047
6994 7521514
6995 11282271
6996 2862860
6997 18803785
6998 4294290
6999 6441435
7000 711480
7001 26325299
7002 7157150
7003 10735725
7004 1067220
7005 17892875
7006 1600830
7007 2401245
7008 117600
7009 17631601
7010 11819522
7011 17729283
7012 4008004
7013 29548805
7014 6012006
7015 9018009
7016 1185800
7017 41368327
7018 10020010
7019 15030015
7020 1778700
7021 25050025
7022 2668050
7023 4002075
7024 176400
7025 65007371
7026 14028014
7027 21042021
7028 2964500
7029 35070035
7030 4446750
7031 6670125
7032 264600
7033 49098049
7034 7411250
7035 11116875
7036 396900
7037 18528125
7038 595350
7039 893025
7040 28800
7041 3628411
7042 3547186
7043 5320779
7044 2539732
7045 8867965
7046 3809598
7047 5714397
7048 1799512
7049 12415151
7050 6349330
7051 9523995
7052 2699268
7053 15873325
7054 4048902
7055 6073353
7056 664048
7057 19509523
7058 8889062
7059 13333593
7060 4498780
7061 22222655
7062 6748170
7063 10122255
7064 996072
7065 31111717
7066 11246950
7067 16870425
7068 1494108
7069 28117375
7070 2241162
7071 3361743
7072 196000
7073 23056709
7074 13968526
7075 20952789
7076 6298292
7077 34921315
7078 9447438
7079 14171157
7080 1660120
7081 48889841
7082 15745730
7083 23618595
7084 2490180
7085 39364325
7086 3735270
7087 5602905
7088 294000
7089 76826893
7090 22044022
7091 33066033
7092 4150300
7093 55110055
7094 6225450
7095 9338175
7096 441000
7097 77154077
7098 10375750
7099 15563625
7100 661500
7101 25939375
7102 992250
7103 1488375
7104 43200
7105 30151081
7106 16508258
7107 24762387
7108 9897316
7109 41270645
7110 14845974
7111 22268961
7112 2324168
7113 57778903
7114 24743290
7115 37114935
7116 3486252
7117 61858225
7118 5229378
7119 7844067
7120 490000
7121 90795419
7122 34640606
7123 51960909
7124 5810420
7125 86601515
7126 8715630
7127 13073445
7128 735000
7129 121242121
7130 14526050
7131 21789075
7132 1102500
7133 36315125
7134 1653750
7135 2480625
7136 64800
7137 107303677
7138 54435238
7139 81652857
7140 8134588
7141 136088095
7142 12201882
7143 18302823
7144 1225000
7145 190523333
7146 20336470
7147 30504705
7148 1837500
7149 50841175
7150 2756250
7151 4134375
7152 97200
7153 299393809
7154 28471058
7155 42706587
7156 3062500
7157 71177645
7158 4593750
7159 6890625
7160 145800
7161 99648703
7162 7656250
7163 11484375
7164 218700
7165 19140625
7166 328050
7167 492075
7168 9216
7169 29791
7170 48778
7171 73167
7172 48668
7173 121945
7174 73002
7175 109503
7176 54872
7177 170723
7178 121670
7179 182505
7180 82308
7181 304175
7182 123462
7183 185193
7184 78608
7185 268279
7186 170338
7187 255507
7188 137180
7189 425845
7190 205770
7191 308655
7192 117912
7193 596183
7194 342950
7195 514425
7196 176868
7197 857375
7198 265302
7199 397953
7200 70304
7201 317057
7202 267674
7203 401511
7204 192052
7205 669185
7206 288078
7207 432117
7208 196520
7209 936859
7210 480130
7211 720195
7212 294780
7213 1200325
7214 442170
7215 663255
7216 105456
7217 1472207
7218 672182
7219 1008273
7220 491300
7221 1680455
7222 736950
7223 1105425
7224 158184
7225 2352637
7226 1228250
7227 1842375
7228 237276
7229 3070625
7230 355914
7231 533871
7232 85184
7233 414613
7234 316342
7235 474513
7236 301796
7237 790855
7238 452694
7239 679041
7240 275128
7241 1107197
7242 754490
7243 1131735
7244 412692
7245 1886225
7246 619038
7247 928557
7248 175760
7249 1739881
7250 1056286
7251 1584429
7252 687820
7253 2640715
7254 1031730
7255 1547595
7256 263640
7257 3697001
7258 1719550
7259 2579325
7260 395460
7261 4298875
7262 593190
7263 889785
7264 127776
7265 2056223
7266 1659878
7267 2489817
7268 962948
7269 4149695
7270 1444422
7271 2166633
7272 439400
7273 5809573
7274 2407370
7275 3611055
7276 659100
7277 6018425
7278 988650
7279 1482975
7280 191664
7281 9129329
7282 3370318
7283 5055477
7284 1098500
7285 8425795
7286 1647750
7287 2471625
7288 287496
7289 11796113
7290 2746250
7291 4119375
7292 431244
7293 6865625
7294 646866
7295 970299
7296 43904
7297 463391
7298 413678
7299 620517
7300 356668
7301 1034195
7302 535002
7303 802503
7304 432344
7305 1447873
7306 891670
7307 1337505
7308 648516
7309 2229175
7310 972774
7311 1459161
7312 246064
7313 2275229
7314 1248338
7315 1872507
7316 1080860
7317 3120845
7318 1621290
7319 2431935
7320 369096
7321 4369183
7322 2702150
7323 4053225
7324 553644
7325 6755375
7326 830466
7327 1245699
7328 212960
7329 2688907
7330 1961674
7331 2942511
7332 1513204
7333 4904185
7334 2269806
7335 3404709
7336 615160
7337 6865859
7338 3783010
7339 5674515
7340 922740
7341 9457525
7342 1384110
7343 2076165
7344 319440
7345 10789207
7346 5296214
7347 7944321
7348 1537900
7349 13240535
7350 2306850
7351 3460275
7352 479160
7353 18536749
7354 3844750
7355 5767125
7356 718740
7357 9611875
7358 1078110
7359 1617165
7360 65856
7361 3516263
7362 2318342
7363 3477513
7364 2377892
7365 5795855
7366 3566838
7367 5350257
7368 861224
7369 8114197
7370 5944730
7371 8917095
7372 1291836
7373 14861825
7374 1937754
7375 2906631
7376 532400
7377 12750881
7378 8322622
7379 12483933
7380 2153060
7381 20806555
7382 3229590
7383 4844385
7384 798600
7385 29129177
7386 5382650
7387 8073975
7388 1197900
7389 13456625
7390 1796850
7391 2695275
7392 98784
7393 15069223
7394 13078406
7395 19617609
7396 3014284
7397 32696015
7398 4521426
7399 6782139
7400 1331000
7401 45774421
7402 7535710
7403 11303565
7404 1996500
7405 18839275
7406 2994750
7407 4492125
7408 148176
7409 71931233
7410 10549994
7411 15824991
7412 3327500
7413 26374985
7414 4991250
7415 7486875
7416 222264
7417 36924979
7418 8318750
7419 12478125
7420 333396
7421 20796875
7422 500094
7423 750141
7424 32000
7425 560947
7426 462346
7427 693519
7428 466412
7429 1155865
7430 699618
7431 1049427
7432 510952
7433 1618211
7434 1166030
7435 1749045
7436 766428
7437 2915075
7438 1149642
7439 1724463
7440 386672
7441 2542903
7442 1632442
7443 2448663
7444 1277380
7445 4081105
7446 1916070
7447 2874105
7448 580008
7449 5713547
7450 3193450
7451 4790175
7452 870012
7453 7983625
7454 1305018
7455 1957527
7456 298144
7457 3005249
7458 2565266
7459 3847899
7460 1788332
7461 6413165
7462 2682498
7463 4023747
7464 966680
7465 8978431
7466 4470830
7467 6706245
7468 1450020
7469 11177075
7470 2175030
7471 3262545
7472 447216
7473 14108963
7474 6259162
7475 9388743
7476 2416700
7477 15647905
7478 3625050
7479 5437575
7480 670824
7481 21907067
7482 6041750
7483 9062625
7484 1006236
7485 15104375
7486 1509354
7487 2264031
7488 109760
7489 3929941
7490 3031678
7491 4547517
7492 2810236
7493 7579195
7494 4215354
7495 6323031
7496 1353352
7497 10610873
7498 7025590
7499 10538385
7500 2030028
7501 17563975
7502 3045042
7503 4567563
7504 745360
7505 16674229
7506 9835826
7507 14753739
7508 3383380
7509 24589565
7510 5075070
7511 7612605
7512 1118040
7513 34425391
7514 8458450
7515 12687675
7516 1677060
7517 21146125
7518 2515590
7519 3773385
7520 164640
7521 19705907
7522 15456298
7523 23184447
7524 4736732
7525 38640745
7526 7105098
7527 10657647
7528 1863400
7529 54097043
7530 11841830
7531 17762745
7532 2795100
7533 29604575
7534 4192650
7535 6288975
7536 246960
7537 85009639
7538 16578562
7539 24867843
7540 4658500
7541 41446405
7542 6987750
7543 10481625
7544 370440
7545 58024967
7546 11646250
7547 17469375
7548 555660
7549 29115625
7550 833490
7551 1250235
7552 48000
7553 4392287
7554 3964502
7555 5946753
7556 3321188
7557 9911255
7558 4981782
7559 7472673
7560 2126696
7561 13875757
7562 8302970
7563 12454455
7564 3190044
7565 20757425
7566 4785066
7567 7177599
7568 1043504
7569 21804761
7570 11624158
7571 17436237
7572 5316740
7573 29060395
7574 7975110
7575 11962665
7576 1565256
7577 40684553
7578 13291850
7579 19937775
7580 2347884
7581 33229625
7582 3521826
7583 5282739
7584 274400
7585 25769263
7586 18266534
7587 27399801
7588 7443436
7589 45666335
7590 11165154
7591 16747731
7592 2608760
7593 63932869
7594 18608590
7595 27912885
7596 3913140
7597 46521475
7598 5869710
7599 8804565
7600 411600
7601 100465937
7602 26052026
7603 39078039
7604 6521900
7605 65130065
7606 9782850
7607 14674275
7608 617400
7609 91182091
7610 16304750
7611 24457125
7612 926100
7613 40761875
7614 1389150
7615 2083725
7616 72000
7617 33698267
7618 21587722
7619 32381583
7620 11696828
7621 53969305
7622 17545242
7623 26317863
7624 3652264
7625 75557027
7626 29242070
7627 43863105
7628 5478396
7629 73105175
7630 8217594
7631 12326391
7632 686000
7633 118732471
7634 40938898
7635 61408347
7636 9130660
7637 102347245
7638 13695990
7639 20543985
7640 1029000
7641 143286143
7642 22826650
7643 34239975
7644 1543500
7645 57066625
7646 2315250
7647 3472875
7648 108000
7649 140320193
7650 64332554
7651 96498831
7652 12782924
7653 160831385
7654 19174386
7655 28761579
7656 1715000
7657 225163939
7658 31957310
7659 47935965
7660 2572500
7661 79893275
7662 3858750
7663 5788125
7664 162000
7665 353829047
7666 44740234
7667 67110351
7668 4287500
7669 111850585
7670 6431250
7671 9646875
7672 243000
7673 156590819
7674 10718750
7675 16078125
7676 364500
7677 26796875
7678 546750
7679 820125
7680 13824
7681 707281
7682 559682
7683 839523
7684 521284
7685 1399205
7686 781926
7687 1172889
7688 668168
7689 1958887
7690 1303210
7691 1954815
7692 1002252
7693 3258025
7694 1503378
7695 2255067
7696 456976
7697 3078251
7698 1824494
7699 2736741
7700 1670420
7701 4561235
7702 2505630
7703 3758445
7704 685464
7705 6385729
7706 4176050
7707 6264075
7708 1028196
7709 10440125
7710 1542294
7711 2313441
7712 468512
7713 3637933
7714 2867062
7715 4300593
7716 2338588
7717 7167655
7718 3507882
7719 5261823
7720 1142440
7721 10034717
7722 5846470
7723 8769705
7724 1713660
7725 14616175
7726 2570490
7727 3855735
7728 702768
7729 15768841
7730 8185058
7731 12277587
7732 2856100
7733 20462645
7734 4284150
7735 6426225
7736 1054152
7737 28647703
7738 7140250
7739 10710375
7740 1581228
7741 17850625
7742 2371842
7743 3557763
7744 153664
7745 4757297
7746 3388346
7747 5082519
7748 3674924
7749 8470865
7750 5512386
7751 8268579
7752 1599416
7753 11859211
7754 9187310
7755 13780965
7756 2399124
7757 22968275
7758 3598686
7759 5398029
7760 1171280
7761 18635903
7762 12862234
7763 19293351
7764 3998540
7765 32155585
7766 5997810
7767 8996715
7768 1756920
7769 45017819
7770 9996350
7771 14994525
7772 2635380
7773 24990875
7774 3953070
7775 5929605
7776 230496
7777 22024249
7778 20212082
7779 30318123
7780 5597956
7781 50530205
7782 8396934
7783 12595401
7784 2928200
7785 70742287
7786 13994890
7787 20992335
7788 4392300
7789 34987225
7790 6588450
7791 9882675
7792 345744
7793 111166451
7794 19592846
7795 29389269
7796 7320500
7797 48982115
7798 10980750
7799 16471125
7800 518616
7801 68574961
7802 18301250
7803 27451875
7804 777924
7805 45753125
7806 1166886
7807 1750329
7808 80000
7809 5316979
7810 4430914
7811 6646371
7812 4343092
7813 11077285
7814 6514638
7815 9771957
7816 2513368
7817 15508199
7818 10857730
7819 16286595
7820 3770052
7821 27144325
7822 5655078
7823 8482617
7824 1639792
7825 24370027
7826 15200822
7827 22801233
7828 6283420
7829 38002055
7830 9425130
7831 14137695
7832 2459688
7833 53202877
7834 15708550
7835 23562825
7836 3689532
7837 39271375
7838 5534298
7839 8301447
7840 384160
7841 28800941
7842 23887006
7843 35830509
7844 8796788
7845 59717515
7846 13195182
7847 19792773
7848 4099480
7849 83604521
7850 21991970
7851 32987955
7852 6149220
7853 54979925
7854 9223830
7855 13835745
7856 576240
7857 131378533
7858 30788758
7859 46183137
7860 10248700
7861 76971895
7862 15373050
7863 23059575
7864 864360
7865 107760653
7866 25621750
7867 38432625
7868 1296540
7869 64054375
7870 1944810
7871 2917215
7872 120000
7873 37662769
7874 28230098
7875 42345147
7876 13823524
7877 70575245
7878 20735286
7879 31102929
7880 5739272
7881 98805343
7882 34558810
7883 51838215
7884 8608908
7885 86397025
7886 12913362
7887 19370043
7888 960400
7889 155265539
7890 48382334
7891 72573501
7892 14348180
7893 120955835
7894 21522270
7895 32283405
7896 1440600
7897 169338169
7898 35870450
7899 53805675
7900 2160900
7901 89676125
7902 3241350
7903 4862025
7904 180000
7905 183495637
7906 76029382
7907 114044073
7908 20087452
7909 190073455
7910 30131178
7911 45196767
7912 2401000
7913 266102837
7914 50218630
7915 75327945
7916 3601500
7917 125546575
7918 5402250
7919 8103375
7920 270000
7921 418161601
7922 70306082
7923 105459123
7924 6002500
7925 175765205
7926 9003750
7927 13505625
7928 405000
7929 246071287
7930 15006250
7931 22509375
7932 607500
7933 37515625
7934 911250
7935 1366875
7936 20736
7937 6436343
7938 4952198
7939 7428297
7940 5679428
7941 12380495
7942 8519142
7943 12778713
7944 2970344
7945 17332693
7946 14198570
7947 21297855
7948 4455516
7949 35496425
7950 6683274
7951 10024911
7952 2576816
7953 27237089
7954 19877998
7955 29816997
7956 7425860
7957 49694995
7958 11138790
7959 16708185
7960 3865224
7961 69572993
7962 18564650
7963 27846975
7964 5797836
7965 46411625
7966 8696754
7967 13045131
7968 537824
7969 32189287
7970 31236854
7971 46855281
7972 10396204
7973 78092135
7974 15594306
7975 23391459
7976 6442040
7977 109328989
7978 25990510
7979 38985765
7980 9663060
7981 64976275
7982 14494590
7983 21741885
7984 806736
7985 171802697
7986 36386714
7987 54580071
7988 16105100
7989 90966785
7990 24157650
7991 36236475
7992 1210104
7993 127353499
7994 40262750
7995 60394125
7996 1815156
7997 100656875
7998 2722734
7999 4084101
8000 200000
8001 42093683
8002 36916282
8003 55374423
8004 16336892
8005 92290705
8006 24505338
8007 36758007
8008 9018856
8009 129206987
8010 40842230
8011 61263345
8012 13528284
8013 102105575
8014 20292426
8015 30438639
8016 1344560
8017 203039551
8018 57179122
8019 85768683
8020 22547140
8021 142947805
8022 33820710
8023 50731065
8024 2016840
8025 200126927
8026 56367850
8027 84551775
8028 3025260
8029 140919625
8030 4537890
8031 6806835
8032 300000
8033 239955833
8034 89852906
8035 134779359
8036 31565996
8037 224632265
8038 47348994
8039 71023491
8040 3361400
8041 314485171
8042 78914990
8043 118372485
8044 5042100
8045 197287475
8046 7563150
8047 11344725
8048 450000
8049 494190983
8050 110480986
8051 165721479
8052 8403500
8053 276202465
8054 12605250
8055 18907875
8056 675000
8057 386683451
8058 21008750
8059 31513125
8060 1012500
8061 52521875
8062 1518750
8063 2278125
8064 31104
8065 47045881
8066 48275138
8067 72412707
8068 19307236
8069 120687845
8070 28960854
8071 43441281
8072 14172488
8073 168962983
8074 48268090
8075 72402135
8076 21258732
8077 120670225
8078 31888098
8079 47832147
8080 1882384
8081 265513259
8082 67575326
8083 101362989
8084 35431220
8085 168938315
8086 53146830
8087 79720245
8088 2823576
8089 236513641
8090 88578050
8091 132867075
8092 4235364
8093 221445125
8094 6353046
8095 9529569
8096 500000
8097 313788397
8098 106189798
8099 159284697
8100 49603708
8101 265474495
8102 74405562
8103 111608343
8104 4705960
8105 371664293
8106 124009270
8107 186013905
8108 7058940
8109 310023175
8110 10588410
8111 15882615
8112 750000
8113 584043889
8114 173612978
8115 260419467
8116 11764900
8117 434032445
8118 17647350
8119 26471025
8120 1125000
8121 607645423
8122 29412250
8123 44118375
8124 1687500
8125 73530625
8126 2531250
8127 3796875
8128 46656
8129 410338673
8130 125497034
8131 188245551
8132 77948684
8133 313742585
8134 116923026
8135 175384539
8136 6588344
8137 439239619
8138 194871710
8139 292307565
8140 9882516
8141 487179275
8142 14823774
8143 22235661
8144 1250000
8145 690233687
8146 272820394
8147 409230591
8148 16470860
8149 682050985
8150 24706290
8151 37059435
8152 1875000
8153 954871379
8154 41177150
8155 61765725
8156 2812500
8157 102942875
8158 4218750
8159 6328125
8160 69984
8161 815730721
8162 428717762
8163 643076643
8164 23059204
8165 1071794405
8166 34588806
8167 51883209
8168 3125000
8169 1500512167
8170 57648010
8171 86472015
8172 4687500
8173 144120025
8174 7031250
8175 10546875
8176 104976
8177 2357947691
8178 80707214
8179 121060821
8180 7812500
8181 201768035
8182 11718750
8183 17578125
8184 157464
8185 282475249
8186 19531250
8187 29296875
8188 236196
8189 48828125
8190 354294
8191 531441
8192 8192
