1 1
2 1
3 2
4 3
5 3
6 4
7 5
8 5
9 6
10 6
11 6
12 8
13 8
14 8
15 10
16 9
17 10
18 11
19 11
20 12
21 12
22 12
23 12
24 16
25 14
26 14
27 16
28 16
29 16
30 16
31 20
32 17
33 17
34 20
35 21
36 19
37 20
38 22
39 21
40 22
41 23
42 23
43 24
44 24
45 24
46 24
47 24
48 32
49 24
50 25
51 30
52 28
53 26
54 30
55 30
56 28
57 32
58 30
59 32
60 32
61 32
62 32
63 40
64 33
65 31
66 38
67 35
68 33
69 39
70 40
71 37
72 38
73 40
74 39
75 40
76 39
77 42
78 40
79 41
80 43
81 44
82 43
83 43
84 46
85 44
86 45
87 47
88 47
89 46
90 48
91 48
92 48
93 48
94 48
95 48
96 64
97 41
98 52
99 54
100 56
101 48
102 54
103 54
104 50
105 60
106 52
107 54
108 58
109 60
110 53
111 60
112 60
113 52
114 62
115 66
116 55
117 62
118 68
119 62
120 58
121 72
122 58
123 61
124 78
125 57
126 71
127 68
128 64
129 63
130 73
131 63
132 71
133 72
134 72
135 80
136 61
137 71
138 77
139 65
140 80
141 71
142 69
143 77
144 75
145 73
146 77
147 79
148 76
149 80
150 79
151 75
152 82
153 77
154 80
155 80
156 78
157 83
158 83
159 78
160 85
161 82
162 85
163 84
164 84
165 88
166 83
167 87
168 88
169 87
170 86
171 90
172 88
173 87
174 92
175 90
176 91
177 92
178 92
179 94
180 92
181 93
182 94
183 94
184 96
185 94
186 96
187 96
188 96
189 96
190 96
191 96
192 128
193 72
194 96
195 115
196 100
197 84
198 114
199 110
200 93
201 106
202 124
203 82
204 101
205 111
206 108
207 118
208 104
209 108
210 106
211 114
212 104
213 114
214 109
215 100
216 109
217 120
218 112
219 108
220 118
221 106
222 105
223 130
224 110
225 114
226 115
227 112
228 107
229 120
230 114
231 122
232 121
233 120
234 114
235 138
236 110
237 122
238 119
239 120
240 130
241 132
242 113
243 133
244 123
245 118
246 125
247 121
248 129
249 122
250 136
251 129
252 116
253 149
254 137
255 120
256 123
257 143
258 146
259 107
260 139
261 138
262 139
263 135
264 120
265 146
266 135
267 143
268 129
269 151
270 133
271 135
272 136
273 148
274 148
275 136
276 144
277 143
278 152
279 129
280 139
281 151
282 140
283 148
284 136
285 151
286 159
287 125
288 147
289 153
290 148
291 154
292 152
293 136
294 152
295 155
296 146
297 144
298 162
299 151
300 157
301 154
302 149
303 160
304 155
305 152
306 155
307 162
308 154
309 159
310 153
311 165
312 157
313 154
314 168
315 161
316 156
317 160
318 168
319 153
320 169
321 170
322 159
323 161
324 172
325 161
326 168
327 161
328 172
329 171
330 161
331 171
332 172
333 167
334 172
335 172
336 168
337 175
338 170
339 171
340 173
341 174
342 175
343 175
344 174
345 176
346 174
347 177
348 182
349 175
350 178
351 178
352 184
353 177
354 178
355 184
356 180
357 179
358 186
359 179
360 185
361 185
362 184
363 186
364 184
365 187
366 188
367 186
368 186
369 188
370 190
371 187
372 188
373 190
374 192
375 188
376 192
377 190
378 192
379 192
380 192
381 192
382 192
383 192
384 256
385 135
386 202
387 210
388 188
389 200
390 220
391 186
392 196
393 202
394 242
395 149
396 201
397 229
398 171
399 193
400 238
401 188
402 193
403 206
404 228
405 202
406 193
407 220
408 196
409 210
410 202
411 214
412 220
413 182
414 217
415 234
416 204
417 208
418 215
419 215
420 222
421 218
422 194
423 231
424 186
425 216
426 236
427 210
428 240
429 204
430 211
431 230
432 230
433 164
434 234
435 241
436 239
437 214
438 220
439 222
440 230
441 222
442 222
443 212
444 226
445 228
446 230
447 228
448 230
449 214
450 228
451 252
452 203
453 242
454 233
455 219
456 252
457 230
458 215
459 243
460 238
461 242
462 228
463 244
464 228
465 228
466 238
467 240
468 221
469 249
470 228
471 238
472 237
473 248
474 237
475 231
476 238
477 245
478 250
479 234
480 239
481 234
482 262
483 228
484 228
485 286
486 239
487 235
488 271
489 249
490 240
491 242
492 252
493 261
494 233
495 253
496 268
497 243
498 234
499 269
500 257
501 244
502 264
503 227
504 273
505 273
506 240
507 257
508 258
509 245
510 262
511 257
512 256
513 266
514 275
515 252
516 252
517 292
518 250
519 263
520 276
521 264
522 271
523 223
524 303
525 254
526 266
527 286
528 252
529 276
530 289
531 233
532 284
533 279
534 256
535 252
536 275
537 290
538 264
539 258
540 284
541 291
542 275
543 245
544 302
545 290
546 246
547 297
548 278
549 251
550 287
551 277
552 282
553 279
554 272
555 292
556 256
557 300
558 295
559 227
560 313
561 301
562 260
563 299
564 301
565 255
566 311
567 280
568 290
569 282
570 286
571 304
572 288
573 302
574 295
575 287
576 304
577 296
578 288
579 302
580 304
581 272
582 305
583 317
584 272
585 283
586 328
587 262
588 307
589 301
590 301
591 296
592 300
593 280
594 320
595 297
596 295
597 306
598 312
599 261
600 318
601 321
602 287
603 296
604 314
605 313
606 288
607 305
608 329
609 294
610 307
611 315
612 296
613 322
614 320
615 291
616 307
617 321
618 309
619 315
620 317
621 310
622 309
623 322
624 310
625 321
626 308
627 308
628 338
629 324
630 307
631 334
632 323
633 304
634 326
635 330
636 308
637 333
638 313
639 323
640 321
641 337
642 322
643 325
644 312
645 336
646 325
647 324
648 333
649 317
650 327
651 344
652 315
653 329
654 332
655 329
656 333
657 344
658 329
659 322
660 341
661 340
662 329
663 333
664 343
665 331
666 333
667 340
668 344
669 332
670 338
671 338
672 344
673 343
674 332
675 347
676 345
677 333
678 343
679 342
680 345
681 339
682 350
683 341
684 347
685 344
686 346
687 349
688 346
689 348
690 349
691 350
692 350
693 350
694 348
695 353
696 357
697 347
698 352
699 361
700 353
701 355
702 352
703 360
704 358
705 353
706 359
707 360
708 357
709 359
710 355
711 364
712 361
713 359
714 361
715 358
716 370
717 356
718 366
719 363
720 357
721 370
722 371
723 361
724 363
725 368
726 372
727 363
728 367
729 372
730 372
731 358
732 377
733 368
734 367
735 372
736 372
737 374
738 372
739 373
740 372
741 374
742 376
743 374
744 376
745 375
746 377
747 378
748 377
749 375
750 378
751 382
752 382
753 374
754 380
755 380
756 384
757 380
758 384
759 380
760 384
761 382
762 384
763 384
764 384
765 384
766 384
767 384
768 512
769 278
770 398
771 451
772 362
773 373
774 408
775 379
776 415
777 355
778 417
779 370
780 388
781 416
782 430
783 363
784 396
785 394
786 416
787 389
788 381
789 434
790 390
791 367
792 409
793 492
794 284
795 417
796 448
797 367
798 408
799 416
800 452
801 310
802 430
803 451
804 369
805 417
806 414
807 422
808 444
809 397
810 370
811 439
812 412
813 380
814 427
815 429
816 410
817 408
818 398
819 432
820 382
821 422
822 468
823 372
824 383
825 464
826 396
827 416
828 450
829 374
830 444
831 440
832 384
833 416
834 443
835 411
836 418
837 451
838 432
839 408
840 426
841 398
842 430
843 410
844 451
845 483
846 335
847 440
848 462
849 420
850 399
851 433
852 457
853 423
854 459
855 431
856 445
857 456
858 375
859 434
860 522
861 381
862 407
863 514
864 408
865 408
866 430
867 457
868 434
869 461
870 449
871 396
872 469
873 473
874 390
875 479
876 468
877 381
878 445
879 468
880 461
881 404
882 468
883 468
884 408
885 453
886 414
887 482
888 430
889 463
890 448
891 452
892 456
893 436
894 435
895 481
896 476
897 422
898 432
899 485
900 455
901 434
902 449
903 482
904 413
905 483
906 492
907 420
908 475
909 483
910 451
911 478
912 476
913 455
914 463
915 441
916 473
917 464
918 461
919 434
920 482
921 457
922 458
923 466
924 453
925 480
926 478
927 442
928 467
929 463
930 484
931 449
932 458
933 459
934 469
935 476
936 478
937 485
938 480
939 476
940 466
941 459
942 466
943 473
944 488
945 467
946 449
947 473
948 500
949 452
950 462
951 518
952 474
953 475
954 473
955 501
956 447
957 514
958 483
959 466
960 478
961 481
962 462
963 506
964 479
965 482
966 463
967 559
968 483
969 441
970 511
971 527
972 470
973 457
974 565
975 452
976 517
977 492
978 481
979 469
980 526
981 475
982 509
983 495
984 480
985 513
986 488
987 506
988 519
989 456
990 494
991 495
992 477
993 486
994 550
995 473
996 453
997 605
998 492
999 499
1000 502
1001 533
1002 506
1003 471
1004 513
1005 508
1006 495
1007 525
1008 494
1009 480
1010 541
1011 461
1012 515
1013 516
1014 503
1015 525
1016 508
1017 497
1018 526
1019 532
1020 504
1021 541
1022 484
1023 520
1024 557
1025 494
1026 533
1027 512
1028 505
1029 595
1030 495
1031 514
1032 540
1033 524
1034 495
1035 541
1036 544
1037 529
1038 478
1039 563
1040 505
1041 525
1042 582
1043 492
1044 510
1045 531
1046 527
1047 528
1048 540
1049 509
1050 553
1051 509
1052 514
1053 560
1054 517
1055 517
1056 516
1057 575
1058 503
1059 484
1060 604
1061 526
1062 490
1063 592
1064 532
1065 527
1066 514
1067 563
1068 545
1069 543
1070 540
1071 485
1072 546
1073 593
1074 486
1075 563
1076 567
1077 537
1078 548
1079 508
1080 572
1081 547
1082 514
1083 557
1084 572
1085 518
1086 565
1087 553
1088 475
1089 595
1090 544
1091 565
1092 564
1093 528
1094 600
1095 533
1096 567
1097 590
1098 491
1099 574
1100 560
1101 577
1102 529
1103 561
1104 532
1105 604
1106 559
1107 505
1108 547
1109 574
1110 574
1111 580
1112 548
1113 534
1114 615
1115 529
1116 506
1117 622
1118 564
1119 535
1120 539
1121 633
1122 566
1123 540
1124 567
1125 578
1126 505
1127 560
1128 612
1129 574
1130 506
1131 621
1132 565
1133 546
1134 589
1135 547
1136 598
1137 559
1138 586
1139 583
1140 572
1141 577
1142 541
1143 598
1144 542
1145 593
1146 593
1147 544
1148 606
1149 558
1150 602
1151 531
1152 597
1153 565
1154 601
1155 573
1156 609
1157 550
1158 580
1159 596
1160 605
1161 511
1162 644
1163 578
1164 604
1165 563
1166 556
1167 629
1168 554
1169 575
1170 604
1171 575
1172 596
1173 608
1174 599
1175 584
1176 596
1177 552
1178 613
1179 619
1180 581
1181 578
1182 635
1183 591
1184 531
1185 652
1186 585
1187 539
1188 613
1189 631
1190 523
1191 657
1192 584
1193 569
1194 628
1195 588
1196 619
1197 582
1198 609
1199 622
1200 584
1201 623
1202 611
1203 604
1204 598
1205 626
1206 633
1207 567
1208 624
1209 605
1210 641
1211 574
1212 617
1213 618
1214 601
1215 626
1216 592
1217 617
1218 629
1219 588
1220 619
1221 591
1222 630
1223 603
1224 630
1225 606
1226 612
1227 601
1228 615
1229 658
1230 579
1231 617
1232 620
1233 629
1234 633
1235 575
1236 636
1237 650
1238 594
1239 637
1240 621
1241 631
1242 625
1243 605
1244 638
1245 626
1246 646
1247 631
1248 608
1249 646
1250 636
1251 604
1252 640
1253 639
1254 611
1255 619
1256 669
1257 620
1258 614
1259 659
1260 646
1261 578
1262 654
1263 638
1264 615
1265 635
1266 678
1267 624
1268 613
1269 669
1270 665
1271 575
1272 652
1273 662
1274 605
1275 660
1276 645
1277 644
1278 630
1279 647
1280 631
1281 653
1282 668
1283 598
1284 653
1285 672
1286 624
1287 624
1288 686
1289 627
1290 647
1291 655
1292 669
1293 623
1294 659
1295 652
1296 645
1297 651
1298 653
1299 658
1300 646
1301 654
1302 666
1303 650
1304 645
1305 670
1306 648
1307 655
1308 670
1309 655
1310 650
1311 673
1312 652
1313 661
1314 658
1315 676
1316 650
1317 677
1318 681
1319 635
1320 667
1321 678
1322 641
1323 686
1324 654
1325 661
1326 675
1327 648
1328 674
1329 668
1330 662
1331 665
1332 678
1333 673
1334 673
1335 658
1336 676
1337 682
1338 662
1339 677
1340 676
1341 674
1342 677
1343 665
1344 682
1345 678
1346 687
1347 673
1348 687
1349 674
1350 678
1351 676
1352 677
1353 678
1354 678
1355 666
1356 692
1357 681
1358 666
1359 693
1360 688
1361 687
1362 679
1363 692
1364 688
1365 676
1366 692
1367 697
1368 683
1369 690
1370 694
1371 672
1372 696
1373 688
1374 689
1375 695
1376 688
1377 698
1378 694
1379 683
1380 693
1381 698
1382 695
1383 690
1384 696
1385 701
1386 693
1387 694
1388 701
1389 699
1390 698
1391 700
1392 698
1393 703
1394 707
1395 696
1396 701
1397 712
1398 693
1399 708
1400 710
1401 700
1402 702
1403 715
1404 700
1405 702
1406 717
1407 702
1408 709
1409 713
1410 702
1411 711
1412 710
1413 712
1414 710
1415 713
1416 719
1417 710
1418 718
1419 714
1420 711
1421 715
1422 724
1423 718
1424 712
1425 719
1426 721
1427 716
1428 721
1429 716
1430 720
1431 722
1432 716
1433 720
1434 727
1435 715
1436 729
1437 728
1438 714
1439 732
1440 729
1441 720
1442 730
1443 720
1444 724
1445 738
1446 728
1447 722
1448 729
1449 720
1450 742
1451 717
1452 727
1453 744
1454 718
1455 738
1456 738
1457 726
1458 734
1459 736
1460 735
1461 740
1462 734
1463 733
1464 730
1465 749
1466 728
1467 739
1468 744
1469 740
1470 744
1471 721
1472 749
1473 745
1474 740
1475 744
1476 749
1477 735
1478 746
1479 744
1480 739
1481 750
1482 751
1483 745
1484 741
1485 748
1486 747
1487 745
1488 748
1489 750
1490 748
1491 748
1492 752
1493 749
1494 751
1495 753
1496 749
1497 753
1498 750
1499 752
1500 755
1501 752
1502 756
1503 760
1504 753
1505 757
1506 749
1507 762
1508 757
1509 760
1510 752
1511 762
1512 762
1513 764
1514 760
1515 762
1516 764
1517 754
1518 764
1519 764
1520 768
1521 754
1522 892
1523 612
1524 799
1525 827
1526 724
1527 804
1528 732
1529 735
1530 825
1531 807
1532 728
1533 789
1534 789
1535 754
1536 808
1537 735
1538 823
1539 739
1540 666
1541 909
1542 772
1543 777
1544 746
1545 928
1546 761
1547 731
1548 797
1549 780
1550 772
1551 821
1552 746
1553 799
1554 824
1555 742
1556 804
1557 803
1558 760
1559 800
1560 836
1561 750
1562 784
1563 750
1564 815
1565 807
1566 762
1567 801
1568 798
1569 963
1570 667
1571 742
1572 927
1573 765
1574 721
1575 829
1576 809
1577 889
1578 626
1579 824
1580 857
1581 743
1582 776
1583 848
1584 816
1585 652
1586 867
1587 833
1588 750
1589 792
1590 834
1591 796
1592 832
1593 749
1594 867
1595 702
1596 807
1597 871
1598 730
1599 828
1600 811
1601 763
1602 775
1603 876
1604 741
1605 780
1606 804
1607 867
1608 743
1609 806
1610 826
1611 811
1612 726
1613 912
1614 782
1615 776
1616 869
1617 775
1618 785
1619 894
1620 783
1621 795
1622 824
1623 866
1624 836
1625 814
1626 802
1627 844
1628 792
1629 845
1630 826
1631 833
1632 830
1633 903
1634 727
1635 852
1636 879
1637 778
1638 902
1639 755
1640 825
1641 824
1642 806
1643 883
1644 814
1645 824
1646 852
1647 789
1648 882
1649 906
1650 888
1651 759
1652 820
1653 851
1654 894
1655 751
1656 867
1657 882
1658 782
1659 736
1660 898
1661 864
1662 792
1663 812
1664 926
1665 796
1666 821
1667 731
1668 925
1669 856
1670 802
1671 890
1672 879
1673 647
1674 929
1675 882
1676 662
1677 942
1678 880
1679 790
1680 900
1681 868
1682 857
1683 825
1684 850
1685 933
1686 792
1687 861
1688 892
1689 817
1690 881
1691 760
1692 897
1693 907
1694 756
1695 857
1696 874
1697 798
1698 838
1699 815
1700 860
1701 812
1702 878
1703 916
1704 777
1705 901
1706 880
1707 830
1708 895
1709 895
1710 858
1711 833
1712 927
1713 877
1714 840
1715 911
1716 885
1717 798
1718 898
1719 879
1720 866
1721 861
1722 826
1723 829
1724 913
1725 888
1726 812
1727 849
1728 941
1729 842
1730 864
1731 920
1732 846
1733 862
1734 899
1735 891
1736 934
1737 786
1738 843
1739 951
1740 856
1741 843
1742 899
1743 906
1744 915
1745 852
1746 875
1747 950
1748 881
1749 850
1750 916
1751 845
1752 838
1753 916
1754 905
1755 807
1756 885
1757 931
1758 889
1759 899
1760 777
1761 887
1762 992
1763 919
1764 845
1765 817
1766 909
1767 837
1768 883
1769 872
1770 914
1771 941
1772 815
1773 867
1774 886
1775 938
1776 880
1777 830
1778 932
1779 892
1780 892
1781 926
1782 893
1783 904
1784 913
1785 873
1786 928
1787 897
1788 974
1789 885
1790 893
1791 924
1792 919
1793 851
1794 952
1795 898
1796 883
1797 948
1798 840
1799 899
1800 912
1801 912
1802 896
1803 872
1804 933
1805 928
1806 918
1807 931
1808 829
1809 971
1810 883
1811 893
1812 897
1813 955
1814 898
1815 986
1816 905
1817 916
1818 904
1819 923
1820 895
1821 910
1822 918
1823 938
1824 906
1825 916
1826 933
1827 913
1828 922
1829 893
1830 960
1831 876
1832 916
1833 978
1834 906
1835 919
1836 948
1837 924
1838 911
1839 908
1840 921
1841 941
1842 891
1843 923
1844 932
1845 913
1846 922
1847 949
1848 963
1849 869
1850 957
1851 944
1852 956
1853 905
1854 884
1855 989
1856 927
1857 918
1858 915
1859 947
1860 922
1861 939
1862 932
1863 902
1864 920
1865 973
1866 885
1867 944
1868 948
1869 937
1870 917
1871 942
1872 985
1873 879
1874 936
1875 929
1876 939
1877 980
1878 908
1879 1012
1880 904
1881 953
1882 944
1883 960
1884 919
1885 943
1886 1032
1887 919
1888 886
1889 982
1890 988
1891 965
1892 855
1893 945
1894 1015
1895 923
1896 861
1897 1109
1898 963
1899 868
1900 1025
1901 992
1902 832
1903 963
1904 1005
1905 921
1906 947
1907 966
1908 947
1909 935
1910 958
1911 992
1912 955
1913 940
1914 1031
1915 860
1916 969
1917 1075
1918 862
1919 1026
1920 938
1921 976
1922 929
1923 1023
1924 907
1925 975
1926 1050
1927 855
1928 1038
1929 938
1930 933
1931 978
1932 972
1933 982
1934 936
1935 974
1936 964
1937 963
1938 1017
1939 975
1940 948
1941 949
1942 1036
1943 970
1944 1040
1945 935
1946 953
1947 1065
1948 941
1949 902
1950 1020
1951 958
1952 1008
1953 940
1954 952
1955 996
1956 991
1957 944
1958 1062
1959 947
1960 948
1961 1019
1962 976
1963 994
1964 1030
1965 1003
1966 984
1967 974
1968 1030
1969 949
1970 1007
1971 963
1972 962
1973 1002
1974 985
1975 951
1976 989
1977 1052
1978 934
1979 973
1980 1052
1981 957
1982 978
1983 1041
1984 968
1985 985
1986 1059
1987 973
1988 988
1989 1041
1990 958
1991 986
1992 990
1993 996
1994 1005
1995 993
1996 966
1997 1027
1998 1067
1999 928
2000 1005
2001 1046
2002 1052
2003 1032
2004 944
2005 983
2006 1010
2007 1162
2008 827
2009 1075
2010 1067
2011 966
2012 994
2013 1060
2014 977
2015 979
2016 1092
2017 958
2018 1082
2019 1011
2020 960
2021 1067
2022 991
2023 987
2024 1053
2025 948
2026 1005
2027 992
2028 1064
2029 1011
2030 995
2031 1048
2032 1009
2033 1070
2034 973
2035 972
2036 1124
2037 982
2038 979
2039 1179
2040 907
2041 996
2042 1074
2043 969
2044 1074
2045 1094
2046 944
2047 1036
2048 1047
2049 1022
2050 976
2051 1158
2052 1002
2053 990
2054 1046
2055 1007
2056 1050
2057 1078
2058 1020
2059 1038
2060 989
2061 1066
2062 1046
2063 1102
2064 988
2065 1043
2066 1068
2067 1056
2068 1017
2069 1030
2070 1065
2071 1020
2072 1039
2073 1055
2074 1073
2075 1010
2076 985
2077 1127
2078 1046
2079 998
2080 1009
2081 1103
2082 1062
2083 1067
2084 981
2085 1058
2086 1109
2087 1076
2088 984
2089 1120
2090 1070
2091 1068
2092 1041
2093 1008
2094 1125
2095 1064
2096 1067
2097 1019
2098 1022
2099 1109
2100 1043
2101 980
2102 1050
2103 1100
2104 1030
2105 1071
2106 1108
2107 1043
2108 1029
2109 1086
2110 1104
2111 1019
2112 1022
2113 1165
2114 1016
2115 1036
2116 1132
2117 1060
2118 991
2119 1096
2120 1131
2121 988
2122 1084
2123 1110
2124 1008
2125 1147
2126 1033
2127 1126
2128 1039
2129 1015
2130 1094
2131 1035
2132 1068
2133 1018
2134 1020
2135 1151
2136 1019
2137 1052
2138 1100
2139 1116
2140 1062
2141 1002
2142 1144
2143 1076
2144 1047
2145 1034
2146 1122
2147 1028
2148 1072
2149 1170
2150 1074
2151 1012
2152 1120
2153 1101
2154 1055
2155 1077
2156 1085
2157 1118
2158 1098
2159 1051
2160 1064
2161 1164
2162 983
2163 1080
2164 1150
2165 1043
2166 1048
2167 1102
2168 1053
2169 1069
2170 1199
2171 999
2172 1065
2173 1146
2174 1079
2175 1162
2176 1093
2177 1097
2178 1065
2179 1129
2180 1038
2181 1112
2182 1082
2183 1062
2184 1095
2185 1084
2186 1094
2187 1089
2188 1174
2189 1085
2190 1112
2191 1067
2192 1150
2193 997
2194 1092
2195 1170
2196 1065
2197 1077
2198 1179
2199 1070
2200 1047
2201 1222
2202 1099
2203 1007
2204 1186
2205 1141
2206 1031
2207 1110
2208 1043
2209 1130
2210 1201
2211 1088
2212 1028
2213 1230
2214 1065
2215 1115
2216 1108
2217 1103
2218 1103
2219 1012
2220 1246
2221 1057
2222 1080
2223 1154
2224 1082
2225 1083
2226 1140
2227 1095
2228 1021
2229 1213
2230 1102
2231 1100
2232 1071
2233 1190
2234 1088
2235 1075
2236 1117
2237 1183
2238 1150
2239 1111
2240 1118
2241 1046
2242 1186
2243 1157
2244 1056
2245 1106
2246 1095
2247 1174
2248 1051
2249 1172
2250 1170
2251 1055
2252 1096
2253 1159
2254 1113
2255 1108
2256 1204
2257 1118
2258 1089
2259 1181
2260 1083
2261 1185
2262 1156
2263 1053
2264 1121
2265 1159
2266 1098
2267 1122
2268 1197
2269 1090
2270 1174
2271 1168
2272 1023
2273 1240
2274 1099
2275 1137
2276 1135
2277 1113
2278 1161
2279 1120
2280 1140
2281 1088
2282 1169
2283 1203
2284 1076
2285 1119
2286 1270
2287 1051
2288 1176
2289 1128
2290 1259
2291 1118
2292 1123
2293 1188
2294 1134
2295 1016
2296 1275
2297 1137
2298 1031
2299 1257
2300 1161
2301 1082
2302 1196
2303 1096
2304 1171
2305 1194
2306 1095
2307 1151
2308 1168
2309 1157
2310 1106
2311 1227
2312 1151
2313 1209
2314 1182
2315 1105
2316 1163
2317 1218
2318 1133
2319 1162
2320 1119
2321 1207
2322 1133
2323 1029
2324 1309
2325 1153
2326 1105
2327 1229
2328 1177
2329 1157
2330 1173
2331 1179
2332 1161
2333 1197
2334 1167
2335 1140
2336 1194
2337 1180
2338 1122
2339 1213
2340 1189
2341 1209
2342 1111
2343 1209
2344 1176
2345 1173
2346 1212
2347 1146
2348 1209
2349 1176
2350 1176
2351 1168
2352 1127
2353 1264
2354 1145
2355 1206
2356 1176
2357 1109
2358 1281
2359 1184
2360 1104
2361 1172
2362 1137
2363 1269
2364 1134
2365 1184
2366 1255
2367 1139
2368 1192
2369 1131
2370 1250
2371 1254
2372 1130
2373 1140
2374 1271
2375 1107
2376 1273
2377 1197
2378 1182
2379 1217
2380 1187
2381 1232
2382 1190
2383 1100
2384 1281
2385 1204
2386 1239
2387 1197
2388 1215
2389 1183
2390 1151
2391 1245
2392 1175
2393 1235
2394 1184
2395 1179
2396 1234
2397 1207
2398 1261
2399 1170
2400 1162
2401 1254
2402 1227
2403 1154
2404 1188
2405 1221
2406 1281
2407 1090
2408 1241
2409 1189
2410 1166
2411 1256
2412 1255
2413 1130
2414 1249
2415 1228
2416 1242
2417 1215
2418 1200
2419 1186
2420 1252
2421 1150
2422 1256
2423 1291
2424 1100
2425 1250
2426 1271
2427 1161
2428 1174
2429 1232
2430 1278
2431 1187
2432 1227
2433 1279
2434 1140
2435 1261
2436 1229
2437 1220
2438 1234
2439 1214
2440 1245
2441 1220
2442 1212
2443 1220
2444 1250
2445 1194
2446 1259
2447 1252
2448 1250
2449 1204
2450 1230
2451 1222
2452 1209
2453 1255
2454 1248
2455 1151
2456 1294
2457 1226
2458 1224
2459 1204
2460 1305
2461 1229
2462 1179
2463 1286
2464 1285
2465 1200
2466 1256
2467 1198
2468 1282
2469 1114
2470 1305
2471 1237
2472 1204
2473 1305
2474 1240
2475 1179
2476 1287
2477 1176
2478 1323
2479 1259
2480 1141
2481 1306
2482 1270
2483 1170
2484 1259
2485 1288
2486 1210
2487 1266
2488 1260
2489 1261
2490 1237
2491 1190
2492 1285
2493 1274
2494 1224
2495 1166
2496 1314
2497 1256
2498 1156
2499 1270
2500 1261
2501 1238
2502 1246
2503 1255
2504 1260
2505 1262
2506 1284
2507 1229
2508 1277
2509 1251
2510 1288
2511 1249
2512 1268
2513 1241
2514 1308
2515 1172
2516 1306
2517 1252
2518 1295
2519 1254
2520 1284
2521 1274
2522 1202
2523 1324
2524 1225
2525 1269
2526 1274
2527 1253
2528 1271
2529 1259
2530 1234
2531 1303
2532 1311
2533 1209
2534 1264
2535 1250
2536 1276
2537 1202
2538 1330
2539 1287
2540 1280
2541 1189
2542 1332
2543 1252
2544 1286
2545 1282
2546 1261
2547 1259
2548 1251
2549 1300
2550 1294
2551 1224
2552 1288
2553 1303
2554 1282
2555 1302
2556 1216
2557 1293
2558 1312
2559 1309
2560 1212
2561 1314
2562 1286
2563 1290
2564 1235
2565 1322
2566 1303
2567 1241
2568 1283
2569 1298
2570 1276
2571 1314
2572 1259
2573 1317
2574 1296
2575 1261
2576 1307
2577 1315
2578 1213
2579 1307
2580 1359
2581 1235
2582 1276
2583 1342
2584 1295
2585 1252
2586 1328
2587 1317
2588 1221
2589 1335
2590 1309
2591 1337
2592 1217
2593 1357
2594 1348
2595 1225
2596 1280
2597 1373
2598 1287
2599 1264
2600 1337
2601 1297
2602 1305
2603 1301
2604 1308
2605 1296
2606 1303
2607 1318
2608 1317
2609 1324
2610 1247
2611 1312
2612 1322
2613 1309
2614 1339
2615 1293
2616 1330
2617 1278
2618 1362
2619 1294
2620 1289
2621 1326
2622 1318
2623 1321
2624 1298
2625 1293
2626 1347
2627 1304
2628 1307
2629 1302
2630 1360
2631 1243
2632 1351
2633 1366
2634 1211
2635 1381
2636 1338
2637 1327
2638 1319
2639 1319
2640 1356
2641 1313
2642 1292
2643 1338
2644 1325
2645 1322
2646 1332
2647 1337
2648 1323
2649 1327
2650 1334
2651 1331
2652 1359
2653 1300
2654 1330
2655 1327
2656 1343
2657 1320
2658 1338
2659 1355
2660 1311
2661 1326
2662 1352
2663 1355
2664 1307
2665 1316
2666 1371
2667 1321
2668 1324
2669 1365
2670 1357
2671 1306
2672 1368
2673 1367
2674 1303
2675 1366
2676 1338
2677 1350
2678 1350
2679 1336
2680 1344
2681 1360
2682 1303
2683 1379
2684 1368
2685 1325
2686 1368
2687 1314
2688 1356
2689 1368
2690 1314
2691 1384
2692 1364
2693 1323
2694 1334
2695 1383
2696 1340
2697 1339
2698 1359
2699 1364
2700 1350
2701 1358
2702 1359
2703 1360
2704 1360
2705 1356
2706 1365
2707 1353
2708 1331
2709 1386
2710 1337
2711 1350
2712 1374
2713 1369
2714 1354
2715 1374
2716 1356
2717 1352
2718 1371
2719 1384
2720 1350
2721 1354
2722 1379
2723 1372
2724 1355
2725 1372
2726 1350
2727 1364
2728 1382
2729 1349
2730 1385
2731 1382
2732 1351
2733 1371
2734 1382
2735 1366
2736 1372
2737 1348
2738 1390
2739 1374
2740 1370
2741 1369
2742 1384
2743 1382
2744 1367
2745 1386
2746 1371
2747 1375
2748 1386
2749 1381
2750 1378
2751 1382
2752 1383
2753 1366
2754 1373
2755 1394
2756 1369
2757 1393
2758 1375
2759 1388
2760 1397
2761 1376
2762 1369
2763 1401
2764 1388
2765 1386
2766 1387
2767 1391
2768 1396
2769 1382
2770 1390
2771 1397
2772 1390
2773 1378
2774 1397
2775 1406
2776 1377
2777 1382
2778 1401
2779 1406
2780 1372
2781 1408
2782 1391
2783 1393
2784 1403
2785 1393
2786 1393
2787 1414
2788 1385
2789 1395
2790 1398
2791 1404
2792 1408
2793 1400
2794 1400
2795 1392
2796 1401
2797 1403
2798 1408
2799 1401
2800 1406
2801 1406
2802 1402
2803 1412
2804 1400
2805 1405
2806 1417
2807 1400
2808 1409
2809 1423
2810 1394
2811 1411
2812 1418
2813 1398
2814 1420
2815 1406
2816 1403
2817 1421
2818 1425
2819 1400
2820 1407
2821 1425
2822 1425
2823 1386
2824 1422
2825 1447
2826 1383
2827 1417
2828 1449
2829 1403
2830 1414
2831 1431
2832 1418
2833 1415
2834 1433
2835 1413
2836 1433
2837 1412
2838 1423
2839 1435
2840 1412
2841 1433
2842 1433
2843 1404
2844 1440
2845 1422
2846 1429
2847 1437
2848 1425
2849 1422
2850 1440
2851 1427
2852 1429
2853 1433
2854 1434
2855 1439
2856 1434
2857 1436
2858 1436
2859 1436
2860 1424
2861 1447
2862 1427
2863 1448
2864 1447
2865 1428
2866 1428
2867 1464
2868 1429
2869 1431
2870 1452
2871 1443
2872 1427
2873 1448
2874 1443
2875 1432
2876 1444
2877 1458
2878 1438
2879 1435
2880 1468
2881 1440
2882 1440
2883 1440
2884 1448
2885 1466
2886 1425
2887 1449
2888 1465
2889 1441
2890 1439
2891 1469
2892 1462
2893 1434
2894 1451
2895 1464
2896 1454
2897 1440
2898 1458
2899 1456
2900 1454
2901 1460
2902 1459
2903 1444
2904 1473
2905 1456
2906 1462
2907 1455
2908 1472
2909 1446
2910 1444
2911 1488
2912 1456
2913 1445
2914 1474
2915 1464
2916 1457
2917 1479
2918 1472
2919 1451
2920 1469
2921 1471
2922 1461
2923 1461
2924 1466
2925 1466
2926 1470
2927 1466
2928 1468
2929 1473
2930 1460
2931 1455
2932 1484
2933 1466
2934 1486
2935 1460
2936 1491
2937 1463
2938 1466
2939 1494
2940 1468
2941 1467
2942 1484
2943 1485
2944 1471
2945 1475
2946 1465
2947 1500
2948 1474
2949 1464
2950 1496
2951 1483
2952 1478
2953 1488
2954 1477
2955 1485
2956 1465
2957 1501
2958 1475
2959 1475
2960 1496
2961 1496
2962 1456
2963 1501
2964 1490
2965 1474
2966 1501
2967 1477
2968 1487
2969 1503
2970 1484
2971 1489
2972 1493
2973 1480
2974 1501
2975 1493
2976 1489
2977 1489
2978 1500
2979 1492
2980 1487
2981 1501
2982 1503
2983 1490
2984 1501
2985 1494
2986 1500
2987 1494
2988 1499
2989 1501
2990 1498
2991 1497
2992 1504
2993 1499
2994 1501
2995 1500
2996 1502
2997 1506
2998 1501
2999 1499
3000 1504
3001 1509
3002 1499
3003 1504
3004 1512
3005 1501
3006 1508
3007 1501
3008 1517
3009 1509
3010 1501
3011 1508
3012 1515
3013 1507
3014 1514
3015 1509
3016 1518
3017 1509
3018 1515
3019 1505
3020 1519
3021 1520
3022 1516
3023 1522
3024 1513
3025 1522
3026 1517
3027 1509
3028 1526
3029 1528
3030 1509
3031 1652
3032 1305
3033 1639
3034 1538
3035 1454
3036 1526
3037 1610
3038 1483
3039 1520
3040 1571
3041 1498
3042 1467
3043 1737
3044 1544
3045 1422
3046 1592
3047 1552
3048 1487
3049 1537
3050 1514
3051 1495
3052 1626
3053 1476
3054 1347
3055 1719
3056 1577
3057 1401
3058 1632
3059 1498
3060 1505
3061 1554
3062 1560
3063 1520
3064 1499
3065 1690
3066 1489
3067 1324
3068 1739
3069 1514
3070 1469
3071 1578
3072 1627
3073 1481
3074 1471
3075 1608
3076 1524
3077 1539
3078 1563
3079 1430
3080 1642
3081 1491
3082 1525
3083 1592
3084 1552
3085 1538
3086 1586
3087 1532
3088 1560
3089 1538
3090 1571
3091 1567
3092 1581
3093 1486
3094 1507
3095 1556
3096 1458
3097 1664
3098 1552
3099 1446
3100 1691
3101 1453
3102 1617
3103 1635
3104 1485
3105 1527
3106 1619
3107 1605
3108 1510
3109 1581
3110 1546
3111 1632
3112 1501
3113 1476
3114 1814
3115 1409
3116 1496
3117 1690
3118 1545
3119 1437
3120 1654
3121 1589
3122 1533
3123 1623
3124 1548
3125 1645
3126 1376
3127 1596
3128 1566
3129 1539
3130 1611
3131 1600
3132 1482
3133 1548
3134 1687
3135 1562
3136 1441
3137 1703
3138 1513
3139 1531
3140 1650
3141 1574
3142 1550
3143 1712
3144 1583
3145 1504
3146 1556
3147 1679
3148 1572
3149 1633
3150 1380
3151 1705
3152 1537
3153 1598
3154 1579
3155 1612
3156 1635
3157 1820
3158 1274
3159 1620
3160 1698
3161 1642
3162 1498
3163 1550
3164 1603
3165 1560
3166 1554
3167 1779
3168 1481
3169 1590
3170 1674
3171 1496
3172 1412
3173 1829
3174 1670
3175 1444
3176 1595
3177 1638
3178 1514
3179 1705
3180 1565
3181 1618
3182 1590
3183 1556
3184 1659
3185 1569
3186 1579
3187 1528
3188 1704
3189 1612
3190 1373
3191 1728
3192 1653
3193 1415
3194 1801
3195 1599
3196 1567
3197 1556
3198 1639
3199 1719
3200 1500
3201 1563
3202 1633
3203 1492
3204 1669
3205 1685
3206 1489
3207 1790
3208 1597
3209 1440
3210 1826
3211 1642
3212 1360
3213 1647
3214 1685
3215 1623
3216 1556
3217 1731
3218 1537
3219 1605
3220 1601
3221 1652
3222 1462
3223 1629
3224 1694
3225 1614
3226 1454
3227 1779
3228 1606
3229 1608
3230 1660
3231 1608
3232 1763
3233 1558
3234 1383
3235 1898
3236 1567
3237 1479
3238 1789
3239 1519
3240 1578
3241 1638
3242 1667
3243 1589
3244 1640
3245 1647
3246 1632
3247 1587
3248 1733
3249 1556
3250 1510
3251 1700
3252 1645
3253 1542
3254 1733
3255 1769
3256 1357
3257 1773
3258 1740
3259 1511
3260 1618
3261 1799
3262 1547
3263 1615
3264 1704
3265 1638
3266 1576
3267 1605
3268 1709
3269 1762
3270 1507
3271 1605
3272 1548
3273 1813
3274 1552
3275 1563
3276 1790
3277 1585
3278 1655
3279 1592
3280 1706
3281 1646
3282 1688
3283 1480
3284 1740
3285 1856
3286 1481
3287 1640
3288 1813
3289 1655
3290 1587
3291 1656
3292 1780
3293 1542
3294 1598
3295 1714
3296 1614
3297 1673
3298 1664
3299 1654
3300 1731
3301 1456
3302 1664
3303 1704
3304 1636
3305 1619
3306 1663
3307 1706
3308 1599
3309 1734
3310 1642
3311 1745
3312 1603
3313 1656
3314 1615
3315 1596
3316 1678
3317 1616
3318 1703
3319 1785
3320 1529
3321 1727
3322 1553
3323 1721
3324 1817
3325 1498
3326 1682
3327 1717
3328 1663
3329 1547
3330 1635
3331 1787
3332 1726
3333 1628
3334 1623
3335 1757
3336 1701
3337 1736
3338 1553
3339 1804
3340 1705
3341 1614
3342 1719
3343 1678
3344 1635
3345 1589
3346 1764
3347 1737
3348 1627
3349 1552
3350 1669
3351 1756
3352 1632
3353 1732
3354 1650
3355 1767
3356 1672
3357 1767
3358 1588
3359 1773
3360 1648
3361 1627
3362 1731
3363 1764
3364 1714
3365 1522
3366 1752
3367 1689
3368 1659
3369 1758
3370 1559
3371 1809
3372 1705
3373 1740
3374 1583
3375 1771
3376 1631
3377 1679
3378 1765
3379 1642
3380 1619
3381 1943
3382 1651
3383 1575
3384 1833
3385 1629
3386 1730
3387 1771
3388 1557
3389 1701
3390 1795
3391 1688
3392 1648
3393 1753
3394 1699
3395 1680
3396 1683
3397 1638
3398 1688
3399 1720
3400 1827
3401 1589
3402 1784
3403 1792
3404 1509
3405 1773
3406 2012
3407 1423
3408 1686
3409 1888
3410 1805
3411 1416
3412 1833
3413 1884
3414 1568
3415 1756
3416 1861
3417 1668
3418 1719
3419 1705
3420 1723
3421 1723
3422 1630
3423 1711
3424 1829
3425 1647
3426 1763
3427 1818
3428 1622
3429 1742
3430 1721
3431 1675
3432 1764
3433 1745
3434 1619
3435 1786
3436 1804
3437 1662
3438 1607
3439 1746
3440 1734
3441 1687
3442 1702
3443 1728
3444 1784
3445 1662
3446 1705
3447 1772
3448 1568
3449 1895
3450 1686
3451 1621
3452 1785
3453 1841
3454 1768
3455 1643
3456 1847
3457 1724
3458 1710
3459 1741
3460 1795
3461 1687
3462 1669
3463 1832
3464 1728
3465 1689
3466 1673
3467 1884
3468 1714
3469 1459
3470 1851
3471 1777
3472 1652
3473 1784
3474 1799
3475 1422
3476 1988
3477 1757
3478 1609
3479 1743
3480 1728
3481 1759
3482 1734
3483 1763
3484 1777
3485 1721
3486 1712
3487 1847
3488 1704
3489 1679
3490 1821
3491 1699
3492 1741
3493 1790
3494 1693
3495 1797
3496 1687
3497 1743
3498 1700
3499 1784
3500 1797
3501 1575
3502 1756
3503 1988
3504 1645
3505 1676
3506 1899
3507 1619
3508 1788
3509 1849
3510 1690
3511 1702
3512 1801
3513 1820
3514 1633
3515 1801
3516 1871
3517 1737
3518 1715
3519 1826
3520 1684
3521 1781
3522 1754
3523 1771
3524 1830
3525 1762
3526 1719
3527 1646
3528 1915
3529 1742
3530 1750
3531 1811
3532 1754
3533 1718
3534 1797
3535 1759
3536 1781
3537 1817
3538 1792
3539 1776
3540 1726
3541 1803
3542 1856
3543 1717
3544 1805
3545 1778
3546 1726
3547 1782
3548 1827
3549 1663
3550 1748
3551 1758
3552 1885
3553 1823
3554 1776
3555 1738
3556 1796
3557 1810
3558 1873
3559 1642
3560 1723
3561 1937
3562 1722
3563 1743
3564 1801
3565 1763
3566 1689
3567 1841
3568 1861
3569 1836
3570 1794
3571 1721
3572 1876
3573 1754
3574 1733
3575 1801
3576 1861
3577 1765
3578 1753
3579 1831
3580 1763
3581 1820
3582 1915
3583 1844
3584 1712
3585 1722
3586 1856
3587 1893
3588 1703
3589 1906
3590 1769
3591 1851
3592 1781
3593 1796
3594 1795
3595 1811
3596 1785
3597 1825
3598 1822
3599 1716
3600 1851
3601 1859
3602 1751
3603 1871
3604 1767
3605 1810
3606 1791
3607 1853
3608 1723
3609 1917
3610 1826
3611 1629
3612 1969
3613 1782
3614 1740
3615 1907
3616 1834
3617 1762
3618 1840
3619 1810
3620 1775
3621 1815
3622 1880
3623 1735
3624 1897
3625 1929
3626 1640
3627 1811
3628 1904
3629 1792
3630 1723
3631 1855
3632 1765
3633 1880
3634 1842
3635 1658
3636 1886
3637 1818
3638 1733
3639 1857
3640 1870
3641 1854
3642 1789
3643 1769
3644 1918
3645 1788
3646 1856
3647 1871
3648 1749
3649 1957
3650 1899
3651 1594
3652 1936
3653 1836
3654 1802
3655 1828
3656 1806
3657 1837
3658 1866
3659 1769
3660 1917
3661 1770
3662 1707
3663 1936
3664 1885
3665 1734
3666 1898
3667 1854
3668 1812
3669 1904
3670 1824
3671 1786
3672 1995
3673 1799
3674 1719
3675 1930
3676 1819
3677 1865
3678 1902
3679 1728
3680 1940
3681 1783
3682 1767
3683 1994
3684 1956
3685 1602
3686 1845
3687 1949
3688 1874
3689 1842
3690 1868
3691 1807
3692 1849
3693 1964
3694 1777
3695 1782
3696 2057
3697 1685
3698 1884
3699 1963
3700 1691
3701 1910
3702 1885
3703 1755
3704 1825
3705 1924
3706 1846
3707 1843
3708 1905
3709 1818
3710 1783
3711 1983
3712 1780
3713 1846
3714 1884
3715 1813
3716 1879
3717 1916
3718 1804
3719 1732
3720 1957
3721 1886
3722 1765
3723 1986
3724 1790
3725 1925
3726 1876
3727 1840
3728 1842
3729 1901
3730 1779
3731 1968
3732 1785
3733 1758
3734 1891
3735 1984
3736 1751
3737 1975
3738 1892
3739 1794
3740 1916
3741 1981
3742 1820
3743 2015
3744 1749
3745 1830
3746 1996
3747 1920
3748 1760
3749 1934
3750 1863
3751 1802
3752 2002
3753 1803
3754 1796
3755 1955
3756 1860
3757 2005
3758 1879
3759 1809
3760 1911
3761 1965
3762 1892
3763 1782
3764 1963
3765 1937
3766 1765
3767 2012
3768 1917
3769 1887
3770 1865
3771 1866
3772 1913
3773 1888
3774 1971
3775 1852
3776 1835
3777 2011
3778 1807
3779 1845
3780 1976
3781 1892
3782 1906
3783 1945
3784 1816
3785 1870
3786 1976
3787 1968
3788 1792
3789 1937
3790 1972
3791 1807
3792 1880
3793 1999
3794 1929
3795 1768
3796 2008
3797 1896
3798 1725
3799 2036
3800 1855
3801 1770
3802 2074
3803 1912
3804 1719
3805 2054
3806 1914
3807 1861
3808 2080
3809 1783
3810 1856
3811 2060
3812 1829
3813 1884
3814 1918
3815 2087
3816 1805
3817 1858
3818 2008
3819 1912
3820 1844
3821 1987
3822 1853
3823 1955
3824 1900
3825 1892
3826 1986
3827 1915
3828 1831
3829 2098
3830 1774
3831 1940
3832 1875
3833 2007
3834 1860
3835 1873
3836 1983
3837 1914
3838 1896
3839 1945
3840 1963
3841 1769
3842 2067
3843 1953
3844 1795
3845 1831
3846 2137
3847 1950
3848 1796
3849 1858
3850 2036
3851 1982
3852 1822
3853 1990
3854 1929
3855 2023
3856 1833
3857 1959
3858 1816
3859 1994
3860 1959
3861 1776
3862 2072
3863 2000
3864 1839
3865 1978
3866 1878
3867 2023
3868 1871
3869 1989
3870 1881
3871 1902
3872 1993
3873 1867
3874 2115
3875 1604
3876 1910
3877 2214
3878 1956
3879 1819
3880 1973
3881 1993
3882 1917
3883 1972
3884 1929
3885 1931
3886 1940
3887 2056
3888 1857
3889 1987
3890 2033
3891 1920
3892 1909
3893 1970
3894 1892
3895 2007
3896 1926
3897 1951
3898 2027
3899 1926
3900 1864
3901 1933
3902 1928
3903 1958
3904 1942
3905 2059
3906 1979
3907 2001
3908 1904
3909 1930
3910 2062
3911 1826
3912 2066
3913 2025
3914 1945
3915 1995
3916 1939
3917 1863
3918 1980
3919 2025
3920 1871
3921 1837
3922 2216
3923 1939
3924 1880
3925 2153
3926 1811
3927 2018
3928 2018
3929 1984
3930 1908
3931 2052
3932 1957
3933 1942
3934 2042
3935 1941
3936 2008
3937 1904
3938 1906
3939 2042
3940 1936
3941 1851
3942 2078
3943 2014
3944 1818
3945 2104
3946 1930
3947 1881
3948 2138
3949 1910
3950 1804
3951 2024
3952 2110
3953 1861
3954 1940
3955 2104
3956 2048
3957 1840
3958 1949
3959 2163
3960 1914
3961 1876
3962 2156
3963 2007
3964 1773
3965 2212
3966 1902
3967 1850
3968 2059
3969 2054
3970 1961
3971 2142
3972 1926
3973 1912
3974 2093
3975 2046
3976 1893
3977 1959
3978 2069
3979 1918
3980 2038
3981 2072
3982 1998
3983 1977
3984 2221
3985 1672
3986 1999
3987 2093
3988 1964
3989 1809
3990 2117
3991 2018
3992 1914
3993 1949
3994 2103
3995 1799
3996 2022
3997 2130
3998 1937
3999 1983
4000 2060
4001 2031
4002 1999
4003 1906
4004 2005
4005 2114
4006 1901
4007 2053
4008 2039
4009 1998
4010 1957
4011 2106
4012 1954
4013 2004
4014 2056
4015 1913
4016 2048
4017 1979
4018 2186
4019 1885
4020 2057
4021 2049
4022 2005
4023 2067
4024 1955
4025 2127
4026 1888
4027 2141
4028 1981
4029 1933
4030 2041
4031 1980
4032 1988
4033 2084
4034 1964
4035 1978
4036 2059
4037 1972
4038 2041
4039 2123
4040 2003
4041 1841
4042 2401
4043 1905
4044 1999
4045 2006
4046 1943
4047 2026
4048 2062
4049 1960
4050 2058
4051 2064
4052 1993
4053 2030
4054 2119
4055 1912
4056 2010
4057 2070
4058 2035
4059 2094
4060 1932
4061 1989
4062 2149
4063 2104
4064 1808
4065 2137
4066 2027
4067 1840
4068 2017
4069 2215
4070 1979
4071 1968
4072 2038
4073 2043
4074 2172
4075 1972
4076 2035
4077 2145
4078 1951
4079 1975
4080 2086
4081 2101
4082 1923
4083 2042
4084 2238
4085 1918
4086 2016
4087 2089
4088 1967
4089 2089
4090 2156
4091 2026
4092 2032
4093 2122
4094 2008
4095 2078
4096 2066
4097 2059
4098 2188
4099 1899
4100 2177
4101 2006
4102 2042
4103 2085
4104 2057
4105 2007
4106 2131
4107 2032
4108 2037
4109 2166
4110 2095
4111 2027
4112 2016
4113 2128
4114 2081
4115 1946
4116 2171
4117 1952
4118 2113
4119 2112
4120 1989
4121 2143
4122 1991
4123 2120
4124 1962
4125 2063
4126 2252
4127 1917
4128 2027
4129 2078
4130 2102
4131 2001
4132 2030
4133 2168
4134 2014
4135 1962
4136 2163
4137 2147
4138 1937
4139 2089
4140 2165
4141 1991
4142 2064
4143 2118
4144 2014
4145 2027
4146 2164
4147 2172
4148 1957
4149 2202
4150 1938
4151 2132
4152 2025
4153 2106
4154 2062
4155 2030
4156 2158
4157 2054
4158 2035
4159 2079
4160 2250
4161 2054
4162 1984
4163 2215
4164 1940
4165 2103
4166 2242
4167 1963
4168 2191
4169 1965
4170 2114
4171 2109
4172 2122
4173 2146
4174 2066
4175 2097
4176 2102
4177 2019
4178 2036
4179 2140
4180 1954
4181 2091
4182 2089
4183 2166
4184 2146
4185 2190
4186 1873
4187 2209
4188 2078
4189 2071
4190 2118
4191 2186
4192 2083
4193 2266
4194 2057
4195 2038
4196 2214
4197 2092
4198 2076
4199 2153
4200 2044
4201 2165
4202 2080
4203 2089
4204 2044
4205 2296
4206 1941
4207 2090
4208 2113
4209 2163
4210 2055
4211 2132
4212 2127
4213 2212
4214 2128
4215 2108
4216 2013
4217 2272
4218 2094
4219 2212
4220 1860
4221 2247
4222 2088
4223 2140
4224 2000
4225 2141
4226 2198
4227 2120
4228 2024
4229 2227
4230 2063
4231 1997
4232 2144
4233 2237
4234 2097
4235 2167
4236 2146
4237 2133
4238 2112
4239 2234
4240 2049
4241 2312
4242 1930
4243 2187
4244 2260
4245 2005
4246 2105
4247 2330
4248 1938
4249 2253
4250 2178
4251 2122
4252 2167
4253 2144
4254 2180
4255 2029
4256 2080
4257 2118
4258 2127
4259 2070
4260 2130
4261 2102
4262 2132
4263 2199
4264 2111
4265 2123
4266 2153
4267 2063
4268 2177
4269 2072
4270 2187
4271 2051
4272 2115
4273 2178
4274 2118
4275 2137
4276 2214
4277 2164
4278 2004
4279 2173
4280 2178
4281 2129
4282 2131
4283 2175
4284 2187
4285 2126
4286 2173
4287 2180
4288 2065
4289 2168
4290 2167
4291 2118
4292 2226
4293 2218
4294 2002
4295 2315
4296 2091
4297 2009
4298 2238
4299 2325
4300 1997
4301 2160
4302 2338
4303 2079
4304 2067
4305 2290
4306 2203
4307 1988
4308 2190
4309 2303
4310 2293
4311 1909
4312 2165
4313 2260
4314 2216
4315 2116
4316 2090
4317 2317
4318 2067
4319 2148
4320 2224
4321 2165
4322 2140
4323 2160
4324 2245
4325 2052
4326 2202
4327 2284
4328 2107
4329 2174
4330 2239
4331 2159
4332 2154
4333 2208
4334 2071
4335 2247
4336 2279
4337 2090
4338 2089
4339 2342
4340 2122
4341 1940
4342 2473
4343 2071
4344 2182
4345 2179
4346 2252
4347 2117
4348 2167
4349 2153
4350 2139
4351 2207
4352 2264
4353 2242
4354 2092
4355 2218
4356 2221
4357 2135
4358 2206
4359 2183
4360 2152
4361 2195
4362 2303
4363 2042
4364 2199
4365 2077
4366 2230
4367 2311
4368 2178
4369 2087
4370 2353
4371 2158
4372 2076
4373 2252
4374 2115
4375 2193
4376 2247
4377 2189
4378 2120
4379 2293
4380 2159
4381 2064
4382 2287
4383 2229
4384 2096
4385 2213
4386 2405
4387 2057
4388 2220
4389 2230
4390 2263
4391 2203
4392 2100
4393 2300
4394 2259
4395 2083
4396 2261
4397 2201
4398 2129
4399 2353
4400 2204
4401 2124
4402 2340
4403 2222
4404 2070
4405 2202
4406 2380
4407 2133
4408 2201
4409 2178
4410 2201
4411 2391
4412 2155
4413 2080
4414 2348
4415 2196
4416 2263
4417 2112
4418 2172
4419 2325
4420 2115
4421 2162
4422 2234
4423 2270
4424 2167
4425 2166
4426 2264
4427 2265
4428 2230
4429 2220
4430 2248
4431 2150
4432 2264
4433 2272
4434 2182
4435 2239
4436 2190
4437 2353
4438 2109
4439 2282
4440 2277
4441 2201
4442 2089
4443 2331
4444 2371
4445 2089
4446 2119
4447 2458
4448 2115
4449 2153
4450 2277
4451 2110
4452 2273
4453 2247
4454 2222
4455 2233
4456 2242
4457 2197
4458 2293
4459 2204
4460 2306
4461 2195
4462 2207
4463 2401
4464 2220
4465 2094
4466 2225
4467 2326
4468 2301
4469 2129
4470 2278
4471 2108
4472 2226
4473 2358
4474 2183
4475 2183
4476 2376
4477 2114
4478 2184
4479 2200
4480 2415
4481 2156
4482 2161
4483 2362
4484 2113
4485 2240
4486 2235
4487 2270
4488 2262
4489 2107
4490 2121
4491 2531
4492 2273
4493 2222
4494 2080
4495 2468
4496 2306
4497 2078
4498 2402
4499 2169
4500 2201
4501 2322
4502 2120
4503 2212
4504 2404
4505 2168
4506 2172
4507 2353
4508 2271
4509 2235
4510 2248
4511 2188
4512 2430
4513 2220
4514 2115
4515 2178
4516 2376
4517 2215
4518 2240
4519 2291
4520 2353
4521 2155
4522 2208
4523 2297
4524 2258
4525 2143
4526 2297
4527 2383
4528 2134
4529 2301
4530 2447
4531 2083
4532 2262
4533 2398
4534 2042
4535 2326
4536 2425
4537 2110
4538 2339
4539 2279
4540 2407
4541 2176
4542 2406
4543 2191
4544 2364
4545 2257
4546 2210
4547 2439
4548 2208
4549 2313
4550 2294
4551 2268
4552 2165
4553 2334
4554 2429
4555 2090
4556 2382
4557 2360
4558 2272
4559 2121
4560 2390
4561 2244
4562 2198
4563 2346
4564 2358
4565 2122
4566 2293
4567 2293
4568 2274
4569 2151
4570 2461
4571 2356
4572 2127
4573 2362
4574 2280
4575 2246
4576 2448
4577 2194
4578 2375
4579 2390
4580 2253
4581 2244
4582 2279
4583 2384
4584 2241
4585 2398
4586 2347
4587 2203
4588 2250
4589 2452
4590 2289
4591 2312
4592 2236
4593 2197
4594 2488
4595 2304
4596 2152
4597 2382
4598 2367
4599 2174
4600 2461
4601 2223
4602 2219
4603 2468
4604 2223
4605 2242
4606 2234
4607 2324
4608 2347
4609 2275
4610 2193
4611 2394
4612 2289
4613 2321
4614 2341
4615 2233
4616 2237
4617 2468
4618 2306
4619 2221
4620 2352
4621 2252
4622 2424
4623 2324
4624 2208
4625 2297
4626 2357
4627 2347
4628 2256
4629 2309
4630 2478
4631 2234
4632 2316
4633 2388
4634 2228
4635 2264
4636 2371
4637 2238
4638 2284
4639 2460
4640 2214
4641 2273
4642 2305
4643 2372
4644 2236
4645 2429
4646 2269
4647 2285
4648 2486
4649 2214
4650 2379
4651 2243
4652 2429
4653 2248
4654 2364
4655 2208
4656 2373
4657 2280
4658 2301
4659 2498
4660 2167
4661 2304
4662 2447
4663 2292
4664 2233
4665 2367
4666 2536
4667 2196
4668 2272
4669 2512
4670 2359
4671 2202
4672 2514
4673 2288
4674 2303
4675 2327
4676 2316
4677 2348
4678 2310
4679 2310
4680 2500
4681 2366
4682 2245
4683 2452
4684 2285
4685 2352
4686 2421
4687 2238
4688 2352
4689 2402
4690 2298
4691 2363
4692 2341
4693 2300
4694 2448
4695 2353
4696 2260
4697 2396
4698 2430
4699 2186
4700 2482
4701 2184
4702 2541
4703 2237
4704 2278
4705 2443
4706 2227
4707 2262
4708 2565
4709 2299
4710 2290
4711 2405
4712 2407
4713 2263
4714 2373
4715 2320
4716 2443
4717 2306
4718 2392
4719 2359
4720 2349
4721 2267
4722 2291
4723 2521
4724 2286
4725 2400
4726 2350
4727 2426
4728 2378
4729 2264
4730 2383
4731 2407
4732 2329
4733 2293
4734 2441
4735 2346
4736 2167
4737 2521
4738 2417
4739 2236
4740 2289
4741 2471
4742 2423
4743 2142
4744 2512
4745 2491
4746 2196
4747 2428
4748 2407
4749 2318
4750 2436
4751 2384
4752 2355
4753 2392
4754 2307
4755 2519
4756 2387
4757 2400
4758 2535
4759 2266
4760 2307
4761 2414
4762 2360
4763 2330
4764 2328
4765 2481
4766 2353
4767 2519
4768 2400
4769 2301
4770 2364
4771 2395
4772 2438
4773 2322
4774 2403
4775 2385
4776 2385
4777 2350
4778 2409
4779 2482
4780 2285
4781 2571
4782 2344
4783 2242
4784 2577
4785 2295
4786 2320
4787 2483
4788 2476
4789 2304
4790 2392
4791 2436
4792 2338
4793 2260
4794 2558
4795 2433
4796 2419
4797 2316
4798 2487
4799 2321
4800 2468
4801 2338
4802 2452
4803 2368
4804 2356
4805 2424
4806 2420
4807 2297
4808 2464
4809 2441
4810 2343
4811 2532
4812 2254
4813 2397
4814 2427
4815 2415
4816 2437
4817 2414
4818 2420
4819 2391
4820 2394
4821 2439
4822 2274
4823 2581
4824 2451
4825 2327
4826 2377
4827 2491
4828 2402
4829 2283
4830 2433
4831 2512
4832 2289
4833 2493
4834 2491
4835 2287
4836 2473
4837 2428
4838 2350
4839 2517
4840 2266
4841 2570
4842 2330
4843 2481
4844 2577
4845 2331
4846 2262
4847 2558
4848 2587
4849 2274
4850 2360
4851 2505
4852 2431
4853 2465
4854 2474
4855 2383
4856 2495
4857 2377
4858 2575
4859 2346
4860 2427
4861 2312
4862 2555
4863 2392
4864 2361
4865 2565
4866 2344
4867 2520
4868 2434
4869 2437
4870 2508
4871 2409
4872 2420
4873 2540
4874 2415
4875 2445
4876 2416
4877 2456
4878 2435
4879 2541
4880 2407
4881 2429
4882 2434
4883 2452
4884 2457
4885 2453
4886 2511
4887 2413
4888 2376
4889 2528
4890 2445
4891 2528
4892 2386
4893 2413
4894 2583
4895 2421
4896 2388
4897 2538
4898 2392
4899 2401
4900 2547
4901 2406
4902 2520
4903 2356
4904 2532
4905 2440
4906 2527
4907 2385
4908 2556
4909 2489
4910 2295
4911 2586
4912 2383
4913 2463
4914 2525
4915 2360
4916 2461
4917 2587
4918 2405
4919 2469
4920 2394
4921 2462
4922 2576
4923 2375
4924 2509
4925 2536
4926 2366
4927 2559
4928 2417
4929 2518
4930 2496
4931 2391
4932 2418
4933 2504
4934 2584
4935 2355
4936 2362
4937 2537
4938 2561
4939 2409
4940 2520
4941 2461
4942 2562
4943 2502
4944 2402
4945 2472
4946 2526
4947 2329
4948 2550
4949 2459
4950 2352
4951 2549
4952 2491
4953 2367
4954 2603
4955 2348
4956 2581
4957 2597
4958 2369
4959 2446
4960 2645
4961 2335
4962 2522
4963 2527
4964 2432
4965 2443
4966 2588
4967 2442
4968 2461
4969 2530
4970 2496
4971 2399
4972 2604
4973 2427
4974 2509
4975 2507
4976 2312
4977 2621
4978 2480
4979 2551
4980 2493
4981 2538
4982 2511
4983 2398
4984 2633
4985 2444
4986 2596
4987 2497
4988 2365
4989 2583
4990 2383
4991 2558
4992 2464
4993 2520
4994 2474
4995 2453
4996 2454
4997 2538
4998 2591
4999 2470
5000 2423
5001 2516
5002 2517
5003 2476
5004 2537
5005 2541
5006 2314
5007 2579
5008 2566
5009 2498
5010 2518
5011 2515
5012 2480
5013 2365
5014 2591
5015 2434
5016 2526
5017 2532
5018 2495
5019 2491
5020 2528
5021 2508
5022 2532
5023 2362
5024 2637
5025 2570
5026 2477
5027 2520
5028 2501
5029 2522
5030 2536
5031 2417
5032 2607
5033 2601
5034 2440
5035 2365
5036 2586
5037 2590
5038 2459
5039 2563
5040 2411
5041 2683
5042 2427
5043 2434
5044 2525
5045 2596
5046 2504
5047 2474
5048 2582
5049 2459
5050 2619
5051 2444
5052 2596
5053 2550
5054 2484
5055 2576
5056 2400
5057 2626
5058 2565
5059 2503
5060 2459
5061 2617
5062 2495
5063 2542
5064 2500
5065 2646
5066 2555
5067 2418
5068 2575
5069 2555
5070 2338
5071 2677
5072 2561
5073 2502
5074 2500
5075 2578
5076 2463
5077 2609
5078 2407
5079 2673
5080 2457
5081 2539
5082 2545
5083 2616
5084 2569
5085 2420
5086 2623
5087 2606
5088 2470
5089 2464
5090 2636
5091 2455
5092 2621
5093 2523
5094 2619
5095 2546
5096 2470
5097 2528
5098 2583
5099 2620
5100 2393
5101 2637
5102 2586
5103 2508
5104 2575
5105 2607
5106 2573
5107 2525
5108 2592
5109 2547
5110 2585
5111 2509
5112 2554
5113 2617
5114 2468
5115 2493
5116 2644
5117 2603
5118 2412
5119 2659
5120 2560
5121 2493
5122 2588
5123 2610
5124 2584
5125 2361
5126 2718
5127 2576
5128 2454
5129 2669
5130 2567
5131 2414
5132 2693
5133 2629
5134 2482
5135 2584
5136 2618
5137 2557
5138 2519
5139 2565
5140 2587
5141 2589
5142 2605
5143 2612
5144 2598
5145 2468
5146 2601
5147 2597
5148 2483
5149 2659
5150 2511
5151 2641
5152 2562
5153 2605
5154 2517
5155 2613
5156 2571
5157 2614
5158 2603
5159 2498
5160 2645
5161 2661
5162 2490
5163 2613
5164 2527
5165 2607
5166 2628
5167 2499
5168 2645
5169 2582
5170 2490
5171 2695
5172 2479
5173 2657
5174 2635
5175 2575
5176 2486
5177 2689
5178 2625
5179 2519
5180 2628
5181 2655
5182 2535
5183 2594
5184 2636
5185 2637
5186 2594
5187 2651
5188 2550
5189 2649
5190 2545
5191 2664
5192 2608
5193 2511
5194 2707
5195 2628
5196 2544
5197 2598
5198 2667
5199 2608
5200 2426
5201 2763
5202 2591
5203 2567
5204 2636
5205 2617
5206 2611
5207 2589
5208 2667
5209 2621
5210 2587
5211 2607
5212 2589
5213 2601
5214 2602
5215 2648
5216 2622
5217 2523
5218 2663
5219 2556
5220 2600
5221 2642
5222 2677
5223 2496
5224 2641
5225 2644
5226 2528
5227 2706
5228 2552
5229 2674
5230 2566
5231 2609
5232 2692
5233 2487
5234 2707
5235 2657
5236 2566
5237 2665
5238 2685
5239 2578
5240 2654
5241 2672
5242 2497
5243 2685
5244 2684
5245 2526
5246 2636
5247 2666
5248 2598
5249 2673
5250 2674
5251 2528
5252 2568
5253 2697
5254 2661
5255 2660
5256 2505
5257 2756
5258 2612
5259 2592
5260 2647
5261 2704
5262 2605
5263 2647
5264 2633
5265 2713
5266 2669
5267 2569
5268 2628
5269 2663
5270 2610
5271 2643
5272 2654
5273 2654
5274 2578
5275 2665
5276 2671
5277 2625
5278 2618
5279 2656
5280 2650
5281 2536
5282 2722
5283 2689
5284 2511
5285 2677
5286 2730
5287 2540
5288 2698
5289 2718
5290 2476
5291 2723
5292 2701
5293 2493
5294 2763
5295 2713
5296 2551
5297 2666
5298 2726
5299 2683
5300 2574
5301 2726
5302 2689
5303 2654
5304 2627
5305 2681
5306 2629
5307 2697
5308 2648
5309 2648
5310 2704
5311 2673
5312 2636
5313 2706
5314 2667
5315 2647
5316 2692
5317 2650
5318 2671
5319 2688
5320 2678
5321 2704
5322 2687
5323 2632
5324 2691
5325 2534
5326 2789
5327 2730
5328 2574
5329 2658
5330 2737
5331 2715
5332 2503
5333 2776
5334 2743
5335 2526
5336 2751
5337 2739
5338 2581
5339 2712
5340 2695
5341 2634
5342 2668
5343 2752
5344 2555
5345 2755
5346 2741
5347 2520
5348 2767
5349 2679
5350 2648
5351 2728
5352 2658
5353 2676
5354 2690
5355 2652
5356 2731
5357 2703
5358 2631
5359 2725
5360 2730
5361 2581
5362 2759
5363 2699
5364 2612
5365 2737
5366 2675
5367 2724
5368 2648
5369 2676
5370 2713
5371 2721
5372 2686
5373 2673
5374 2714
5375 2685
5376 2736
5377 2677
5378 2650
5379 2708
5380 2753
5381 2674
5382 2633
5383 2764
5384 2671
5385 2680
5386 2739
5387 2676
5388 2701
5389 2725
5390 2684
5391 2724
5392 2655
5393 2755
5394 2693
5395 2715
5396 2720
5397 2653
5398 2736
5399 2726
5400 2610
5401 2770
5402 2759
5403 2691
5404 2691
5405 2708
5406 2733
5407 2667
5408 2735
5409 2687
5410 2738
5411 2722
5412 2617
5413 2785
5414 2705
5415 2697
5416 2734
5417 2729
5418 2736
5419 2693
5420 2732
5421 2750
5422 2682
5423 2736
5424 2740
5425 2693
5426 2739
5427 2738
5428 2682
5429 2759
5430 2692
5431 2742
5432 2684
5433 2765
5434 2743
5435 2721
5436 2697
5437 2726
5438 2743
5439 2709
5440 2721
5441 2701
5442 2723
5443 2734
5444 2691
5445 2723
5446 2766
5447 2715
5448 2674
5449 2788
5450 2729
5451 2734
5452 2743
5453 2721
5454 2721
5455 2764
5456 2730
5457 2687
5458 2779
5459 2734
5460 2710
5461 2746
5462 2739
5463 2707
5464 2765
5465 2725
5466 2727
5467 2754
5468 2723
5469 2745
5470 2747
5471 2705
5472 2763
5473 2733
5474 2719
5475 2753
5476 2765
5477 2729
5478 2750
5479 2727
5480 2751
5481 2758
5482 2737
5483 2743
5484 2744
5485 2753
5486 2755
5487 2733
5488 2765
5489 2724
5490 2759
5491 2742
5492 2749
5493 2749
5494 2772
5495 2743
5496 2721
5497 2750
5498 2768
5499 2763
5500 2699
5501 2792
5502 2749
5503 2723
5504 2802
5505 2751
5506 2754
5507 2735
5508 2751
5509 2772
5510 2778
5511 2745
5512 2773
5513 2766
5514 2755
5515 2778
5516 2766
5517 2756
5518 2752
5519 2792
5520 2778
5521 2731
5522 2771
5523 2791
5524 2737
5525 2767
5526 2783
5527 2764
5528 2774
5529 2780
5530 2747
5531 2785
5532 2768
5533 2772
5534 2756
5535 2807
5536 2721
5537 2788
5538 2799
5539 2752
5540 2754
5541 2809
5542 2756
5543 2796
5544 2771
5545 2778
5546 2802
5547 2768
5548 2743
5549 2825
5550 2772
5551 2756
5552 2773
5553 2775
5554 2814
5555 2741
5556 2790
5557 2794
5558 2784
5559 2792
5560 2773
5561 2767
5562 2787
5563 2778
5564 2775
5565 2812
5566 2777
5567 2792
5568 2781
5569 2767
5570 2807
5571 2788
5572 2789
5573 2796
5574 2794
5575 2814
5576 2760
5577 2822
5578 2794
5579 2786
5580 2793
5581 2777
5582 2800
5583 2810
5584 2800
5585 2799
5586 2807
5587 2757
5588 2839
5589 2796
5590 2782
5591 2815
5592 2776
5593 2822
5594 2815
5595 2750
5596 2837
5597 2834
5598 2764
5599 2799
5600 2839
5601 2771
5602 2832
5603 2815
5604 2785
5605 2805
5606 2831
5607 2779
5608 2785
5609 2836
5610 2844
5611 2797
5612 2802
5613 2814
5614 2824
5615 2810
5616 2825
5617 2808
5618 2794
5619 2858
5620 2752
5621 2832
5622 2850
5623 2782
5624 2830
5625 2796
5626 2815
5627 2849
5628 2804
5629 2819
5630 2794
5631 2830
5632 2825
5633 2821
5634 2821
5635 2840
5636 2807
5637 2817
5638 2856
5639 2818
5640 2828
5641 2784
5642 2856
5643 2850
5644 2785
5645 2816
5646 2861
5647 2824
5648 2836
5649 2845
5650 2825
5651 2800
5652 2846
5653 2833
5654 2834
5655 2850
5656 2842
5657 2806
5658 2832
5659 2850
5660 2843
5661 2836
5662 2783
5663 2885
5664 2846
5665 2772
5666 2858
5667 2887
5668 2802
5669 2855
5670 2835
5671 2836
5672 2845
5673 2861
5674 2801
5675 2863
5676 2830
5677 2857
5678 2850
5679 2828
5680 2843
5681 2856
5682 2818
5683 2845
5684 2863
5685 2837
5686 2808
5687 2875
5688 2866
5689 2806
5690 2870
5691 2891
5692 2831
5693 2829
5694 2876
5695 2828
5696 2836
5697 2878
5698 2834
5699 2853
5700 2865
5701 2858
5702 2852
5703 2849
5704 2868
5705 2846
5706 2847
5707 2871
5708 2859
5709 2863
5710 2864
5711 2862
5712 2865
5713 2852
5714 2849
5715 2876
5716 2876
5717 2866
5718 2862
5719 2869
5720 2863
5721 2865
5722 2872
5723 2863
5724 2876
5725 2849
5726 2898
5727 2841
5728 2863
5729 2893
5730 2876
5731 2862
5732 2886
5733 2880
5734 2859
5735 2883
5736 2891
5737 2863
5738 2869
5739 2896
5740 2883
5741 2858
5742 2884
5743 2902
5744 2857
5745 2869
5746 2899
5747 2863
5748 2888
5749 2872
5750 2865
5751 2860
5752 2911
5753 2867
5754 2853
5755 2924
5756 2862
5757 2879
5758 2889
5759 2920
5760 2855
5761 2895
5762 2919
5763 2869
5764 2886
5765 2889
5766 2926
5767 2871
5768 2873
5769 2912
5770 2876
5771 2900
5772 2881
5773 2910
5774 2881
5775 2879
5776 2904
5777 2906
5778 2870
5779 2894
5780 2869
5781 2905
5782 2903
5783 2906
5784 2878
5785 2890
5786 2926
5787 2887
5788 2887
5789 2918
5790 2871
5791 2917
5792 2903
5793 2883
5794 2957
5795 2879
5796 2914
5797 2912
5798 2873
5799 2919
5800 2906
5801 2904
5802 2912
5803 2925
5804 2897
5805 2940
5806 2874
5807 2930
5808 2924
5809 2901
5810 2871
5811 2912
5812 2921
5813 2922
5814 2896
5815 2885
5816 2924
5817 2918
5818 2905
5819 2934
5820 2889
5821 2933
5822 2907
5823 2896
5824 2947
5825 2911
5826 2899
5827 2925
5828 2917
5829 2929
5830 2905
5831 2929
5832 2910
5833 2934
5834 2920
5835 2924
5836 2913
5837 2911
5838 2932
5839 2923
5840 2951
5841 2911
5842 2924
5843 2935
5844 2915
5845 2904
5846 2939
5847 2957
5848 2915
5849 2948
5850 2919
5851 2928
5852 2932
5853 2937
5854 2940
5855 2936
5856 2926
5857 2926
5858 2968
5859 2935
5860 2928
5861 2936
5862 2956
5863 2921
5864 2957
5865 2943
5866 2907
5867 2962
5868 2958
5869 2943
5870 2922
5871 2932
5872 2964
5873 2913
5874 2940
5875 2916
5876 2987
5877 2935
5878 2954
5879 2937
5880 2955
5881 2941
5882 2933
5883 2980
5884 2956
5885 2929
5886 2961
5887 2945
5888 2951
5889 2937
5890 2982
5891 2923
5892 2947
5893 2949
5894 2975
5895 2934
5896 2927
5897 2985
5898 2934
5899 2948
5900 2979
5901 2949
5902 2949
5903 2954
5904 2981
5905 2949
5906 2967
5907 2943
5908 2941
5909 2988
5910 2964
5911 2961
5912 2957
5913 2943
5914 2990
5915 2959
5916 2971
5917 2940
5918 3000
5919 2943
5920 2958
5921 3001
5922 2961
5923 2917
5924 3002
5925 2978
5926 2940
5927 2958
5928 2983
5929 2954
5930 2989
5931 2973
5932 2960
5933 2976
5934 2976
5935 2950
5936 2996
5937 2961
5938 2973
5939 3001
5940 2971
5941 2952
5942 2987
5943 2962
5944 3004
5945 2957
5946 2985
5947 2954
5948 3002
5949 3000
5950 2970
5951 2984
5952 2990
5953 3004
5954 2986
5955 2986
5956 2968
5957 2990
5958 2985
5959 3004
5960 2958
5961 3005
5962 3013
5963 2971
5964 2982
5965 2991
5966 2994
5967 2969
5968 3000
5969 3007
5970 2985
5971 2990
5972 2997
5973 2979
5974 2989
5975 3002
5976 2995
5977 2996
5978 2993
5979 2990
5980 2992
5981 2998
5982 2999
5983 2995
5984 2995
5985 2996
5986 2995
5987 3001
5988 2993
5989 3001
5990 3007
5991 2999
5992 2993
5993 3005
5994 3010
5995 2992
5996 3012
5997 2995
5998 3004
5999 3012
6000 3001
6001 3005
6002 3015
6003 3000
6004 3013
6005 3005
6006 3008
6007 2998
6008 3005
6009 3020
6010 2999
6011 3012
6012 3011
6013 3008
6014 3012
6015 3005
6016 3020
6017 3021
6018 3007
6019 3016
6020 3019
6021 3000
6022 3020
6023 3026
6024 3013
6025 3014
6026 3022
6027 3008
6028 3027
6029 3019
6030 3012
6031 3020
6032 3034
6033 3006
6034 3030
6035 3029
6036 3009
6037 3043
6038 3028
6039 3010
6040 3024
6041 3161
6042 2955
6043 3000
6044 3082
6045 2923
6046 3113
6047 3034
6048 2974
6049 3117
6050 2990
6051 3040
6052 3075
6053 3007
6054 3044
6055 2995
6056 3069
6057 3059
6058 3000
6059 3002
6060 3137
6061 2964
6062 3018
6063 2868
6064 3159
6065 3018
6066 2942
6067 3182
6068 2801
6069 3158
6070 3218
6071 2878
6072 3235
6073 3022
6074 3061
6075 2990
6076 3095
6077 3035
6078 3227
6079 2973
6080 3038
6081 3247
6082 2957
6083 2809
6084 3159
6085 3260
6086 2849
6087 3206
6088 2959
6089 3051
6090 3120
6091 3060
6092 2798
6093 3353
6094 2983
6095 2885
6096 3118
6097 2852
6098 3119
6099 3074
6100 3018
6101 3101
6102 3061
6103 2966
6104 3250
6105 2970
6106 2875
6107 3466
6108 2850
6109 2849
6110 3417
6111 2881
6112 2991
6113 3296
6114 3048
6115 2724
6116 3387
6117 3138
6118 2869
6119 3011
6120 3281
6121 2958
6122 3036
6123 3092
6124 2865
6125 3257
6126 3230
6127 2892
6128 3025
6129 2964
6130 3081
6131 3293
6132 2930
6133 2904
6134 3329
6135 3025
6136 3032
6137 3028
6138 3165
6139 3133
6140 2994
6141 3196
6142 3037
6143 3119
6144 3127
6145 3032
6146 3319
6147 2858
6148 2990
6149 3276
6150 3141
6151 2933
6152 3113
6153 3172
6154 3001
6155 3069
6156 3144
6157 3067
6158 3081
6159 3144
6160 2948
6161 3156
6162 3193
6163 2985
6164 3194
6165 3054
6166 2994
6167 3305
6168 3118
6169 2942
6170 3232
6171 3102
6172 2937
6173 3145
6174 3007
6175 2990
6176 3169
6177 3045
6178 3057
6179 3220
6180 3119
6181 3056
6182 2896
6183 3236
6184 3287
6185 2922
6186 3160
6187 3147
6188 3024
6189 3027
6190 3104
6191 3135
6192 2961
6193 3395
6194 2959
6195 2973
6196 3108
6197 3232
6198 3072
6199 3073
6200 3162
6201 3086
6202 3067
6203 3131
6204 3184
6205 2991
6206 3139
6207 3295
6208 2959
6209 2984
6210 3154
6211 3180
6212 2937
6213 3429
6214 2978
6215 2872
6216 3424
6217 2989
6218 3008
6219 3302
6220 2832
6221 3152
6222 3264
6223 3053
6224 2992
6225 2970
6226 2740
6227 3620
6228 3021
6229 2921
6230 3174
6231 3043
6232 3244
6233 2874
6234 3146
6235 3165
6236 3149
6237 3187
6238 3033
6239 3115
6240 3435
6241 2793
6242 3295
6243 3160
6244 3016
6245 3146
6246 3351
6247 2907
6248 3054
6249 3318
6250 3051
6251 2966
6252 3044
6253 3080
6254 3496
6255 2832
6256 3226
6257 3299
6258 2780
6259 3239
6260 3248
6261 3023
6262 3033
6263 3238
6264 3125
6265 3159
6266 3179
6267 3070
6268 3177
6269 3300
6270 2970
6271 2945
6272 3381
6273 3125
6274 3067
6275 2977
6276 3094
6277 3287
6278 3156
6279 3127
6280 3146
6281 3141
6282 3015
6283 3259
6284 3284
6285 3026
6286 3117
6287 3473
6288 2902
6289 3174
6290 3053
6291 3479
6292 2917
6293 3051
6294 3268
6295 3149
6296 3205
6297 3153
6298 2990
6299 3290
6300 3143
6301 2782
6302 3304
6303 3280
6304 3017
6305 3335
6306 3144
6307 3043
6308 3241
6309 3315
6310 3014
6311 3175
6312 3367
6313 2978
6314 3201
6315 3550
6316 2796
6317 3172
6318 3310
6319 3188
6320 2983
6321 3101
6322 3456
6323 2926
6324 3117
6325 3317
6326 2949
6327 3266
6328 3202
6329 3116
6330 3251
6331 3265
6332 2815
6333 3454
6334 3294
6335 2938
6336 3155
6337 3310
6338 3082
6339 3301
6340 3260
6341 3062
6342 3231
6343 3147
6344 3032
6345 3295
6346 3110
6347 3105
6348 3378
6349 3129
6350 3145
6351 2951
6352 3379
6353 3285
6354 3007
6355 3096
6356 3170
6357 3327
6358 3356
6359 2809
6360 3270
6361 3452
6362 3025
6363 3041
6364 3525
6365 3229
6366 3136
6367 3121
6368 3350
6369 3238
6370 3001
6371 3107
6372 3447
6373 3046
6374 3129
6375 3179
6376 3143
6377 3022
6378 3570
6379 3190
6380 2767
6381 3468
6382 3381
6383 2963
6384 3227
6385 2904
6386 3354
6387 3402
6388 3038
6389 3250
6390 3282
6391 3155
6392 3025
6393 3448
6394 3223
6395 2912
6396 3606
6397 3125
6398 3221
6399 3066
6400 3328
6401 3238
6402 3074
6403 3107
6404 3308
6405 3328
6406 3115
6407 3210
6408 3181
6409 3325
6410 3146
6411 3224
6412 3280
6413 3160
6414 3420
6415 3269
6416 3181
6417 3139
6418 3071
6419 3333
6420 3084
6421 3296
6422 2929
6423 3289
6424 3359
6425 2930
6426 3011
6427 3604
6428 3090
6429 3251
6430 3410
6431 3085
6432 3253
6433 3192
6434 3285
6435 2969
6436 3589
6437 3139
6438 3076
6439 3495
6440 3189
6441 3110
6442 3268
6443 3072
6444 3300
6445 3244
6446 3189
6447 3232
6448 3067
6449 3382
6450 3314
6451 3217
6452 3411
6453 3034
6454 3460
6455 3223
6456 3060
6457 3021
6458 3350
6459 3188
6460 3094
6461 3502
6462 3155
6463 3095
6464 3492
6465 3039
6466 3319
6467 3194
6468 3185
6469 3303
6470 3635
6471 2914
6472 3285
6473 3346
6474 3178
6475 3212
6476 3368
6477 3219
6478 3057
6479 3248
6480 3474
6481 3059
6482 3228
6483 3598
6484 2782
6485 3204
6486 3513
6487 2981
6488 3112
6489 3467
6490 3287
6491 3182
6492 3327
6493 3299
6494 3378
6495 3257
6496 3064
6497 3323
6498 3063
6499 3399
6500 3115
6501 3347
6502 3383
6503 3289
6504 3212
6505 3098
6506 3284
6507 3517
6508 3191
6509 3207
6510 3489
6511 3152
6512 3170
6513 3305
6514 3075
6515 3560
6516 3152
6517 3023
6518 3549
6519 3171
6520 3041
6521 3397
6522 3404
6523 2813
6524 3637
6525 3245
6526 3087
6527 3422
6528 3306
6529 3234
6530 3308
6531 3302
6532 3354
6533 3313
6534 3217
6535 3165
6536 3594
6537 3190
6538 3098
6539 3239
6540 3158
6541 3239
6542 3537
6543 3144
6544 3328
6545 3320
6546 2991
6547 3575
6548 3290
6549 3012
6550 3410
6551 3350
6552 3183
6553 3051
6554 3797
6555 3020
6556 3169
6557 3374
6558 3360
6559 3288
6560 3048
6561 3633
6562 3106
6563 3184
6564 3329
6565 3510
6566 3056
6567 3103
6568 3490
6569 3103
6570 3526
6571 3136
6572 3396
6573 3300
6574 3066
6575 3412
6576 3293
6577 3300
6578 3511
6579 3331
6580 3070
6581 3212
6582 3360
6583 3438
6584 3250
6585 3436
6586 3081
6587 3604
6588 3120
6589 2953
6590 3669
6591 3194
6592 3149
6593 3504
6594 3233
6595 3298
6596 3428
6597 3244
6598 3324
6599 3330
6600 3297
6601 3241
6602 3246
6603 3498
6604 3207
6605 3293
6606 3376
6607 3223
6608 3392
6609 3461
6610 3170
6611 3067
6612 3480
6613 3274
6614 3392
6615 3243
6616 3434
6617 3139
6618 3402
6619 3459
6620 3179
6621 3200
6622 3358
6623 3349
6624 3139
6625 3502
6626 3395
6627 3408
6628 3159
6629 3503
6630 3373
6631 3306
6632 3193
6633 3451
6634 3243
6635 3307
6636 3300
6637 3371
6638 3158
6639 3468
6640 3146
6641 3626
6642 3205
6643 3116
6644 3661
6645 3243
6646 3286
6647 3136
6648 3532
6649 3510
6650 3195
6651 3421
6652 3332
6653 3490
6654 3156
6655 3344
6656 3400
6657 3429
6658 3348
6659 3405
6660 3372
6661 3012
6662 3486
6663 3232
6664 3278
6665 3516
6666 2937
6667 3484
6668 3627
6669 3036
6670 3579
6671 3239
6672 3231
6673 3321
6674 3460
6675 3273
6676 3348
6677 3056
6678 3515
6679 3338
6680 3279
6681 3462
6682 3393
6683 3239
6684 3318
6685 3394
6686 3439
6687 3275
6688 3440
6689 3124
6690 3199
6691 3582
6692 3336
6693 3399
6694 3302
6695 3367
6696 3246
6697 3256
6698 3487
6699 3088
6700 3616
6701 3320
6702 3237
6703 3248
6704 3731
6705 3225
6706 3252
6707 3377
6708 3634
6709 3334
6710 3155
6711 3475
6712 3289
6713 3618
6714 3105
6715 3490
6716 3083
6717 3621
6718 3322
6719 3190
6720 3438
6721 3291
6722 3415
6723 3363
6724 3361
6725 3445
6726 3168
6727 3330
6728 3411
6729 3423
6730 3491
6731 3177
6732 3376
6733 3563
6734 3084
6735 3006
6736 3715
6737 3484
6738 3255
6739 3546
6740 3522
6741 3204
6742 3393
6743 3445
6744 3410
6745 3488
6746 3441
6747 3174
6748 3439
6749 3443
6750 3451
6751 3330
6752 3086
6753 3565
6754 3424
6755 3160
6756 3511
6757 3457
6758 3043
6759 3543
6760 3647
6761 3351
6762 2825
6763 3739
6764 3564
6765 3080
6766 3478
6767 3604
6768 3190
6769 3391
6770 3405
6771 3371
6772 3278
6773 3581
6774 3102
6775 3600
6776 3314
6777 3470
6778 3327
6779 3519
6780 3640
6781 3121
6782 3320
6783 3539
6784 3375
6785 3437
6786 2968
6787 3581
6788 3634
6789 3209
6790 3455
6791 3616
6792 3331
6793 3307
6794 3679
6795 3200
6796 3475
6797 3378
6798 3444
6799 3490
6800 3314
6801 3592
6802 3530
6803 3455
6804 3104
6805 3579
6806 3664
6807 3318
6808 3404
6809 3472
6810 3565
6811 3436
6812 3218
6813 3490
6814 3602
6815 3145
6816 3471
6817 3759
6818 3235
6819 3217
6820 3593
6821 3373
6822 3503
6823 3215
6824 3644
6825 3444
6826 3241
6827 3431
6828 3531
6829 3352
6830 3263
6831 3604
6832 3442
6833 3296
6834 3440
6835 3456
6836 3302
6837 3702
6838 3222
6839 3465
6840 3611
6841 3291
6842 3366
6843 3642
6844 3242
6845 3363
6846 3530
6847 3393
6848 3346
6849 3835
6850 3154
6851 3203
6852 3841
6853 3414
6854 3241
6855 3427
6856 3649
6857 3318
6858 3166
6859 3767
6860 3263
6861 3329
6862 3434
6863 3539
6864 3219
6865 3538
6866 3534
6867 3175
6868 3587
6869 3465
6870 3253
6871 3852
6872 3329
6873 3325
6874 3441
6875 3367
6876 3635
6877 3357
6878 3370
6879 3603
6880 3275
6881 3446
6882 3657
6883 3116
6884 3696
6885 3499
6886 3144
6887 3572
6888 3427
6889 3285
6890 3642
6891 3347
6892 3288
6893 3536
6894 3379
6895 3644
6896 3382
6897 3343
6898 3609
6899 3383
6900 3393
6901 3503
6902 3569
6903 3450
6904 3525
6905 3262
6906 3861
6907 3380
6908 3467
6909 3444
6910 3401
6911 3574
6912 3255
6913 3670
6914 3409
6915 3546
6916 3178
6917 3603
6918 3512
6919 3101
6920 3598
6921 3565
6922 3584
6923 3392
6924 3459
6925 3391
6926 3643
6927 3521
6928 3279
6929 3585
6930 3183
6931 3524
6932 3620
6933 3544
6934 3410
6935 3450
6936 3431
6937 3746
6938 3272
6939 3269
6940 3598
6941 3673
6942 3397
6943 3233
6944 3765
6945 3345
6946 3477
6947 3602
6948 3541
6949 3423
6950 3534
6951 3583
6952 3477
6953 3547
6954 3180
6955 3538
6956 3554
6957 3497
6958 3196
6959 3451
6960 3812
6961 3323
6962 3237
6963 3746
6964 3377
6965 3308
6966 3772
6967 3368
6968 3418
6969 3617
6970 3617
6971 3300
6972 3762
6973 3441
6974 3078
6975 3748
6976 3633
6977 3243
6978 3573
6979 3763
6980 3154
6981 3452
6982 3581
6983 3595
6984 3493
6985 3536
6986 3476
6987 3323
6988 3535
6989 3666
6990 3460
6991 3309
6992 3748
6993 3603
6994 3320
6995 3578
6996 3538
6997 3446
6998 3680
6999 3608
7000 3177
7001 3653
7002 3444
7003 3311
7004 3687
7005 3480
7006 3504
7007 3634
7008 3228
7009 3663
7010 3643
7011 3286
7012 3634
7013 3482
7014 3373
7015 3507
7016 3618
7017 3410
7018 3550
7019 3376
7020 3769
7021 3433
7022 3448
7023 3570
7024 3629
7025 3326
7026 3329
7027 3794
7028 3346
7029 3892
7030 3469
7031 3253
7032 3588
7033 3638
7034 3388
7035 3509
7036 3395
7037 3704
7038 3392
7039 3628
7040 3582
7041 3625
7042 3463
7043 3482
7044 3542
7045 3731
7046 3241
7047 3592
7048 3708
7049 3338
7050 3499
7051 3731
7052 3550
7053 3541
7054 3465
7055 3402
7056 3653
7057 3337
7058 3659
7059 3592
7060 3303
7061 3338
7062 3599
7063 3653
7064 3105
7065 3747
7066 3661
7067 3541
7068 3069
7069 3975
7070 3587
7071 3235
7072 3635
7073 3503
7074 3467
7075 3599
7076 3674
7077 3401
7078 3374
7079 3826
7080 3579
7081 3525
7082 3798
7083 3729
7084 3248
7085 3586
7086 3693
7087 3274
7088 3598
7089 3786
7090 3377
7091 3503
7092 3719
7093 3352
7094 3591
7095 3660
7096 3480
7097 3424
7098 3559
7099 3656
7100 3587
7101 3295
7102 3662
7103 3767
7104 3438
7105 3407
7106 3775
7107 3417
7108 3435
7109 3568
7110 3786
7111 3215
7112 3633
7113 3755
7114 3532
7115 3492
7116 3609
7117 3717
7118 3438
7119 3567
7120 3590
7121 3587
7122 3513
7123 3607
7124 3366
7125 3524
7126 3662
7127 3560
7128 3534
7129 3647
7130 3548
7131 3621
7132 3414
7133 3533
7134 3816
7135 3536
7136 3380
7137 3864
7138 3431
7139 3468
7140 3813
7141 3462
7142 3487
7143 3589
7144 3575
7145 3590
7146 3517
7147 3533
7148 3762
7149 3605
7150 3335
7151 3531
7152 3673
7153 3608
7154 3485
7155 3606
7156 3534
7157 3493
7158 3631
7159 3813
7160 3479
7161 3394
7162 3911
7163 3532
7164 3307
7165 3696
7166 3845
7167 3330
7168 3617
7169 3830
7170 3528
7171 3383
7172 3855
7173 3675
7174 3569
7175 3588
7176 3556
7177 3721
7178 3604
7179 3511
7180 3765
7181 3685
7182 3411
7183 3613
7184 3609
7185 3737
7186 3660
7187 3332
7188 3748
7189 3646
7190 3507
7191 3734
7192 3312
7193 3734
7194 3712
7195 3450
7196 3773
7197 3749
7198 3542
7199 3523
7200 3731
7201 3753
7202 3672
7203 3497
7204 3597
7205 3628
7206 3670
7207 3648
7208 3515
7209 3714
7210 3469
7211 3563
7212 3972
7213 3537
7214 3532
7215 3896
7216 3485
7217 3512
7218 3604
7219 3750
7220 3685
7221 3558
7222 3702
7223 3515
7224 3572
7225 3619
7226 3655
7227 3599
7228 3546
7229 3717
7230 3776
7231 3276
7232 3895
7233 3393
7234 3573
7235 3774
7236 3605
7237 3597
7238 3734
7239 3465
7240 3751
7241 3656
7242 3555
7243 3767
7244 3599
7245 3465
7246 3763
7247 3683
7248 3484
7249 3626
7250 3662
7251 3835
7252 3437
7253 3524
7254 3637
7255 3808
7256 3378
7257 3714
7258 3778
7259 3537
7260 3720
7261 3593
7262 3760
7263 3812
7264 3430
7265 3714
7266 3868
7267 3543
7268 3752
7269 3613
7270 3552
7271 3598
7272 3676
7273 3755
7274 3648
7275 3495
7276 3796
7277 3665
7278 3516
7279 3522
7280 3842
7281 3555
7282 3574
7283 3660
7284 3680
7285 3739
7286 3573
7287 3711
7288 3578
7289 3736
7290 3556
7291 3722
7292 3545
7293 3481
7294 3818
7295 3675
7296 3424
7297 3747
7298 3873
7299 3648
7300 3754
7301 3618
7302 3783
7303 3286
7304 3967
7305 3438
7306 3675
7307 3754
7308 3656
7309 3574
7310 3553
7311 3854
7312 3519
7313 3670
7314 3686
7315 3580
7316 3474
7317 3928
7318 3590
7319 3589
7320 3747
7321 3518
7322 3520
7323 3966
7324 3307
7325 3959
7326 3574
7327 3462
7328 3674
7329 3851
7330 3549
7331 3634
7332 3829
7333 3608
7334 3552
7335 3785
7336 3574
7337 3667
7338 3749
7339 3764
7340 3712
7341 3557
7342 3593
7343 3839
7344 3478
7345 3922
7346 3700
7347 3518
7348 3523
7349 3926
7350 3744
7351 3500
7352 3545
7353 4070
7354 3523
7355 3731
7356 3936
7357 3363
7358 3429
7359 3930
7360 3773
7361 3378
7362 4127
7363 3239
7364 3542
7365 4207
7366 3520
7367 3648
7368 3753
7369 3720
7370 3661
7371 3377
7372 3782
7373 3873
7374 3356
7375 3641
7376 4041
7377 3452
7378 3547
7379 3893
7380 3854
7381 3350
7382 3903
7383 3812
7384 3635
7385 3617
7386 3689
7387 3749
7388 3820
7389 3706
7390 3750
7391 3456
7392 3797
7393 3689
7394 3749
7395 3702
7396 3648
7397 3716
7398 3630
7399 3881
7400 3691
7401 3467
7402 3924
7403 3751
7404 3564
7405 3571
7406 3940
7407 3867
7408 3517
7409 3765
7410 3758
7411 3692
7412 3759
7413 3688
7414 3704
7415 3823
7416 3576
7417 3564
7418 3996
7419 3734
7420 3674
7421 3869
7422 3583
7423 3739
7424 3371
7425 3964
7426 3581
7427 3969
7428 3691
7429 3687
7430 3809
7431 3629
7432 3647
7433 3695
7434 3762
7435 3715
7436 3605
7437 3640
7438 3732
7439 3879
7440 3842
7441 3438
7442 3856
7443 4007
7444 3365
7445 3693
7446 3904
7447 3513
7448 3746
7449 3763
7450 3774
7451 3739
7452 3748
7453 3808
7454 3702
7455 3674
7456 3702
7457 3900
7458 3733
7459 3518
7460 3918
7461 3731
7462 3773
7463 3653
7464 3867
7465 3651
7466 3803
7467 3690
7468 3541
7469 3863
7470 3837
7471 3565
7472 3659
7473 3822
7474 4023
7475 3621
7476 3864
7477 3615
7478 3740
7479 3633
7480 3866
7481 3703
7482 3679
7483 3695
7484 3991
7485 3665
7486 3784
7487 3608
7488 3798
7489 3800
7490 3717
7491 3778
7492 3736
7493 3818
7494 3698
7495 3761
7496 3709
7497 3543
7498 4041
7499 3758
7500 3561
7501 3951
7502 3609
7503 3777
7504 3847
7505 3708
7506 3494
7507 4040
7508 3770
7509 3253
7510 4034
7511 3884
7512 3513
7513 3852
7514 3738
7515 3947
7516 3643
7517 3909
7518 3521
7519 3763
7520 3988
7521 3597
7522 3950
7523 3565
7524 3896
7525 3706
7526 3567
7527 3901
7528 3687
7529 3971
7530 3595
7531 3731
7532 3674
7533 4068
7534 3632
7535 3842
7536 3719
7537 3790
7538 3672
7539 3957
7540 3715
7541 3698
7542 3710
7543 3838
7544 3706
7545 3788
7546 3842
7547 3733
7548 3933
7549 3639
7550 3588
7551 4073
7552 3516
7553 3700
7554 3970
7555 3745
7556 3916
7557 3683
7558 3393
7559 4152
7560 3649
7561 3954
7562 3748
7563 4004
7564 3528
7565 3909
7566 3878
7567 3708
7568 3827
7569 3596
7570 4108
7571 3878
7572 3505
7573 3799
7574 4067
7575 3623
7576 3710
7577 3963
7578 3778
7579 3604
7580 3967
7581 3699
7582 3879
7583 3754
7584 3698
7585 3996
7586 3626
7587 3727
7588 3932
7589 3909
7590 3649
7591 3845
7592 3934
7593 3529
7594 4054
7595 3830
7596 3621
7597 3905
7598 3923
7599 3596
7600 3870
7601 4082
7602 3469
7603 3795
7604 3745
7605 3815
7606 3583
7607 3835
7608 4015
7609 3766
7610 3606
7611 3945
7612 3755
7613 3628
7614 3993
7615 3973
7616 3504
7617 4046
7618 3957
7619 3461
7620 4015
7621 4041
7622 3673
7623 3719
7624 4083
7625 3835
7626 3524
7627 3965
7628 3993
7629 3771
7630 3812
7631 3871
7632 3809
7633 3792
7634 3959
7635 3772
7636 3704
7637 3920
7638 3846
7639 3731
7640 3859
7641 3968
7642 3664
7643 3848
7644 4046
7645 3612
7646 3815
7647 3853
7648 3775
7649 4123
7650 3250
7651 4039
7652 4122
7653 3551
7654 3839
7655 3862
7656 3787
7657 3649
7658 3900
7659 3766
7660 3803
7661 3823
7662 3939
7663 3753
7664 3751
7665 4011
7666 3823
7667 3601
7668 3671
7669 3954
7670 3862
7671 3699
7672 3768
7673 4152
7674 3733
7675 3849
7676 3929
7677 3591
7678 4023
7679 3773
7680 3838
7681 3857
7682 3687
7683 4008
7684 3949
7685 3616
7686 3954
7687 3726
7688 4047
7689 3796
7690 3661
7691 4048
7692 3898
7693 3556
7694 3945
7695 3952
7696 3551
7697 3994
7698 3997
7699 3809
7700 3675
7701 3797
7702 4200
7703 3967
7704 3620
7705 3810
7706 3942
7707 3888
7708 3609
7709 4164
7710 3732
7711 3700
7712 3992
7713 3890
7714 3665
7715 3950
7716 3829
7717 3869
7718 3845
7719 4151
7720 3440
7721 3923
7722 4167
7723 3651
7724 3853
7725 4165
7726 3804
7727 3661
7728 3720
7729 4015
7730 3770
7731 3755
7732 4115
7733 3909
7734 3702
7735 4070
7736 3862
7737 3458
7738 4088
7739 3723
7740 3915
7741 4172
7742 3709
7743 3685
7744 4072
7745 3731
7746 3632
7747 3994
7748 3967
7749 3861
7750 3932
7751 3945
7752 3705
7753 4142
7754 3929
7755 3768
7756 3879
7757 3765
7758 3768
7759 4121
7760 3771
7761 3987
7762 3870
7763 3805
7764 4055
7765 3697
7766 4198
7767 3815
7768 3655
7769 4021
7770 3880
7771 3783
7772 3718
7773 4029
7774 3840
7775 3937
7776 3953
7777 3863
7778 3887
7779 3848
7780 3927
7781 3871
7782 3849
7783 4108
7784 3760
7785 3992
7786 3817
7787 3729
7788 4236
7789 3755
7790 3754
7791 4031
7792 4006
7793 3860
7794 3834
7795 3817
7796 4074
7797 4024
7798 3761
7799 3893
7800 4124
7801 3769
7802 3986
7803 3822
7804 4006
7805 4013
7806 3854
7807 3790
7808 4126
7809 3879
7810 4008
7811 3869
7812 3733
7813 3904
7814 4163
7815 3762
7816 3955
7817 3984
7818 3860
7819 4036
7820 3730
7821 3896
7822 3843
7823 4056
7824 3989
7825 3870
7826 3962
7827 3818
7828 3835
7829 4209
7830 3614
7831 4152
7832 4034
7833 3819
7834 3768
7835 3888
7836 4155
7837 3677
7838 4048
7839 3791
7840 3840
7841 4089
7842 3802
7843 3637
7844 4491
7845 3763
7846 3809
7847 4279
7848 3959
7849 3827
7850 3987
7851 3794
7852 4013
7853 4057
7854 3665
7855 3843
7856 4190
7857 3910
7858 3950
7859 3840
7860 4119
7861 3869
7862 3964
7863 4029
7864 3737
7865 4010
7866 3911
7867 4007
7868 3616
7869 4216
7870 3982
7871 3815
7872 4103
7873 3900
7874 3959
7875 3985
7876 3783
7877 3917
7878 3954
7879 4309
7880 3532
7881 4029
7882 4129
7883 3725
7884 4034
7885 4232
7886 3624
7887 4027
7888 3887
7889 4071
7890 3818
7891 3887
7892 4286
7893 3754
7894 3888
7895 4044
7896 3861
7897 4049
7898 3830
7899 4251
7900 3936
7901 4111
7902 3709
7903 3937
7904 3888
7905 4038
7906 4057
7907 4025
7908 3954
7909 4033
7910 4262
7911 3913
7912 3882
7913 4040
7914 4103
7915 3433
7916 4246
7917 3899
7918 3880
7919 4180
7920 3919
7921 3980
7922 3984
7923 4056
7924 3807
7925 4102
7926 4012
7927 3887
7928 3780
7929 4603
7930 3655
7931 3877
7932 4076
7933 3969
7934 4028
7935 3903
7936 3988
7937 3874
7938 3612
7939 4421
7940 3933
7941 3723
7942 4210
7943 3618
7944 4093
7945 4106
7946 3953
7947 3872
7948 3834
7949 4091
7950 4165
7951 3935
7952 3947
7953 4087
7954 4076
7955 3690
7956 4126
7957 4003
7958 3979
7959 4086
7960 4187
7961 3575
7962 3909
7963 4339
7964 3841
7965 3602
7966 4262
7967 4001
7968 3696
7969 4237
7970 3876
7971 3969
7972 3972
7973 4036
7974 3905
7975 4021
7976 4072
7977 4107
7978 3881
7979 4181
7980 3935
7981 3798
7982 4172
7983 4250
7984 3720
7985 4107
7986 3972
7987 3886
7988 4090
7989 4011
7990 3782
7991 4201
7992 3862
7993 3881
7994 4158
7995 3995
7996 3927
7997 3978
7998 4025
7999 4142
8000 3862
8001 4083
8002 4190
8003 3755
8004 4171
8005 4038
8006 3932
8007 4026
8008 4033
8009 3870
8010 4124
8011 4047
8012 4069
8013 3720
8014 4106
8015 4245
8016 3928
8017 4002
8018 4204
8019 4066
8020 3745
8021 4318
8022 3989
8023 3888
8024 4141
8025 4076
8026 3735
8027 4250
8028 4025
8029 3850
8030 4068
8031 4098
8032 3815
8033 4035
8034 4195
8035 4023
8036 3773
8037 4167
8038 4025
8039 4049
8040 3931
8041 4009
8042 4111
8043 3921
8044 4062
8045 3939
8046 4253
8047 3966
8048 3691
8049 4248
8050 4257
8051 3841
8052 3900
8053 4233
8054 4049
8055 3754
8056 4391
8057 3977
8058 3955
8059 3980
8060 4093
8061 4160
8062 3982
8063 4059
8064 4037
8065 3882
8066 4079
8067 4154
8068 3754
8069 4111
8070 4253
8071 3922
8072 3850
8073 4272
8074 4074
8075 3943
8076 4167
8077 4076
8078 3825
8079 4086
8080 4132
8081 3709
8082 4056
8083 4256
8084 3812
8085 4276
8086 3974
8087 4188
8088 3945
8089 3947
8090 4145
8091 3944
8092 3838
8093 4231
8094 4080
8095 3752
8096 4230
8097 4202
8098 3797
8099 4289
8100 4139
8101 3985
8102 3959
8103 4127
8104 3986
8105 4181
8106 4142
8107 4023
8108 3820
8109 4184
8110 3978
8111 4186
8112 3825
8113 4083
8114 4148
8115 3838
8116 4063
8117 4292
8118 3898
8119 4162
8120 4037
8121 4401
8122 3804
8123 3913
8124 4356
8125 4014
8126 3881
8127 4233
8128 4337
8129 3806
8130 4244
8131 4108
8132 3812
8133 4292
8134 4207
8135 3971
8136 4087
8137 4300
8138 3960
8139 4085
8140 3866
8141 4147
8142 4013
8143 4124
8144 4058
8145 4138
8146 4006
8147 3989
8148 4143
8149 4151
8150 4036
8151 4006
8152 4335
8153 4180
8154 4005
8155 3984
8156 4254
8157 4104
8158 4061
8159 4100
8160 3831
8161 4228
8162 4201
8163 4097
8164 3847
8165 4084
8166 4071
8167 4108
8168 3991
8169 4025
8170 4167
8171 4169
8172 4020
8173 4111
8174 4166
8175 3806
8176 4310
8177 4181
8178 4001
8179 3973
8180 4230
8181 4137
8182 4116
8183 3783
8184 4141
8185 4339
8186 3956
8187 3793
8188 4227
8189 4417
8190 3895
8191 4062
8192 4111
8193 3924
8194 4229
8195 3953
8196 4037
8197 4510
8198 3928
8199 3893
8200 4103
8201 4378
8202 3799
8203 3962
8204 4132
8205 4230
8206 4065
8207 4023
8208 4308
8209 3806
8210 3998
8211 4414
8212 3853
8213 4188
8214 4083
8215 4171
8216 4174
8217 3848
8218 4352
8219 4181
8220 3994
8221 4123
8222 3923
8223 4174
8224 4218
8225 4117
8226 4205
8227 4100
8228 4094
8229 4040
8230 4281
8231 3990
8232 3954
8233 4360
8234 4293
8235 3682
8236 4443
8237 4019
8238 3980
8239 3930
8240 4423
8241 3917
8242 3964
8243 4375
8244 4167
8245 3832
8246 4323
8247 4076
8248 4275
8249 4239
8250 4152
8251 3853
8252 4530
8253 4190
8254 3598
8255 4417
8256 4246
8257 4069
8258 4025
8259 4215
8260 4173
8261 3910
8262 4353
8263 4304
8264 3740
8265 4019
8266 4627
8267 3808
8268 4160
8269 4361
8270 4025
8271 4167
8272 4337
8273 4139
8274 3866
8275 4341
8276 4142
8277 3970
8278 4353
8279 4114
8280 4260
8281 4012
8282 4192
8283 4077
8284 4122
8285 4328
8286 3889
8287 4292
8288 4375
8289 4075
8290 4103
8291 4091
8292 4236
8293 4150
8294 4049
8295 4132
8296 4270
8297 4244
8298 4100
8299 4065
8300 4211
8301 4302
8302 4086
8303 4303
8304 4125
8305 3953
8306 4333
8307 4185
8308 4166
8309 4080
8310 4077
8311 4094
8312 4261
8313 4205
8314 4196
8315 4207
8316 4155
8317 4079
8318 4449
8319 3930
8320 4165
8321 4361
8322 3930
8323 4456
8324 4130
8325 4027
8326 4539
8327 3789
8328 4216
8329 4535
8330 3849
8331 4169
8332 4577
8333 3800
8334 4047
8335 4391
8336 4272
8337 4067
8338 4078
8339 4217
8340 4252
8341 4051
8342 4274
8343 4441
8344 3937
8345 4143
8346 4267
8347 4130
8348 4195
8349 4274
8350 4065
8351 4318
8352 4144
8353 4141
8354 4267
8355 4095
8356 4191
8357 4374
8358 4184
8359 3769
8360 4414
8361 4117
8362 4143
8363 3965
8364 4600
8365 4141
8366 3906
8367 4393
8368 4253
8369 4064
8370 4155
8371 4001
8372 4430
8373 4090
8374 4005
8375 4479
8376 4109
8377 4204
8378 4138
8379 4409
8380 4072
8381 4229
8382 4399
8383 4283
8384 3678
8385 4304
8386 4488
8387 3968
8388 3979
8389 4363
8390 4532
8391 3975
8392 4071
8393 4312
8394 4083
8395 4207
8396 4331
8397 4145
8398 3984
8399 4376
8400 4218
8401 4293
8402 4312
8403 4121
8404 4207
8405 4263
8406 4271
8407 4177
8408 4144
8409 4267
8410 4271
8411 4179
8412 4228
8413 4287
8414 3790
8415 4324
8416 4389
8417 4103
8418 4049
8419 4443
8420 4117
8421 4136
8422 4463
8423 4094
8424 4115
8425 4452
8426 4002
8427 4212
8428 4277
8429 4297
8430 4274
8431 4068
8432 4234
8433 4230
8434 4088
8435 4413
8436 4234
8437 4044
8438 4303
8439 4246
8440 4204
8441 4171
8442 4163
8443 4293
8444 4261
8445 4171
8446 4327
8447 4203
8448 4148
8449 4265
8450 4528
8451 3812
8452 4094
8453 4456
8454 4089
8455 4213
8456 4498
8457 4423
8458 3892
8459 4352
8460 4311
8461 4104
8462 4338
8463 4246
8464 4346
8465 4324
8466 4053
8467 4466
8468 4195
8469 4024
8470 4256
8471 4566
8472 3992
8473 4157
8474 4478
8475 4197
8476 4110
8477 4489
8478 3987
8479 4390
8480 4378
8481 4111
8482 4215
8483 4253
8484 4069
8485 4407
8486 4087
8487 4290
8488 4200
8489 4321
8490 4132
8491 4297
8492 4190
8493 4293
8494 4232
8495 4279
8496 4383
8497 4175
8498 4106
8499 4545
8500 4363
8501 3985
8502 4304
8503 4393
8504 4071
8505 4198
8506 4429
8507 4254
8508 4155
8509 4121
8510 4448
8511 4367
8512 3835
8513 4474
8514 4313
8515 3921
8516 4393
8517 4114
8518 4133
8519 4607
8520 4082
8521 4227
8522 4592
8523 4143
8524 4021
8525 4691
8526 4041
8527 4218
8528 4563
8529 3811
8530 4209
8531 4489
8532 4065
8533 4300
8534 4226
8535 4470
8536 4320
8537 4112
8538 4358
8539 4356
8540 4235
8541 4393
8542 4190
8543 4180
8544 4291
8545 4257
8546 4197
8547 4306
8548 4137
8549 4342
8550 4193
8551 4369
8552 4349
8553 4190
8554 4495
8555 4009
8556 4428
8557 4286
8558 4217
8559 4651
8560 4001
8561 4452
8562 4339
8563 4027
8564 4251
8565 4555
8566 4222
8567 4133
8568 4491
8569 4141
8570 4195
8571 4495
8572 4334
8573 4185
8574 4279
8575 4354
8576 4097
8577 4555
8578 4223
8579 4176
8580 4205
8581 4449
8582 4357
8583 4212
8584 4196
8585 4482
8586 4320
8587 4070
8588 4417
8589 4413
8590 4165
8591 4300
8592 4491
8593 4260
8594 4156
8595 4529
8596 4117
8597 4432
8598 4398
8599 4128
8600 4306
8601 4673
8602 4075
8603 4042
8604 4499
8605 4477
8606 4110
8607 4180
8608 4632
8609 4179
8610 4219
8611 4364
8612 4238
8613 4446
8614 4438
8615 3984
8616 4352
8617 4511
8618 4185
8619 4219
8620 4363
8621 4467
8622 4100
8623 4455
8624 4223
8625 4454
8626 4344
8627 4321
8628 4175
8629 4412
8630 4327
8631 4279
8632 4532
8633 4098
8634 4467
8635 4301
8636 4212
8637 4445
8638 4530
8639 4223
8640 4207
8641 4354
8642 4304
8643 4510
8644 4136
8645 4197
8646 4401
8647 4382
8648 4483
8649 4305
8650 4142
8651 4487
8652 4351
8653 4580
8654 4251
8655 4042
8656 4543
8657 4314
8658 4128
8659 4262
8660 4391
8661 4540
8662 4042
8663 4372
8664 4650
8665 4131
8666 4374
8667 4643
8668 4129
8669 4295
8670 4369
8671 4585
8672 4168
8673 4135
8674 4451
8675 4407
8676 4213
8677 4407
8678 4145
8679 4157
8680 4623
8681 4293
8682 4324
8683 4446
8684 4264
8685 4396
8686 4401
8687 4291
8688 4381
8689 4319
8690 4461
8691 4139
8692 4331
8693 4732
8694 4198
8695 4085
8696 4796
8697 4222
8698 4304
8699 4197
8700 4473
8701 4428
8702 4345
8703 4343
8704 4378
8705 4587
8706 4219
8707 4251
8708 4304
8709 4495
8710 4488
8711 4153
8712 4121
8713 4626
8714 4164
8715 4357
8716 4348
8717 4239
8718 4553
8719 4657
8720 4067
8721 4172
8722 4502
8723 4515
8724 4251
8725 4238
8726 4445
8727 4238
8728 4296
8729 4803
8730 4200
8731 4101
8732 4496
8733 4449
8734 4238
8735 4251
8736 4642
8737 4313
8738 4232
8739 4617
8740 4391
8741 4101
8742 4480
8743 4504
8744 4160
8745 4710
8746 4406
8747 3912
8748 4946
8749 4340
8750 3920
8751 4903
8752 4147
8753 4270
8754 4437
8755 4307
8756 4301
8757 4519
8758 4431
8759 4156
8760 4397
8761 4441
8762 4242
8763 4295
8764 4337
8765 4508
8766 4347
8767 4185
8768 4546
8769 4381
8770 4230
8771 4439
8772 4614
8773 4150
8774 4458
8775 4614
8776 4051
8777 4565
8778 4638
8779 4119
8780 4368
8781 4527
8782 4377
8783 4460
8784 4378
8785 4185
8786 4424
8787 4261
8788 4582
8789 4224
8790 4406
8791 4506
8792 4578
8793 4288
8794 4185
8795 4546
8796 4572
8797 4263
8798 4524
8799 4562
8800 4326
8801 4417
8802 4589
8803 4533
8804 4159
8805 4384
8806 4519
8807 4335
8808 4526
8809 4358
8810 4460
8811 4454
8812 4470
8813 4254
8814 4572
8815 4431
8816 4473
8817 4587
8818 4176
8819 4516
8820 4303
8821 4530
8822 4517
8823 4421
8824 4210
8825 4303
8826 4534
8827 4476
8828 4266
8829 4588
8830 4288
8831 4378
8832 4586
8833 4563
8834 3989
8835 4377
8836 4762
8837 4278
8838 4425
8839 4592
8840 4134
8841 4515
8842 4849
8843 4210
8844 4027
8845 4684
8846 4375
8847 4441
8848 4491
8849 4407
8850 4514
8851 4461
8852 4292
8853 4344
8854 4446
8855 4366
8856 4322
8857 4857
8858 4456
8859 4221
8860 4530
8861 4373
8862 4261
8863 4340
8864 4726
8865 4232
8866 4393
8867 4447
8868 4345
8869 4492
8870 4263
8871 4640
8872 4419
8873 4459
8874 4429
8875 4382
8876 4538
8877 4810
8878 4139
8879 4504
8880 4718
8881 4404
8882 4124
8883 4466
8884 4479
8885 4705
8886 4224
8887 4381
8888 4586
8889 4350
8890 4474
8891 4288
8892 4395
8893 4644
8894 4347
8895 4330
8896 4606
8897 4411
8898 4496
8899 4484
8900 4333
8901 4386
8902 4527
8903 4462
8904 4278
8905 4678
8906 4280
8907 4574
8908 4327
8909 4526
8910 4480
8911 4363
8912 4577
8913 4573
8914 4030
8915 4926
8916 4628
8917 4186
8918 4496
8919 4563
8920 4302
8921 4427
8922 4820
8923 4391
8924 4455
8925 4320
8926 4342
8927 4722
8928 4288
8929 4363
8930 4598
8931 4482
8932 4348
8933 4508
8934 4611
8935 4510
8936 4316
8937 4517
8938 4586
8939 4476
8940 4312
8941 4403
8942 4757
8943 4280
8944 4442
8945 4579
8946 4715
8947 4322
8948 4594
8949 4565
8950 4434
8951 4620
8952 4394
8953 4329
8954 4687
8955 4534
8956 4306
8957 4513
8958 4518
8959 4320
8960 4303
8961 4574
8962 4718
8963 4235
8964 4369
8965 4535
8966 4532
8967 4503
8968 4284
8969 4577
8970 4721
8971 4437
8972 4448
8973 4568
8974 4677
8975 4371
8976 4567
8977 4435
8978 4582
8979 4565
8980 4325
8981 4636
8982 4532
8983 4227
8984 4673
8985 4700
8986 4433
8987 4609
8988 4383
8989 4393
8990 4706
8991 4493
8992 4342
8993 4444
8994 4723
8995 4383
8996 4499
8997 4743
8998 4198
8999 4418
9000 4731
9001 4571
9002 4201
9003 4716
9004 4433
9005 4295
9006 4767
9007 4456
9008 4477
9009 4596
9010 4746
9011 4319
9012 4453
9013 4838
9014 4346
9015 4531
9016 4599
9017 4407
9018 4719
9019 4286
9020 4601
9021 4461
9022 4406
9023 4666
9024 4512
9025 4403
9026 4439
9027 4458
9028 4913
9029 4527
9030 4164
9031 4924
9032 4471
9033 4364
9034 4705
9035 4441
9036 4463
9037 4432
9038 4480
9039 4445
9040 4694
9041 4269
9042 4489
9043 4832
9044 4217
9045 4614
9046 4547
9047 4473
9048 4568
9049 4604
9050 4280
9051 4853
9052 4591
9053 4251
9054 4769
9055 4529
9056 4563
9057 4214
9058 5045
9059 4387
9060 4201
9061 4730
9062 4466
9063 4590
9064 4550
9065 4361
9066 4819
9067 4165
9068 4609
9069 4838
9070 4339
9071 4566
9072 4465
9073 4700
9074 4390
9075 4545
9076 4504
9077 4624
9078 4502
9079 4427
9080 4623
9081 4657
9082 4370
9083 4527
9084 4733
9085 4536
9086 4536
9087 4536
9088 4330
9089 4600
9090 4428
9091 4823
9092 4305
9093 4663
9094 4454
9095 4537
9096 4426
9097 4592
9098 4686
9099 4433
9100 4544
9101 4632
9102 4550
9103 4442
9104 4876
9105 4519
9106 4266
9107 4820
9108 4395
9109 4541
9110 4471
9111 4675
9112 4626
9113 4379
9114 4608
9115 4520
9116 4423
9117 4830
9118 4418
9119 4352
9120 4941
9121 4255
9122 4611
9123 4864
9124 4350
9125 4487
9126 4845
9127 4345
9128 4417
9129 4984
9130 4427
9131 4450
9132 4688
9133 4541
9134 4316
9135 4879
9136 4512
9137 4424
9138 4730
9139 4498
9140 4506
9141 4636
9142 4543
9143 4814
9144 4462
9145 4611
9146 4611
9147 4850
9148 4348
9149 4663
9150 4722
9151 4482
9152 4607
9153 4412
9154 4862
9155 4360
9156 4421
9157 4483
9158 4848
9159 4225
9160 4520
9161 4635
9162 4688
9163 4317
9164 4934
9165 4584
9166 4423
9167 4896
9168 4606
9169 4524
9170 4627
9171 4649
9172 4554
9173 4479
9174 4705
9175 4538
9176 4392
9177 4755
9178 4590
9179 4619
9180 4533
9181 4684
9182 4616
9183 4462
9184 4565
9185 4873
9186 4512
9187 4543
9188 4745
9189 4640
9190 4383
9191 4732
9192 4747
9193 4314
9194 4865
9195 4668
9196 4293
9197 4833
9198 4517
9199 4475
9200 4852
9201 4503
9202 4325
9203 4917
9204 4721
9205 4178
9206 4741
9207 4747
9208 4521
9209 4559
9210 4645
9211 4722
9212 4414
9213 4852
9214 4771
9215 4413
9216 4457
9217 4663
9218 4504
9219 4702
9220 4683
9221 4630
9222 4515
9223 4762
9224 4506
9225 4760
9226 4574
9227 4574
9228 4728
9229 4530
9230 4602
9231 4493
9232 4714
9233 4580
9234 4717
9235 4448
9236 4767
9237 4582
9238 4481
9239 4815
9240 4432
9241 4705
9242 4453
9243 4731
9244 4656
9245 4567
9246 4599
9247 4986
9248 4346
9249 4555
9250 4885
9251 4490
9252 4671
9253 4609
9254 4813
9255 4358
9256 4723
9257 4443
9258 4741
9259 4677
9260 4675
9261 4588
9262 4506
9263 4727
9264 4645
9265 4691
9266 4498
9267 4749
9268 4655
9269 4694
9270 4681
9271 4483
9272 4616
9273 4672
9274 4520
9275 4987
9276 4555
9277 4458
9278 4915
9279 4638
9280 4382
9281 4773
9282 4782
9283 4570
9284 4493
9285 4658
9286 4516
9287 4704
9288 4679
9289 4591
9290 4580
9291 4887
9292 4609
9293 4665
9294 4661
9295 4706
9296 4553
9297 4824
9298 4674
9299 4480
9300 4751
9301 4733
9302 4419
9303 4918
9304 4858
9305 4515
9306 4551
9307 4725
9308 4784
9309 4384
9310 4663
9311 5045
9312 4277
9313 4763
9314 4858
9315 4362
9316 4896
9317 4510
9318 4698
9319 4693
9320 4771
9321 4550
9322 4706
9323 4790
9324 4348
9325 4947
9326 4773
9327 4588
9328 4379
9329 4823
9330 4902
9331 4491
9332 4818
9333 4508
9334 4753
9335 4770
9336 4677
9337 4460
9338 4739
9339 5002
9340 4312
9341 4864
9342 4720
9343 4524
9344 4602
9345 4581
9346 4993
9347 4445
9348 4574
9349 4917
9350 4657
9351 4630
9352 4644
9353 4820
9354 4332
9355 4688
9356 4909
9357 4627
9358 4560
9359 4650
9360 4758
9361 4873
9362 4330
9363 4722
9364 4745
9365 4724
9366 4557
9367 4715
9368 4780
9369 4816
9370 4718
9371 4338
9372 4804
9373 4516
9374 5036
9375 4688
9376 4474
9377 4758
9378 4884
9379 4720
9380 4473
9381 4860
9382 4697
9383 4718
9384 4774
9385 4590
9386 4708
9387 4626
9388 4860
9389 4631
9390 4713
9391 4617
9392 4695
9393 4815
9394 4576
9395 4644
9396 4749
9397 4878
9398 4567
9399 4444
9400 5074
9401 4881
9402 4262
9403 4797
9404 4929
9405 4723
9406 4566
9407 4855
9408 4664
9409 4920
9410 4317
9411 5150
9412 4678
9413 4545
9414 4604
9415 5040
9416 4501
9417 4650
9418 4987
9419 4565
9420 4655
9421 4848
9422 4799
9423 4454
9424 4793
9425 4715
9426 4793
9427 4635
9428 4524
9429 4998
9430 4791
9431 4486
9432 4799
9433 4557
9434 4720
9435 4755
9436 4809
9437 4501
9438 4846
9439 4758
9440 4733
9441 5017
9442 4465
9443 4744
9444 5033
9445 4339
9446 4605
9447 4922
9448 4778
9449 4585
9450 5079
9451 4420
9452 4859
9453 5089
9454 4381
9455 4730
9456 4928
9457 4727
9458 4854
9459 4571
9460 4762
9461 4631
9462 4994
9463 4418
9464 4782
9465 4926
9466 4692
9467 4561
9468 4770
9469 4742
9470 4860
9471 4658
9472 4716
9473 4815
9474 5033
9475 4256
9476 4931
9477 4852
9478 4796
9479 4799
9480 4651
9481 4678
9482 4868
9483 4657
9484 4728
9485 4802
9486 4820
9487 4548
9488 4792
9489 4857
9490 4818
9491 4516
9492 4615
9493 5056
9494 4650
9495 4613
9496 4714
9497 4699
9498 4898
9499 4691
9500 4660
9501 4913
9502 4782
9503 4556
9504 4841
9505 4692
9506 4794
9507 4678
9508 4806
9509 4749
9510 4692
9511 4751
9512 4808
9513 4803
9514 4632
9515 4859
9516 4737
9517 4586
9518 4989
9519 4951
9520 4234
9521 5001
9522 4853
9523 4567
9524 4799
9525 4719
9526 4723
9527 4820
9528 4989
9529 4706
9530 4627
9531 4859
9532 4728
9533 4727
9534 4717
9535 4884
9536 4820
9537 4554
9538 5025
9539 4559
9540 4716
9541 4838
9542 4655
9543 4819
9544 4928
9545 4818
9546 4684
9547 4656
9548 4747
9549 4865
9550 4720
9551 4933
9552 4510
9553 4786
9554 4925
9555 4779
9556 4584
9557 4836
9558 4800
9559 4787
9560 4629
9561 4821
9562 4975
9563 4673
9564 4980
9565 4784
9566 4691
9567 4658
9568 4751
9569 5006
9570 4749
9571 4396
9572 5067
9573 4861
9574 4616
9575 4819
9576 5045
9577 4797
9578 4969
9579 4537
9580 4828
9581 4917
9582 4674
9583 5025
9584 4416
9585 4972
9586 4831
9587 4620
9588 4861
9589 4908
9590 4509
9591 4997
9592 4920
9593 4440
9594 4820
9595 4998
9596 4752
9597 4505
9598 4785
9599 5046
9600 4844
9601 4490
9602 5089
9603 4732
9604 4598
9605 5119
9606 4836
9607 4657
9608 4987
9609 4915
9610 4677
9611 4844
9612 4755
9613 4876
9614 4763
9615 4667
9616 4924
9617 4652
9618 5036
9619 4826
9620 4799
9621 4707
9622 4941
9623 4706
9624 4857
9625 4869
9626 4701
9627 4901
9628 4985
9629 4614
9630 4955
9631 4848
9632 4925
9633 4860
9634 4702
9635 4889
9636 5012
9637 4704
9638 4941
9639 4785
9640 4569
9641 5056
9642 4849
9643 4761
9644 4885
9645 4764
9646 4848
9647 4773
9648 4913
9649 4583
9650 4939
9651 4982
9652 4622
9653 4619
9654 4972
9655 5038
9656 4591
9657 4776
9658 4852
9659 4749
9660 5050
9661 4777
9662 4742
9663 4973
9664 4939
9665 4691
9666 4933
9667 4753
9668 4706
9669 4988
9670 4677
9671 4926
9672 4649
9673 5065
9674 4845
9675 4626
9676 5131
9677 4654
9678 5076
9679 5038
9680 4528
9681 4977
9682 4960
9683 4748
9684 4648
9685 5127
9686 4580
9687 4915
9688 4914
9689 4788
9690 4905
9691 4676
9692 5009
9693 4817
9694 4808
9695 4848
9696 4963
9697 4715
9698 4744
9699 4981
9700 4940
9701 4763
9702 4769
9703 5104
9704 4816
9705 4751
9706 4793
9707 5106
9708 4579
9709 5035
9710 4741
9711 4812
9712 4946
9713 4925
9714 4704
9715 4907
9716 4921
9717 4762
9718 4897
9719 4871
9720 4855
9721 4704
9722 5015
9723 5056
9724 4571
9725 5029
9726 5009
9727 4822
9728 4886
9729 4866
9730 4938
9731 4825
9732 4943
9733 4948
9734 4756
9735 5034
9736 5034
9737 4474
9738 4911
9739 5115
9740 4580
9741 5018
9742 4776
9743 4842
9744 4981
9745 4684
9746 4976
9747 4937
9748 4970
9749 4736
9750 4876
9751 4879
9752 4956
9753 4731
9754 4849
9755 5164
9756 4621
9757 4815
9758 5059
9759 4884
9760 4600
9761 5117
9762 4919
9763 4846
9764 4736
9765 4991
9766 4921
9767 4647
9768 5051
9769 4980
9770 4751
9771 4964
9772 4972
9773 4779
9774 4905
9775 4962
9776 4836
9777 4876
9778 5082
9779 4752
9780 4931
9781 4882
9782 5052
9783 4813
9784 4728
9785 5230
9786 4947
9787 4626
9788 5060
9789 4877
9790 4846
9791 4997
9792 4959
9793 4910
9794 4744
9795 4897
9796 4997
9797 5015
9798 4580
9799 5133
9800 4796
9801 4813
9802 4897
9803 4910
9804 4968
9805 4849
9806 4947
9807 4796
9808 4792
9809 4897
9810 4958
9811 4990
9812 4748
9813 5227
9814 4758
9815 4876
9816 5085
9817 4790
9818 4794
9819 5092
9820 4855
9821 4852
9822 4938
9823 4852
9824 5115
9825 4717
9826 4952
9827 5030
9828 4903
9829 4687
9830 5171
9831 4765
9832 4722
9833 5084
9834 4990
9835 4715
9836 4755
9837 5133
9838 5059
9839 4512
9840 5145
9841 4918
9842 4905
9843 5097
9844 4837
9845 4973
9846 5038
9847 4856
9848 4807
9849 4947
9850 4790
9851 5149
9852 4732
9853 4771
9854 5204
9855 4812
9856 4954
9857 4952
9858 5059
9859 4853
9860 4917
9861 4968
9862 5055
9863 4885
9864 4992
9865 5033
9866 4908
9867 4937
9868 5036
9869 4911
9870 4937
9871 5229
9872 4727
9873 4837
9874 5187
9875 4811
9876 5048
9877 4838
9878 4844
9879 5048
9880 4875
9881 4807
9882 5157
9883 4813
9884 5103
9885 4905
9886 4780
9887 5036
9888 5023
9889 4809
9890 5059
9891 4834
9892 5058
9893 4790
9894 5048
9895 5165
9896 4994
9897 4685
9898 5133
9899 4955
9900 4991
9901 4821
9902 5125
9903 4954
9904 4834
9905 5226
9906 5061
9907 4628
9908 5208
9909 4720
9910 5086
9911 4991
9912 4839
9913 5076
9914 4928
9915 5014
9916 4885
9917 4963
9918 4949
9919 5077
9920 4880
9921 5260
9922 4874
9923 4751
9924 5276
9925 4849
9926 4988
9927 4816
9928 5074
9929 5000
9930 4991
9931 4911
9932 4969
9933 4964
9934 4939
9935 4853
9936 5154
9937 4811
9938 5153
9939 4774
9940 5111
9941 4932
9942 5030
9943 4978
9944 5113
9945 4731
9946 5141
9947 5042
9948 4824
9949 4746
9950 5354
9951 4999
9952 4734
9953 5159
9954 5033
9955 4995
9956 4710
9957 5188
9958 4962
9959 4933
9960 5111
9961 4861
9962 5142
9963 5025
9964 4683
9965 5242
9966 4975
9967 4864
9968 5095
9969 5022
9970 4995
9971 4771
9972 5384
9973 5043
9974 4680
9975 5131
9976 4882
9977 4808
9978 4960
9979 5186
9980 5086
9981 4854
9982 4842
9983 5258
9984 4955
9985 4962
9986 5054
9987 5074
9988 5109
9989 4767
9990 4925
9991 5196
9992 4837
9993 4887
9994 5139
9995 5087
9996 4866
9997 4709
9998 5411
9999 4726
10000 5030







