0 0
1 1
2 2
3 3
4 4
5 5
6 6
7 7
8 8
9 9
10 1
11 2
12 3
13 4
14 5
15 6
16 7
17 8
18 9
19 10
20 2
21 3
22 4
23 5
24 6
25 7
26 8
27 9
28 10
29 11
30 3
31 4
32 5
33 6
34 7
35 8
36 9
37 10
38 11
39 12
40 4
41 5
42 6
43 7
44 8
45 9
46 10
47 11
48 12
49 13
50 5
51 6
52 7
53 8
54 9
55 10
56 11
57 12
58 13
59 14
60 6
61 7
62 8
63 9
64 10
65 11
66 12
67 13
68 14
69 15
70 7
71 8
72 9
73 10
74 11
75 12
76 13
77 14
78 15
79 16
80 8
81 9
82 10
83 11
84 12
85 13
86 14
87 15
88 16
89 17
90 9
91 10
92 11
93 12
94 13
95 14
96 15
97 16
98 17
99 18
100 1
101 2
102 3
103 4
104 5
105 6
106 7
107 8
108 9
109 10
110 2
111 3
112 4
113 5
114 6
115 7
116 8
117 9
118 10
119 11
120 3
121 4
122 5
123 6
124 7
125 8
126 9
127 10
128 11
129 12
130 4
131 5
132 6
133 7
134 8
135 9
136 10
137 11
138 12
139 13
140 5
141 6
142 7
143 8
144 9
145 10
146 11
147 12
148 13
149 14
150 6
151 7
152 8
153 9
154 10
155 11
156 12
157 13
158 14
159 15
160 7
161 8
162 9
163 10
164 11
165 12
166 13
167 14
168 15
169 16
170 8
171 9
172 10
173 11
174 12
175 13
176 14
177 15
178 16
179 17
180 9
181 10
182 11
183 12
184 13
185 14
186 15
187 16
188 17
189 18
190 10
191 11
192 12
193 13
194 14
195 15
196 16
197 17
198 18
199 19
200 2
201 3
202 4
203 5
204 6
205 7
206 8
207 9
208 10
209 11
210 3
211 4
212 5
213 6
214 7
215 8
216 9
217 10
218 11
219 12
220 4
221 5
222 6
223 7
224 8
225 9
226 10
227 11
228 12
229 13
230 5
231 6
232 7
233 8
234 9
235 10
236 11
237 12
238 13
239 14
240 6
241 7
242 8
243 9
244 10
245 11
246 12
247 13
248 14
249 15
250 7
251 8
252 9
253 10
254 11
255 12
256 13
257 14
258 15
259 16
260 8
261 9
262 10
263 11
264 12
265 13
266 14
267 15
268 16
269 17
270 9
271 10
272 11
273 12
274 13
275 14
276 15
277 16
278 17
279 18
280 10
281 11
282 12
283 13
284 14
285 15
286 16
287 17
288 18
289 19
290 11
291 12
292 13
293 14
294 15
295 16
296 17
297 18
298 19
299 20
300 3
301 4
302 5
303 6
304 7
305 8
306 9
307 10
308 11
309 12
310 4
311 5
312 6
313 7
314 8
315 9
316 10
317 11
318 12
319 13
320 5
321 6
322 7
323 8
324 9
325 10
326 11
327 12
328 13
329 14
330 6
331 7
332 8
333 9
334 10
335 11
336 12
337 13
338 14
339 15
340 7
341 8
342 9
343 10
344 11
345 12
346 13
347 14
348 15
349 16
350 8
351 9
352 10
353 11
354 12
355 13
356 14
357 15
358 16
359 17
360 9
361 10
362 11
363 12
364 13
365 14
366 15
367 16
368 17
369 18
370 10
371 11
372 12
373 13
374 14
375 15
376 16
377 17
378 18
379 19
380 11
381 12
382 13
383 14
384 15
385 16
386 17
387 18
388 19
389 20
390 12
391 13
392 14
393 15
394 16
395 17
396 18
397 19
398 20
399 21
400 4
401 5
402 6
403 7
404 8
405 9
406 10
407 11
408 12
409 13
410 5
411 6
412 7
413 8
414 9
415 10
416 11
417 12
418 13
419 14
420 6
421 7
422 8
423 9
424 10
425 11
426 12
427 13
428 14
429 15
430 7
431 8
432 9
433 10
434 11
435 12
436 13
437 14
438 15
439 16
440 8
441 9
442 10
443 11
444 12
445 13
446 14
447 15
448 16
449 17
450 9
451 10
452 11
453 12
454 13
455 14
456 15
457 16
458 17
459 18
460 10
461 11
462 12
463 13
464 14
465 15
466 16
467 17
468 18
469 19
470 11
471 12
472 13
473 14
474 15
475 16
476 17
477 18
478 19
479 20
480 12
481 13
482 14
483 15
484 16
485 17
486 18
487 19
488 20
489 21
490 13
491 14
492 15
493 16
494 17
495 18
496 19
497 20
498 21
499 22
500 5
501 6
502 7
503 8
504 9
505 10
506 11
507 12
508 13
509 14
510 6
511 7
512 8
513 9
514 10
515 11
516 12
517 13
518 14
519 15
520 7
521 8
522 9
523 10
524 11
525 12
526 13
527 14
528 15
529 16
530 8
531 9
532 10
533 11
534 12
535 13
536 14
537 15
538 16
539 17
540 9
541 10
542 11
543 12
544 13
545 14
546 15
547 16
548 17
549 18
550 10
551 11
552 12
553 13
554 14
555 15
556 16
557 17
558 18
559 19
560 11
561 12
562 13
563 14
564 15
565 16
566 17
567 18
568 19
569 20
570 12
571 13
572 14
573 15
574 16
575 17
576 18
577 19
578 20
579 21
580 13
581 14
582 15
583 16
584 17
585 18
586 19
587 20
588 21
589 22
590 14
591 15
592 16
593 17
594 18
595 19
596 20
597 21
598 22
599 23
600 6
601 7
602 8
603 9
604 10
605 11
606 12
607 13
608 14
609 15
610 7
611 8
612 9
613 10
614 11
615 12
616 13
617 14
618 15
619 16
620 8
621 9
622 10
623 11
624 12
625 13
626 14
627 15
628 16
629 17
630 9
631 10
632 11
633 12
634 13
635 14
636 15
637 16
638 17
639 18
640 10
641 11
642 12
643 13
644 14
645 15
646 16
647 17
648 18
649 19
650 11
651 12
652 13
653 14
654 15
655 16
656 17
657 18
658 19
659 20
660 12
661 13
662 14
663 15
664 16
665 17
666 18
667 19
668 20
669 21
670 13
671 14
672 15
673 16
674 17
675 18
676 19
677 20
678 21
679 22
680 14
681 15
682 16
683 17
684 18
685 19
686 20
687 21
688 22
689 23
690 15
691 16
692 17
693 18
694 19
695 20
696 21
697 22
698 23
699 24
700 7
701 8
702 9
703 10
704 11
705 12
706 13
707 14
708 15
709 16
710 8
711 9
712 10
713 11
714 12
715 13
716 14
717 15
718 16
719 17
720 9
721 10
722 11
723 12
724 13
725 14
726 15
727 16
728 17
729 18
730 10
731 11
732 12
733 13
734 14
735 15
736 16
737 17
738 18
739 19
740 11
741 12
742 13
743 14
744 15
745 16
746 17
747 18
748 19
749 20
750 12
751 13
752 14
753 15
754 16
755 17
756 18
757 19
758 20
759 21
760 13
761 14
762 15
763 16
764 17
765 18
766 19
767 20
768 21
769 22
770 14
771 15
772 16
773 17
774 18
775 19
776 20
777 21
778 22
779 23
780 15
781 16
782 17
783 18
784 19
785 20
786 21
787 22
788 23
789 24
790 16
791 17
792 18
793 19
794 20
795 21
796 22
797 23
798 24
799 25
800 8
801 9
802 10
803 11
804 12
805 13
806 14
807 15
808 16
809 17
810 9
811 10
812 11
813 12
814 13
815 14
816 15
817 16
818 17
819 18
820 10
821 11
822 12
823 13
824 14
825 15
826 16
827 17
828 18
829 19
830 11
831 12
832 13
833 14
834 15
835 16
836 17
837 18
838 19
839 20
840 12
841 13
842 14
843 15
844 16
845 17
846 18
847 19
848 20
849 21
850 13
851 14
852 15
853 16
854 17
855 18
856 19
857 20
858 21
859 22
860 14
861 15
862 16
863 17
864 18
865 19
866 20
867 21
868 22
869 23
870 15
871 16
872 17
873 18
874 19
875 20
876 21
877 22
878 23
879 24
880 16
881 17
882 18
883 19
884 20
885 21
886 22
887 23
888 24
889 25
890 17
891 18
892 19
893 20
894 21
895 22
896 23
897 24
898 25
899 26
900 9
901 10
902 11
903 12
904 13
905 14
906 15
907 16
908 17
909 18
910 10
911 11
912 12
913 13
914 14
915 15
916 16
917 17
918 18
919 19
920 11
921 12
922 13
923 14
924 15
925 16
926 17
927 18
928 19
929 20
930 12
931 13
932 14
933 15
934 16
935 17
936 18
937 19
938 20
939 21
940 13
941 14
942 15
943 16
944 17
945 18
946 19
947 20
948 21
949 22
950 14
951 15
952 16
953 17
954 18
955 19
956 20
957 21
958 22
959 23
960 15
961 16
962 17
963 18
964 19
965 20
966 21
967 22
968 23
969 24
970 16
971 17
972 18
973 19
974 20
975 21
976 22
977 23
978 24
979 25
980 17
981 18
982 19
983 20
984 21
985 22
986 23
987 24
988 25
989 26
990 18
991 19
992 20
993 21
994 22
995 23
996 24
997 25
998 26
999 27
1000 1
1001 2
1002 3
1003 4
1004 5
1005 6
1006 7
1007 8
1008 9
1009 10
1010 2
1011 3
1012 4
1013 5
1014 6
1015 7
1016 8
1017 9
1018 10
1019 11
1020 3
1021 4
1022 5
1023 6
1024 7
1025 8
1026 9
1027 10
1028 11
1029 12
1030 4
1031 5
1032 6
1033 7
1034 8
1035 9
1036 10
1037 11
1038 12
1039 13
1040 5
1041 6
1042 7
1043 8
1044 9
1045 10
1046 11
1047 12
1048 13
1049 14
1050 6
1051 7
1052 8
1053 9
1054 10
1055 11
1056 12
1057 13
1058 14
1059 15
1060 7
1061 8
1062 9
1063 10
1064 11
1065 12
1066 13
1067 14
1068 15
1069 16
1070 8
1071 9
1072 10
1073 11
1074 12
1075 13
1076 14
1077 15
1078 16
1079 17
1080 9
1081 10
1082 11
1083 12
1084 13
1085 14
1086 15
1087 16
1088 17
1089 18
1090 10
1091 11
1092 12
1093 13
1094 14
1095 15
1096 16
1097 17
1098 18
1099 19
1100 2
1101 3
1102 4
1103 5
1104 6
1105 7
1106 8
1107 9
1108 10
1109 11
1110 3
1111 4
1112 5
1113 6
1114 7
1115 8
1116 9
1117 10
1118 11
1119 12
1120 4
1121 5
1122 6
1123 7
1124 8
1125 9
1126 10
1127 11
1128 12
1129 13
1130 5
1131 6
1132 7
1133 8
1134 9
1135 10
1136 11
1137 12
1138 13
1139 14
1140 6
1141 7
1142 8
1143 9
1144 10
1145 11
1146 12
1147 13
1148 14
1149 15
1150 7
1151 8
1152 9
1153 10
1154 11
1155 12
1156 13
1157 14
1158 15
1159 16
1160 8
1161 9
1162 10
1163 11
1164 12
1165 13
1166 14
1167 15
1168 16
1169 17
1170 9
1171 10
1172 11
1173 12
1174 13
1175 14
1176 15
1177 16
1178 17
1179 18
1180 10
1181 11
1182 12
1183 13
1184 14
1185 15
1186 16
1187 17
1188 18
1189 19
1190 11
1191 12
1192 13
1193 14
1194 15
1195 16
1196 17
1197 18
1198 19
1199 20
1200 3
1201 4
1202 5
1203 6
1204 7
1205 8
1206 9
1207 10
1208 11
1209 12
1210 4
1211 5
1212 6
1213 7
1214 8
1215 9
1216 10
1217 11
1218 12
1219 13
1220 5
1221 6
1222 7
1223 8
1224 9
1225 10
1226 11
1227 12
1228 13
1229 14
1230 6
1231 7
1232 8
1233 9
1234 10
1235 11
1236 12
1237 13
1238 14
1239 15
1240 7
1241 8
1242 9
1243 10
1244 11
1245 12
1246 13
1247 14
1248 15
1249 16
1250 8
1251 9
1252 10
1253 11
1254 12
1255 13
1256 14
1257 15
1258 16
1259 17
1260 9
1261 10
1262 11
1263 12
1264 13
1265 14
1266 15
1267 16
1268 17
1269 18
1270 10
1271 11
1272 12
1273 13
1274 14
1275 15
1276 16
1277 17
1278 18
1279 19
1280 11
1281 12
1282 13
1283 14
1284 15
1285 16
1286 17
1287 18
1288 19
1289 20
1290 12
1291 13
1292 14
1293 15
1294 16
1295 17
1296 18
1297 19
1298 20
1299 21
1300 4
1301 5
1302 6
1303 7
1304 8
1305 9
1306 10
1307 11
1308 12
1309 13
1310 5
1311 6
1312 7
1313 8
1314 9
1315 10
1316 11
1317 12
1318 13
1319 14
1320 6
1321 7
1322 8
1323 9
1324 10
1325 11
1326 12
1327 13
1328 14
1329 15
1330 7
1331 8
1332 9
1333 10
1334 11
1335 12
1336 13
1337 14
1338 15
1339 16
1340 8
1341 9
1342 10
1343 11
1344 12
1345 13
1346 14
1347 15
1348 16
1349 17
1350 9
1351 10
1352 11
1353 12
1354 13
1355 14
1356 15
1357 16
1358 17
1359 18
1360 10
1361 11
1362 12
1363 13
1364 14
1365 15
1366 16
1367 17
1368 18
1369 19
1370 11
1371 12
1372 13
1373 14
1374 15
1375 16
1376 17
1377 18
1378 19
1379 20
1380 12
1381 13
1382 14
1383 15
1384 16
1385 17
1386 18
1387 19
1388 20
1389 21
1390 13
1391 14
1392 15
1393 16
1394 17
1395 18
1396 19
1397 20
1398 21
1399 22
1400 5
1401 6
1402 7
1403 8
1404 9
1405 10
1406 11
1407 12
1408 13
1409 14
1410 6
1411 7
1412 8
1413 9
1414 10
1415 11
1416 12
1417 13
1418 14
1419 15
1420 7
1421 8
1422 9
1423 10
1424 11
1425 12
1426 13
1427 14
1428 15
1429 16
1430 8
1431 9
1432 10
1433 11
1434 12
1435 13
1436 14
1437 15
1438 16
1439 17
1440 9
1441 10
1442 11
1443 12
1444 13
1445 14
1446 15
1447 16
1448 17
1449 18
1450 10
1451 11
1452 12
1453 13
1454 14
1455 15
1456 16
1457 17
1458 18
1459 19
1460 11
1461 12
1462 13
1463 14
1464 15
1465 16
1466 17
1467 18
1468 19
1469 20
1470 12
1471 13
1472 14
1473 15
1474 16
1475 17
1476 18
1477 19
1478 20
1479 21
1480 13
1481 14
1482 15
1483 16
1484 17
1485 18
1486 19
1487 20
1488 21
1489 22
1490 14
1491 15
1492 16
1493 17
1494 18
1495 19
1496 20
1497 21
1498 22
1499 23
1500 6
1501 7
1502 8
1503 9
1504 10
1505 11
1506 12
1507 13
1508 14
1509 15
1510 7
1511 8
1512 9
1513 10
1514 11
1515 12
1516 13
1517 14
1518 15
1519 16
1520 8
1521 9
1522 10
1523 11
1524 12
1525 13
1526 14
1527 15
1528 16
1529 17
1530 9
1531 10
1532 11
1533 12
1534 13
1535 14
1536 15
1537 16
1538 17
1539 18
1540 10
1541 11
1542 12
1543 13
1544 14
1545 15
1546 16
1547 17
1548 18
1549 19
1550 11
1551 12
1552 13
1553 14
1554 15
1555 16
1556 17
1557 18
1558 19
1559 20
1560 12
1561 13
1562 14
1563 15
1564 16
1565 17
1566 18
1567 19
1568 20
1569 21
1570 13
1571 14
1572 15
1573 16
1574 17
1575 18
1576 19
1577 20
1578 21
1579 22
1580 14
1581 15
1582 16
1583 17
1584 18
1585 19
1586 20
1587 21
1588 22
1589 23
1590 15
1591 16
1592 17
1593 18
1594 19
1595 20
1596 21
1597 22
1598 23
1599 24
1600 7
1601 8
1602 9
1603 10
1604 11
1605 12
1606 13
1607 14
1608 15
1609 16
1610 8
1611 9
1612 10
1613 11
1614 12
1615 13
1616 14
1617 15
1618 16
1619 17
1620 9
1621 10
1622 11
1623 12
1624 13
1625 14
1626 15
1627 16
1628 17
1629 18
1630 10
1631 11
1632 12
1633 13
1634 14
1635 15
1636 16
1637 17
1638 18
1639 19
1640 11
1641 12
1642 13
1643 14
1644 15
1645 16
1646 17
1647 18
1648 19
1649 20
1650 12
1651 13
1652 14
1653 15
1654 16
1655 17
1656 18
1657 19
1658 20
1659 21
1660 13
1661 14
1662 15
1663 16
1664 17
1665 18
1666 19
1667 20
1668 21
1669 22
1670 14
1671 15
1672 16
1673 17
1674 18
1675 19
1676 20
1677 21
1678 22
1679 23
1680 15
1681 16
1682 17
1683 18
1684 19
1685 20
1686 21
1687 22
1688 23
1689 24
1690 16
1691 17
1692 18
1693 19
1694 20
1695 21
1696 22
1697 23
1698 24
1699 25
1700 8
1701 9
1702 10
1703 11
1704 12
1705 13
1706 14
1707 15
1708 16
1709 17
1710 9
1711 10
1712 11
1713 12
1714 13
1715 14
1716 15
1717 16
1718 17
1719 18
1720 10
1721 11
1722 12
1723 13
1724 14
1725 15
1726 16
1727 17
1728 18
1729 19
1730 11
1731 12
1732 13
1733 14
1734 15
1735 16
1736 17
1737 18
1738 19
1739 20
1740 12
1741 13
1742 14
1743 15
1744 16
1745 17
1746 18
1747 19
1748 20
1749 21
1750 13
1751 14
1752 15
1753 16
1754 17
1755 18
1756 19
1757 20
1758 21
1759 22
1760 14
1761 15
1762 16
1763 17
1764 18
1765 19
1766 20
1767 21
1768 22
1769 23
1770 15
1771 16
1772 17
1773 18
1774 19
1775 20
1776 21
1777 22
1778 23
1779 24
1780 16
1781 17
1782 18
1783 19
1784 20
1785 21
1786 22
1787 23
1788 24
1789 25
1790 17
1791 18
1792 19
1793 20
1794 21
1795 22
1796 23
1797 24
1798 25
1799 26
1800 9
1801 10
1802 11
1803 12
1804 13
1805 14
1806 15
1807 16
1808 17
1809 18
1810 10
1811 11
1812 12
1813 13
1814 14
1815 15
1816 16
1817 17
1818 18
1819 19
1820 11
1821 12
1822 13
1823 14
1824 15
1825 16
1826 17
1827 18
1828 19
1829 20
1830 12
1831 13
1832 14
1833 15
1834 16
1835 17
1836 18
1837 19
1838 20
1839 21
1840 13
1841 14
1842 15
1843 16
1844 17
1845 18
1846 19
1847 20
1848 21
1849 22
1850 14
1851 15
1852 16
1853 17
1854 18
1855 19
1856 20
1857 21
1858 22
1859 23
1860 15
1861 16
1862 17
1863 18
1864 19
1865 20
1866 21
1867 22
1868 23
1869 24
1870 16
1871 17
1872 18
1873 19
1874 20
1875 21
1876 22
1877 23
1878 24
1879 25
1880 17
1881 18
1882 19
1883 20
1884 21
1885 22
1886 23
1887 24
1888 25
1889 26
1890 18
1891 19
1892 20
1893 21
1894 22
1895 23
1896 24
1897 25
1898 26
1899 27
1900 10
1901 11
1902 12
1903 13
1904 14
1905 15
1906 16
1907 17
1908 18
1909 19
1910 11
1911 12
1912 13
1913 14
1914 15
1915 16
1916 17
1917 18
1918 19
1919 20
1920 12
1921 13
1922 14
1923 15
1924 16
1925 17
1926 18
1927 19
1928 20
1929 21
1930 13
1931 14
1932 15
1933 16
1934 17
1935 18
1936 19
1937 20
1938 21
1939 22
1940 14
1941 15
1942 16
1943 17
1944 18
1945 19
1946 20
1947 21
1948 22
1949 23
1950 15
1951 16
1952 17
1953 18
1954 19
1955 20
1956 21
1957 22
1958 23
1959 24
1960 16
1961 17
1962 18
1963 19
1964 20
1965 21
1966 22
1967 23
1968 24
1969 25
1970 17
1971 18
1972 19
1973 20
1974 21
1975 22
1976 23
1977 24
1978 25
1979 26
1980 18
1981 19
1982 20
1983 21
1984 22
1985 23
1986 24
1987 25
1988 26
1989 27
1990 19
1991 20
1992 21
1993 22
1994 23
1995 24
1996 25
1997 26
1998 27
1999 28
2000 2
2001 3
2002 4
2003 5
2004 6
2005 7
2006 8
2007 9
2008 10
2009 11
2010 3
2011 4
2012 5
2013 6
2014 7
2015 8
2016 9
2017 10
2018 11
2019 12
2020 4
2021 5
2022 6
2023 7
2024 8
2025 9
2026 10
2027 11
2028 12
2029 13
2030 5
2031 6
2032 7
2033 8
2034 9
2035 10
2036 11
2037 12
2038 13
2039 14
2040 6
2041 7
2042 8
2043 9
2044 10
2045 11
2046 12
2047 13
2048 14
2049 15
2050 7
2051 8
2052 9
2053 10
2054 11
2055 12
2056 13
2057 14
2058 15
2059 16
2060 8
2061 9
2062 10
2063 11
2064 12
2065 13
2066 14
2067 15
2068 16
2069 17
2070 9
2071 10
2072 11
2073 12
2074 13
2075 14
2076 15
2077 16
2078 17
2079 18
2080 10
2081 11
2082 12
2083 13
2084 14
2085 15
2086 16
2087 17
2088 18
2089 19
2090 11
2091 12
2092 13
2093 14
2094 15
2095 16
2096 17
2097 18
2098 19
2099 20
2100 3
2101 4
2102 5
2103 6
2104 7
2105 8
2106 9
2107 10
2108 11
2109 12
2110 4
2111 5
2112 6
2113 7
2114 8
2115 9
2116 10
2117 11
2118 12
2119 13
2120 5
2121 6
2122 7
2123 8
2124 9
2125 10
2126 11
2127 12
2128 13
2129 14
2130 6
2131 7
2132 8
2133 9
2134 10
2135 11
2136 12
2137 13
2138 14
2139 15
2140 7
2141 8
2142 9
2143 10
2144 11
2145 12
2146 13
2147 14
2148 15
2149 16
2150 8
2151 9
2152 10
2153 11
2154 12
2155 13
2156 14
2157 15
2158 16
2159 17
2160 9
2161 10
2162 11
2163 12
2164 13
2165 14
2166 15
2167 16
2168 17
2169 18
2170 10
2171 11
2172 12
2173 13
2174 14
2175 15
2176 16
2177 17
2178 18
2179 19
2180 11
2181 12
2182 13
2183 14
2184 15
2185 16
2186 17
2187 18
2188 19
2189 20
2190 12
2191 13
2192 14
2193 15
2194 16
2195 17
2196 18
2197 19
2198 20
2199 21
2200 4
2201 5
2202 6
2203 7
2204 8
2205 9
2206 10
2207 11
2208 12
2209 13
2210 5
2211 6
2212 7
2213 8
2214 9
2215 10
2216 11
2217 12
2218 13
2219 14
2220 6
2221 7
2222 8
2223 9
2224 10
2225 11
2226 12
2227 13
2228 14
2229 15
2230 7
2231 8
2232 9
2233 10
2234 11
2235 12
2236 13
2237 14
2238 15
2239 16
2240 8
2241 9
2242 10
2243 11
2244 12
2245 13
2246 14
2247 15
2248 16
2249 17
2250 9
2251 10
2252 11
2253 12
2254 13
2255 14
2256 15
2257 16
2258 17
2259 18
2260 10
2261 11
2262 12
2263 13
2264 14
2265 15
2266 16
2267 17
2268 18
2269 19
2270 11
2271 12
2272 13
2273 14
2274 15
2275 16
2276 17
2277 18
2278 19
2279 20
2280 12
2281 13
2282 14
2283 15
2284 16
2285 17
2286 18
2287 19
2288 20
2289 21
2290 13
2291 14
2292 15
2293 16
2294 17
2295 18
2296 19
2297 20
2298 21
2299 22
2300 5
2301 6
2302 7
2303 8
2304 9
2305 10
2306 11
2307 12
2308 13
2309 14
2310 6
2311 7
2312 8
2313 9
2314 10
2315 11
2316 12
2317 13
2318 14
2319 15
2320 7
2321 8
2322 9
2323 10
2324 11
2325 12
2326 13
2327 14
2328 15
2329 16
2330 8
2331 9
2332 10
2333 11
2334 12
2335 13
2336 14
2337 15
2338 16
2339 17
2340 9
2341 10
2342 11
2343 12
2344 13
2345 14
2346 15
2347 16
2348 17
2349 18
2350 10
2351 11
2352 12
2353 13
2354 14
2355 15
2356 16
2357 17
2358 18
2359 19
2360 11
2361 12
2362 13
2363 14
2364 15
2365 16
2366 17
2367 18
2368 19
2369 20
2370 12
2371 13
2372 14
2373 15
2374 16
2375 17
2376 18
2377 19
2378 20
2379 21
2380 13
2381 14
2382 15
2383 16
2384 17
2385 18
2386 19
2387 20
2388 21
2389 22
2390 14
2391 15
2392 16
2393 17
2394 18
2395 19
2396 20
2397 21
2398 22
2399 23
2400 6
2401 7
2402 8
2403 9
2404 10
2405 11
2406 12
2407 13
2408 14
2409 15
2410 7
2411 8
2412 9
2413 10
2414 11
2415 12
2416 13
2417 14
2418 15
2419 16
2420 8
2421 9
2422 10
2423 11
2424 12
2425 13
2426 14
2427 15
2428 16
2429 17
2430 9
2431 10
2432 11
2433 12
2434 13
2435 14
2436 15
2437 16
2438 17
2439 18
2440 10
2441 11
2442 12
2443 13
2444 14
2445 15
2446 16
2447 17
2448 18
2449 19
2450 11
2451 12
2452 13
2453 14
2454 15
2455 16
2456 17
2457 18
2458 19
2459 20
2460 12
2461 13
2462 14
2463 15
2464 16
2465 17
2466 18
2467 19
2468 20
2469 21
2470 13
2471 14
2472 15
2473 16
2474 17
2475 18
2476 19
2477 20
2478 21
2479 22
2480 14
2481 15
2482 16
2483 17
2484 18
2485 19
2486 20
2487 21
2488 22
2489 23
2490 15
2491 16
2492 17
2493 18
2494 19
2495 20
2496 21
2497 22
2498 23
2499 24
2500 7
2501 8
2502 9
2503 10
2504 11
2505 12
2506 13
2507 14
2508 15
2509 16
2510 8
2511 9
2512 10
2513 11
2514 12
2515 13
2516 14
2517 15
2518 16
2519 17
2520 9
2521 10
2522 11
2523 12
2524 13
2525 14
2526 15
2527 16
2528 17
2529 18
2530 10
2531 11
2532 12
2533 13
2534 14
2535 15
2536 16
2537 17
2538 18
2539 19
2540 11
2541 12
2542 13
2543 14
2544 15
2545 16
2546 17
2547 18
2548 19
2549 20
2550 12
2551 13
2552 14
2553 15
2554 16
2555 17
2556 18
2557 19
2558 20
2559 21
2560 13
2561 14
2562 15
2563 16
2564 17
2565 18
2566 19
2567 20
2568 21
2569 22
2570 14
2571 15
2572 16
2573 17
2574 18
2575 19
2576 20
2577 21
2578 22
2579 23
2580 15
2581 16
2582 17
2583 18
2584 19
2585 20
2586 21
2587 22
2588 23
2589 24
2590 16
2591 17
2592 18
2593 19
2594 20
2595 21
2596 22
2597 23
2598 24
2599 25
2600 8
2601 9
2602 10
2603 11
2604 12
2605 13
2606 14
2607 15
2608 16
2609 17
2610 9
2611 10
2612 11
2613 12
2614 13
2615 14
2616 15
2617 16
2618 17
2619 18
2620 10
2621 11
2622 12
2623 13
2624 14
2625 15
2626 16
2627 17
2628 18
2629 19
2630 11
2631 12
2632 13
2633 14
2634 15
2635 16
2636 17
2637 18
2638 19
2639 20
2640 12
2641 13
2642 14
2643 15
2644 16
2645 17
2646 18
2647 19
2648 20
2649 21
2650 13
2651 14
2652 15
2653 16
2654 17
2655 18
2656 19
2657 20
2658 21
2659 22
2660 14
2661 15
2662 16
2663 17
2664 18
2665 19
2666 20
2667 21
2668 22
2669 23
2670 15
2671 16
2672 17
2673 18
2674 19
2675 20
2676 21
2677 22
2678 23
2679 24
2680 16
2681 17
2682 18
2683 19
2684 20
2685 21
2686 22
2687 23
2688 24
2689 25
2690 17
2691 18
2692 19
2693 20
2694 21
2695 22
2696 23
2697 24
2698 25
2699 26
2700 9
2701 10
2702 11
2703 12
2704 13
2705 14
2706 15
2707 16
2708 17
2709 18
2710 10
2711 11
2712 12
2713 13
2714 14
2715 15
2716 16
2717 17
2718 18
2719 19
2720 11
2721 12
2722 13
2723 14
2724 15
2725 16
2726 17
2727 18
2728 19
2729 20
2730 12
2731 13
2732 14
2733 15
2734 16
2735 17
2736 18
2737 19
2738 20
2739 21
2740 13
2741 14
2742 15
2743 16
2744 17
2745 18
2746 19
2747 20
2748 21
2749 22
2750 14
2751 15
2752 16
2753 17
2754 18
2755 19
2756 20
2757 21
2758 22
2759 23
2760 15
2761 16
2762 17
2763 18
2764 19
2765 20
2766 21
2767 22
2768 23
2769 24
2770 16
2771 17
2772 18
2773 19
2774 20
2775 21
2776 22
2777 23
2778 24
2779 25
2780 17
2781 18
2782 19
2783 20
2784 21
2785 22
2786 23
2787 24
2788 25
2789 26
2790 18
2791 19
2792 20
2793 21
2794 22
2795 23
2796 24
2797 25
2798 26
2799 27
2800 10
2801 11
2802 12
2803 13
2804 14
2805 15
2806 16
2807 17
2808 18
2809 19
2810 11
2811 12
2812 13
2813 14
2814 15
2815 16
2816 17
2817 18
2818 19
2819 20
2820 12
2821 13
2822 14
2823 15
2824 16
2825 17
2826 18
2827 19
2828 20
2829 21
2830 13
2831 14
2832 15
2833 16
2834 17
2835 18
2836 19
2837 20
2838 21
2839 22
2840 14
2841 15
2842 16
2843 17
2844 18
2845 19
2846 20
2847 21
2848 22
2849 23
2850 15
2851 16
2852 17
2853 18
2854 19
2855 20
2856 21
2857 22
2858 23
2859 24
2860 16
2861 17
2862 18
2863 19
2864 20
2865 21
2866 22
2867 23
2868 24
2869 25
2870 17
2871 18
2872 19
2873 20
2874 21
2875 22
2876 23
2877 24
2878 25
2879 26
2880 18
2881 19
2882 20
2883 21
2884 22
2885 23
2886 24
2887 25
2888 26
2889 27
2890 19
2891 20
2892 21
2893 22
2894 23
2895 24
2896 25
2897 26
2898 27
2899 28
2900 11
2901 12
2902 13
2903 14
2904 15
2905 16
2906 17
2907 18
2908 19
2909 20
2910 12
2911 13
2912 14
2913 15
2914 16
2915 17
2916 18
2917 19
2918 20
2919 21
2920 13
2921 14
2922 15
2923 16
2924 17
2925 18
2926 19
2927 20
2928 21
2929 22
2930 14
2931 15
2932 16
2933 17
2934 18
2935 19
2936 20
2937 21
2938 22
2939 23
2940 15
2941 16
2942 17
2943 18
2944 19
2945 20
2946 21
2947 22
2948 23
2949 24
2950 16
2951 17
2952 18
2953 19
2954 20
2955 21
2956 22
2957 23
2958 24
2959 25
2960 17
2961 18
2962 19
2963 20
2964 21
2965 22
2966 23
2967 24
2968 25
2969 26
2970 18
2971 19
2972 20
2973 21
2974 22
2975 23
2976 24
2977 25
2978 26
2979 27
2980 19
2981 20
2982 21
2983 22
2984 23
2985 24
2986 25
2987 26
2988 27
2989 28
2990 20
2991 21
2992 22
2993 23
2994 24
2995 25
2996 26
2997 27
2998 28
2999 29
3000 3
3001 4
3002 5
3003 6
3004 7
3005 8
3006 9
3007 10
3008 11
3009 12
3010 4
3011 5
3012 6
3013 7
3014 8
3015 9
3016 10
3017 11
3018 12
3019 13
3020 5
3021 6
3022 7
3023 8
3024 9
3025 10
3026 11
3027 12
3028 13
3029 14
3030 6
3031 7
3032 8
3033 9
3034 10
3035 11
3036 12
3037 13
3038 14
3039 15
3040 7
3041 8
3042 9
3043 10
3044 11
3045 12
3046 13
3047 14
3048 15
3049 16
3050 8
3051 9
3052 10
3053 11
3054 12
3055 13
3056 14
3057 15
3058 16
3059 17
3060 9
3061 10
3062 11
3063 12
3064 13
3065 14
3066 15
3067 16
3068 17
3069 18
3070 10
3071 11
3072 12
3073 13
3074 14
3075 15
3076 16
3077 17
3078 18
3079 19
3080 11
3081 12
3082 13
3083 14
3084 15
3085 16
3086 17
3087 18
3088 19
3089 20
3090 12
3091 13
3092 14
3093 15
3094 16
3095 17
3096 18
3097 19
3098 20
3099 21
3100 4
3101 5
3102 6
3103 7
3104 8
3105 9
3106 10
3107 11
3108 12
3109 13
3110 5
3111 6
3112 7
3113 8
3114 9
3115 10
3116 11
3117 12
3118 13
3119 14
3120 6
3121 7
3122 8
3123 9
3124 10
3125 11
3126 12
3127 13
3128 14
3129 15
3130 7
3131 8
3132 9
3133 10
3134 11
3135 12
3136 13
3137 14
3138 15
3139 16
3140 8
3141 9
3142 10
3143 11
3144 12
3145 13
3146 14
3147 15
3148 16
3149 17
3150 9
3151 10
3152 11
3153 12
3154 13
3155 14
3156 15
3157 16
3158 17
3159 18
3160 10
3161 11
3162 12
3163 13
3164 14
3165 15
3166 16
3167 17
3168 18
3169 19
3170 11
3171 12
3172 13
3173 14
3174 15
3175 16
3176 17
3177 18
3178 19
3179 20
3180 12
3181 13
3182 14
3183 15
3184 16
3185 17
3186 18
3187 19
3188 20
3189 21
3190 13
3191 14
3192 15
3193 16
3194 17
3195 18
3196 19
3197 20
3198 21
3199 22
3200 5
3201 6
3202 7
3203 8
3204 9
3205 10
3206 11
3207 12
3208 13
3209 14
3210 6
3211 7
3212 8
3213 9
3214 10
3215 11
3216 12
3217 13
3218 14
3219 15
3220 7
3221 8
3222 9
3223 10
3224 11
3225 12
3226 13
3227 14
3228 15
3229 16
3230 8
3231 9
3232 10
3233 11
3234 12
3235 13
3236 14
3237 15
3238 16
3239 17
3240 9
3241 10
3242 11
3243 12
3244 13
3245 14
3246 15
3247 16
3248 17
3249 18
3250 10
3251 11
3252 12
3253 13
3254 14
3255 15
3256 16
3257 17
3258 18
3259 19
3260 11
3261 12
3262 13
3263 14
3264 15
3265 16
3266 17
3267 18
3268 19
3269 20
3270 12
3271 13
3272 14
3273 15
3274 16
3275 17
3276 18
3277 19
3278 20
3279 21
3280 13
3281 14
3282 15
3283 16
3284 17
3285 18
3286 19
3287 20
3288 21
3289 22
3290 14
3291 15
3292 16
3293 17
3294 18
3295 19
3296 20
3297 21
3298 22
3299 23
3300 6
3301 7
3302 8
3303 9
3304 10
3305 11
3306 12
3307 13
3308 14
3309 15
3310 7
3311 8
3312 9
3313 10
3314 11
3315 12
3316 13
3317 14
3318 15
3319 16
3320 8
3321 9
3322 10
3323 11
3324 12
3325 13
3326 14
3327 15
3328 16
3329 17
3330 9
3331 10
3332 11
3333 12
3334 13
3335 14
3336 15
3337 16
3338 17
3339 18
3340 10
3341 11
3342 12
3343 13
3344 14
3345 15
3346 16
3347 17
3348 18
3349 19
3350 11
3351 12
3352 13
3353 14
3354 15
3355 16
3356 17
3357 18
3358 19
3359 20
3360 12
3361 13
3362 14
3363 15
3364 16
3365 17
3366 18
3367 19
3368 20
3369 21
3370 13
3371 14
3372 15
3373 16
3374 17
3375 18
3376 19
3377 20
3378 21
3379 22
3380 14
3381 15
3382 16
3383 17
3384 18
3385 19
3386 20
3387 21
3388 22
3389 23
3390 15
3391 16
3392 17
3393 18
3394 19
3395 20
3396 21
3397 22
3398 23
3399 24
3400 7
3401 8
3402 9
3403 10
3404 11
3405 12
3406 13
3407 14
3408 15
3409 16
3410 8
3411 9
3412 10
3413 11
3414 12
3415 13
3416 14
3417 15
3418 16
3419 17
3420 9
3421 10
3422 11
3423 12
3424 13
3425 14
3426 15
3427 16
3428 17
3429 18
3430 10
3431 11
3432 12
3433 13
3434 14
3435 15
3436 16
3437 17
3438 18
3439 19
3440 11
3441 12
3442 13
3443 14
3444 15
3445 16
3446 17
3447 18
3448 19
3449 20
3450 12
3451 13
3452 14
3453 15
3454 16
3455 17
3456 18
3457 19
3458 20
3459 21
3460 13
3461 14
3462 15
3463 16
3464 17
3465 18
3466 19
3467 20
3468 21
3469 22
3470 14
3471 15
3472 16
3473 17
3474 18
3475 19
3476 20
3477 21
3478 22
3479 23
3480 15
3481 16
3482 17
3483 18
3484 19
3485 20
3486 21
3487 22
3488 23
3489 24
3490 16
3491 17
3492 18
3493 19
3494 20
3495 21
3496 22
3497 23
3498 24
3499 25
3500 8
3501 9
3502 10
3503 11
3504 12
3505 13
3506 14
3507 15
3508 16
3509 17
3510 9
3511 10
3512 11
3513 12
3514 13
3515 14
3516 15
3517 16
3518 17
3519 18
3520 10
3521 11
3522 12
3523 13
3524 14
3525 15
3526 16
3527 17
3528 18
3529 19
3530 11
3531 12
3532 13
3533 14
3534 15
3535 16
3536 17
3537 18
3538 19
3539 20
3540 12
3541 13
3542 14
3543 15
3544 16
3545 17
3546 18
3547 19
3548 20
3549 21
3550 13
3551 14
3552 15
3553 16
3554 17
3555 18
3556 19
3557 20
3558 21
3559 22
3560 14
3561 15
3562 16
3563 17
3564 18
3565 19
3566 20
3567 21
3568 22
3569 23
3570 15
3571 16
3572 17
3573 18
3574 19
3575 20
3576 21
3577 22
3578 23
3579 24
3580 16
3581 17
3582 18
3583 19
3584 20
3585 21
3586 22
3587 23
3588 24
3589 25
3590 17
3591 18
3592 19
3593 20
3594 21
3595 22
3596 23
3597 24
3598 25
3599 26
3600 9
3601 10
3602 11
3603 12
3604 13
3605 14
3606 15
3607 16
3608 17
3609 18
3610 10
3611 11
3612 12
3613 13
3614 14
3615 15
3616 16
3617 17
3618 18
3619 19
3620 11
3621 12
3622 13
3623 14
3624 15
3625 16
3626 17
3627 18
3628 19
3629 20
3630 12
3631 13
3632 14
3633 15
3634 16
3635 17
3636 18
3637 19
3638 20
3639 21
3640 13
3641 14
3642 15
3643 16
3644 17
3645 18
3646 19
3647 20
3648 21
3649 22
3650 14
3651 15
3652 16
3653 17
3654 18
3655 19
3656 20
3657 21
3658 22
3659 23
3660 15
3661 16
3662 17
3663 18
3664 19
3665 20
3666 21
3667 22
3668 23
3669 24
3670 16
3671 17
3672 18
3673 19
3674 20
3675 21
3676 22
3677 23
3678 24
3679 25
3680 17
3681 18
3682 19
3683 20
3684 21
3685 22
3686 23
3687 24
3688 25
3689 26
3690 18
3691 19
3692 20
3693 21
3694 22
3695 23
3696 24
3697 25
3698 26
3699 27
3700 10
3701 11
3702 12
3703 13
3704 14
3705 15
3706 16
3707 17
3708 18
3709 19
3710 11
3711 12
3712 13
3713 14
3714 15
3715 16
3716 17
3717 18
3718 19
3719 20
3720 12
3721 13
3722 14
3723 15
3724 16
3725 17
3726 18
3727 19
3728 20
3729 21
3730 13
3731 14
3732 15
3733 16
3734 17
3735 18
3736 19
3737 20
3738 21
3739 22
3740 14
3741 15
3742 16
3743 17
3744 18
3745 19
3746 20
3747 21
3748 22
3749 23
3750 15
3751 16
3752 17
3753 18
3754 19
3755 20
3756 21
3757 22
3758 23
3759 24
3760 16
3761 17
3762 18
3763 19
3764 20
3765 21
3766 22
3767 23
3768 24
3769 25
3770 17
3771 18
3772 19
3773 20
3774 21
3775 22
3776 23
3777 24
3778 25
3779 26
3780 18
3781 19
3782 20
3783 21
3784 22
3785 23
3786 24
3787 25
3788 26
3789 27
3790 19
3791 20
3792 21
3793 22
3794 23
3795 24
3796 25
3797 26
3798 27
3799 28
3800 11
3801 12
3802 13
3803 14
3804 15
3805 16
3806 17
3807 18
3808 19
3809 20
3810 12
3811 13
3812 14
3813 15
3814 16
3815 17
3816 18
3817 19
3818 20
3819 21
3820 13
3821 14
3822 15
3823 16
3824 17
3825 18
3826 19
3827 20
3828 21
3829 22
3830 14
3831 15
3832 16
3833 17
3834 18
3835 19
3836 20
3837 21
3838 22
3839 23
3840 15
3841 16
3842 17
3843 18
3844 19
3845 20
3846 21
3847 22
3848 23
3849 24
3850 16
3851 17
3852 18
3853 19
3854 20
3855 21
3856 22
3857 23
3858 24
3859 25
3860 17
3861 18
3862 19
3863 20
3864 21
3865 22
3866 23
3867 24
3868 25
3869 26
3870 18
3871 19
3872 20
3873 21
3874 22
3875 23
3876 24
3877 25
3878 26
3879 27
3880 19
3881 20
3882 21
3883 22
3884 23
3885 24
3886 25
3887 26
3888 27
3889 28
3890 20
3891 21
3892 22
3893 23
3894 24
3895 25
3896 26
3897 27
3898 28
3899 29
3900 12
3901 13
3902 14
3903 15
3904 16
3905 17
3906 18
3907 19
3908 20
3909 21
3910 13
3911 14
3912 15
3913 16
3914 17
3915 18
3916 19
3917 20
3918 21
3919 22
3920 14
3921 15
3922 16
3923 17
3924 18
3925 19
3926 20
3927 21
3928 22
3929 23
3930 15
3931 16
3932 17
3933 18
3934 19
3935 20
3936 21
3937 22
3938 23
3939 24
3940 16
3941 17
3942 18
3943 19
3944 20
3945 21
3946 22
3947 23
3948 24
3949 25
3950 17
3951 18
3952 19
3953 20
3954 21
3955 22
3956 23
3957 24
3958 25
3959 26
3960 18
3961 19
3962 20
3963 21
3964 22
3965 23
3966 24
3967 25
3968 26
3969 27
3970 19
3971 20
3972 21
3973 22
3974 23
3975 24
3976 25
3977 26
3978 27
3979 28
3980 20
3981 21
3982 22
3983 23
3984 24
3985 25
3986 26
3987 27
3988 28
3989 29
3990 21
3991 22
3992 23
3993 24
3994 25
3995 26
3996 27
3997 28
3998 29
3999 30
4000 4
4001 5
4002 6
4003 7
4004 8
4005 9
4006 10
4007 11
4008 12
4009 13
4010 5
4011 6
4012 7
4013 8
4014 9
4015 10
4016 11
4017 12
4018 13
4019 14
4020 6
4021 7
4022 8
4023 9
4024 10
4025 11
4026 12
4027 13
4028 14
4029 15
4030 7
4031 8
4032 9
4033 10
4034 11
4035 12
4036 13
4037 14
4038 15
4039 16
4040 8
4041 9
4042 10
4043 11
4044 12
4045 13
4046 14
4047 15
4048 16
4049 17
4050 9
4051 10
4052 11
4053 12
4054 13
4055 14
4056 15
4057 16
4058 17
4059 18
4060 10
4061 11
4062 12
4063 13
4064 14
4065 15
4066 16
4067 17
4068 18
4069 19
4070 11
4071 12
4072 13
4073 14
4074 15
4075 16
4076 17
4077 18
4078 19
4079 20
4080 12
4081 13
4082 14
4083 15
4084 16
4085 17
4086 18
4087 19
4088 20
4089 21
4090 13
4091 14
4092 15
4093 16
4094 17
4095 18
4096 19
4097 20
4098 21
4099 22
4100 5
4101 6
4102 7
4103 8
4104 9
4105 10
4106 11
4107 12
4108 13
4109 14
4110 6
4111 7
4112 8
4113 9
4114 10
4115 11
4116 12
4117 13
4118 14
4119 15
4120 7
4121 8
4122 9
4123 10
4124 11
4125 12
4126 13
4127 14
4128 15
4129 16
4130 8
4131 9
4132 10
4133 11
4134 12
4135 13
4136 14
4137 15
4138 16
4139 17
4140 9
4141 10
4142 11
4143 12
4144 13
4145 14
4146 15
4147 16
4148 17
4149 18
4150 10
4151 11
4152 12
4153 13
4154 14
4155 15
4156 16
4157 17
4158 18
4159 19
4160 11
4161 12
4162 13
4163 14
4164 15
4165 16
4166 17
4167 18
4168 19
4169 20
4170 12
4171 13
4172 14
4173 15
4174 16
4175 17
4176 18
4177 19
4178 20
4179 21
4180 13
4181 14
4182 15
4183 16
4184 17
4185 18
4186 19
4187 20
4188 21
4189 22
4190 14
4191 15
4192 16
4193 17
4194 18
4195 19
4196 20
4197 21
4198 22
4199 23
4200 6
4201 7
4202 8
4203 9
4204 10
4205 11
4206 12
4207 13
4208 14
4209 15
4210 7
4211 8
4212 9
4213 10
4214 11
4215 12
4216 13
4217 14
4218 15
4219 16
4220 8
4221 9
4222 10
4223 11
4224 12
4225 13
4226 14
4227 15
4228 16
4229 17
4230 9
4231 10
4232 11
4233 12
4234 13
4235 14
4236 15
4237 16
4238 17
4239 18
4240 10
4241 11
4242 12
4243 13
4244 14
4245 15
4246 16
4247 17
4248 18
4249 19
4250 11
4251 12
4252 13
4253 14
4254 15
4255 16
4256 17
4257 18
4258 19
4259 20
4260 12
4261 13
4262 14
4263 15
4264 16
4265 17
4266 18
4267 19
4268 20
4269 21
4270 13
4271 14
4272 15
4273 16
4274 17
4275 18
4276 19
4277 20
4278 21
4279 22
4280 14
4281 15
4282 16
4283 17
4284 18
4285 19
4286 20
4287 21
4288 22
4289 23
4290 15
4291 16
4292 17
4293 18
4294 19
4295 20
4296 21
4297 22
4298 23
4299 24
4300 7
4301 8
4302 9
4303 10
4304 11
4305 12
4306 13
4307 14
4308 15
4309 16
4310 8
4311 9
4312 10
4313 11
4314 12
4315 13
4316 14
4317 15
4318 16
4319 17
4320 9
4321 10
4322 11
4323 12
4324 13
4325 14
4326 15
4327 16
4328 17
4329 18
4330 10
4331 11
4332 12
4333 13
4334 14
4335 15
4336 16
4337 17
4338 18
4339 19
4340 11
4341 12
4342 13
4343 14
4344 15
4345 16
4346 17
4347 18
4348 19
4349 20
4350 12
4351 13
4352 14
4353 15
4354 16
4355 17
4356 18
4357 19
4358 20
4359 21
4360 13
4361 14
4362 15
4363 16
4364 17
4365 18
4366 19
4367 20
4368 21
4369 22
4370 14
4371 15
4372 16
4373 17
4374 18
4375 19
4376 20
4377 21
4378 22
4379 23
4380 15
4381 16
4382 17
4383 18
4384 19
4385 20
4386 21
4387 22
4388 23
4389 24
4390 16
4391 17
4392 18
4393 19
4394 20
4395 21
4396 22
4397 23
4398 24
4399 25
4400 8
4401 9
4402 10
4403 11
4404 12
4405 13
4406 14
4407 15
4408 16
4409 17
4410 9
4411 10
4412 11
4413 12
4414 13
4415 14
4416 15
4417 16
4418 17
4419 18
4420 10
4421 11
4422 12
4423 13
4424 14
4425 15
4426 16
4427 17
4428 18
4429 19
4430 11
4431 12
4432 13
4433 14
4434 15
4435 16
4436 17
4437 18
4438 19
4439 20
4440 12
4441 13
4442 14
4443 15
4444 16
4445 17
4446 18
4447 19
4448 20
4449 21
4450 13
4451 14
4452 15
4453 16
4454 17
4455 18
4456 19
4457 20
4458 21
4459 22
4460 14
4461 15
4462 16
4463 17
4464 18
4465 19
4466 20
4467 21
4468 22
4469 23
4470 15
4471 16
4472 17
4473 18
4474 19
4475 20
4476 21
4477 22
4478 23
4479 24
4480 16
4481 17
4482 18
4483 19
4484 20
4485 21
4486 22
4487 23
4488 24
4489 25
4490 17
4491 18
4492 19
4493 20
4494 21
4495 22
4496 23
4497 24
4498 25
4499 26
4500 9
4501 10
4502 11
4503 12
4504 13
4505 14
4506 15
4507 16
4508 17
4509 18
4510 10
4511 11
4512 12
4513 13
4514 14
4515 15
4516 16
4517 17
4518 18
4519 19
4520 11
4521 12
4522 13
4523 14
4524 15
4525 16
4526 17
4527 18
4528 19
4529 20
4530 12
4531 13
4532 14
4533 15
4534 16
4535 17
4536 18
4537 19
4538 20
4539 21
4540 13
4541 14
4542 15
4543 16
4544 17
4545 18
4546 19
4547 20
4548 21
4549 22
4550 14
4551 15
4552 16
4553 17
4554 18
4555 19
4556 20
4557 21
4558 22
4559 23
4560 15
4561 16
4562 17
4563 18
4564 19
4565 20
4566 21
4567 22
4568 23
4569 24
4570 16
4571 17
4572 18
4573 19
4574 20
4575 21
4576 22
4577 23
4578 24
4579 25
4580 17
4581 18
4582 19
4583 20
4584 21
4585 22
4586 23
4587 24
4588 25
4589 26
4590 18
4591 19
4592 20
4593 21
4594 22
4595 23
4596 24
4597 25
4598 26
4599 27
4600 10
4601 11
4602 12
4603 13
4604 14
4605 15
4606 16
4607 17
4608 18
4609 19
4610 11
4611 12
4612 13
4613 14
4614 15
4615 16
4616 17
4617 18
4618 19
4619 20
4620 12
4621 13
4622 14
4623 15
4624 16
4625 17
4626 18
4627 19
4628 20
4629 21
4630 13
4631 14
4632 15
4633 16
4634 17
4635 18
4636 19
4637 20
4638 21
4639 22
4640 14
4641 15
4642 16
4643 17
4644 18
4645 19
4646 20
4647 21
4648 22
4649 23
4650 15
4651 16
4652 17
4653 18
4654 19
4655 20
4656 21
4657 22
4658 23
4659 24
4660 16
4661 17
4662 18
4663 19
4664 20
4665 21
4666 22
4667 23
4668 24
4669 25
4670 17
4671 18
4672 19
4673 20
4674 21
4675 22
4676 23
4677 24
4678 25
4679 26
4680 18
4681 19
4682 20
4683 21
4684 22
4685 23
4686 24
4687 25
4688 26
4689 27
4690 19
4691 20
4692 21
4693 22
4694 23
4695 24
4696 25
4697 26
4698 27
4699 28
4700 11
4701 12
4702 13
4703 14
4704 15
4705 16
4706 17
4707 18
4708 19
4709 20
4710 12
4711 13
4712 14
4713 15
4714 16
4715 17
4716 18
4717 19
4718 20
4719 21
4720 13
4721 14
4722 15
4723 16
4724 17
4725 18
4726 19
4727 20
4728 21
4729 22
4730 14
4731 15
4732 16
4733 17
4734 18
4735 19
4736 20
4737 21
4738 22
4739 23
4740 15
4741 16
4742 17
4743 18
4744 19
4745 20
4746 21
4747 22
4748 23
4749 24
4750 16
4751 17
4752 18
4753 19
4754 20
4755 21
4756 22
4757 23
4758 24
4759 25
4760 17
4761 18
4762 19
4763 20
4764 21
4765 22
4766 23
4767 24
4768 25
4769 26
4770 18
4771 19
4772 20
4773 21
4774 22
4775 23
4776 24
4777 25
4778 26
4779 27
4780 19
4781 20
4782 21
4783 22
4784 23
4785 24
4786 25
4787 26
4788 27
4789 28
4790 20
4791 21
4792 22
4793 23
4794 24
4795 25
4796 26
4797 27
4798 28
4799 29
4800 12
4801 13
4802 14
4803 15
4804 16
4805 17
4806 18
4807 19
4808 20
4809 21
4810 13
4811 14
4812 15
4813 16
4814 17
4815 18
4816 19
4817 20
4818 21
4819 22
4820 14
4821 15
4822 16
4823 17
4824 18
4825 19
4826 20
4827 21
4828 22
4829 23
4830 15
4831 16
4832 17
4833 18
4834 19
4835 20
4836 21
4837 22
4838 23
4839 24
4840 16
4841 17
4842 18
4843 19
4844 20
4845 21
4846 22
4847 23
4848 24
4849 25
4850 17
4851 18
4852 19
4853 20
4854 21
4855 22
4856 23
4857 24
4858 25
4859 26
4860 18
4861 19
4862 20
4863 21
4864 22
4865 23
4866 24
4867 25
4868 26
4869 27
4870 19
4871 20
4872 21
4873 22
4874 23
4875 24
4876 25
4877 26
4878 27
4879 28
4880 20
4881 21
4882 22
4883 23
4884 24
4885 25
4886 26
4887 27
4888 28
4889 29
4890 21
4891 22
4892 23
4893 24
4894 25
4895 26
4896 27
4897 28
4898 29
4899 30
4900 13
4901 14
4902 15
4903 16
4904 17
4905 18
4906 19
4907 20
4908 21
4909 22
4910 14
4911 15
4912 16
4913 17
4914 18
4915 19
4916 20
4917 21
4918 22
4919 23
4920 15
4921 16
4922 17
4923 18
4924 19
4925 20
4926 21
4927 22
4928 23
4929 24
4930 16
4931 17
4932 18
4933 19
4934 20
4935 21
4936 22
4937 23
4938 24
4939 25
4940 17
4941 18
4942 19
4943 20
4944 21
4945 22
4946 23
4947 24
4948 25
4949 26
4950 18
4951 19
4952 20
4953 21
4954 22
4955 23
4956 24
4957 25
4958 26
4959 27
4960 19
4961 20
4962 21
4963 22
4964 23
4965 24
4966 25
4967 26
4968 27
4969 28
4970 20
4971 21
4972 22
4973 23
4974 24
4975 25
4976 26
4977 27
4978 28
4979 29
4980 21
4981 22
4982 23
4983 24
4984 25
4985 26
4986 27
4987 28
4988 29
4989 30
4990 22
4991 23
4992 24
4993 25
4994 26
4995 27
4996 28
4997 29
4998 30
4999 31
5000 5
5001 6
5002 7
5003 8
5004 9
5005 10
5006 11
5007 12
5008 13
5009 14
5010 6
5011 7
5012 8
5013 9
5014 10
5015 11
5016 12
5017 13
5018 14
5019 15
5020 7
5021 8
5022 9
5023 10
5024 11
5025 12
5026 13
5027 14
5028 15
5029 16
5030 8
5031 9
5032 10
5033 11
5034 12
5035 13
5036 14
5037 15
5038 16
5039 17
5040 9
5041 10
5042 11
5043 12
5044 13
5045 14
5046 15
5047 16
5048 17
5049 18
5050 10
5051 11
5052 12
5053 13
5054 14
5055 15
5056 16
5057 17
5058 18
5059 19
5060 11
5061 12
5062 13
5063 14
5064 15
5065 16
5066 17
5067 18
5068 19
5069 20
5070 12
5071 13
5072 14
5073 15
5074 16
5075 17
5076 18
5077 19
5078 20
5079 21
5080 13
5081 14
5082 15
5083 16
5084 17
5085 18
5086 19
5087 20
5088 21
5089 22
5090 14
5091 15
5092 16
5093 17
5094 18
5095 19
5096 20
5097 21
5098 22
5099 23
5100 6
5101 7
5102 8
5103 9
5104 10
5105 11
5106 12
5107 13
5108 14
5109 15
5110 7
5111 8
5112 9
5113 10
5114 11
5115 12
5116 13
5117 14
5118 15
5119 16
5120 8
5121 9
5122 10
5123 11
5124 12
5125 13
5126 14
5127 15
5128 16
5129 17
5130 9
5131 10
5132 11
5133 12
5134 13
5135 14
5136 15
5137 16
5138 17
5139 18
5140 10
5141 11
5142 12
5143 13
5144 14
5145 15
5146 16
5147 17
5148 18
5149 19
5150 11
5151 12
5152 13
5153 14
5154 15
5155 16
5156 17
5157 18
5158 19
5159 20
5160 12
5161 13
5162 14
5163 15
5164 16
5165 17
5166 18
5167 19
5168 20
5169 21
5170 13
5171 14
5172 15
5173 16
5174 17
5175 18
5176 19
5177 20
5178 21
5179 22
5180 14
5181 15
5182 16
5183 17
5184 18
5185 19
5186 20
5187 21
5188 22
5189 23
5190 15
5191 16
5192 17
5193 18
5194 19
5195 20
5196 21
5197 22
5198 23
5199 24
5200 7
5201 8
5202 9
5203 10
5204 11
5205 12
5206 13
5207 14
5208 15
5209 16
5210 8
5211 9
5212 10
5213 11
5214 12
5215 13
5216 14
5217 15
5218 16
5219 17
5220 9
5221 10
5222 11
5223 12
5224 13
5225 14
5226 15
5227 16
5228 17
5229 18
5230 10
5231 11
5232 12
5233 13
5234 14
5235 15
5236 16
5237 17
5238 18
5239 19
5240 11
5241 12
5242 13
5243 14
5244 15
5245 16
5246 17
5247 18
5248 19
5249 20
5250 12
5251 13
5252 14
5253 15
5254 16
5255 17
5256 18
5257 19
5258 20
5259 21
5260 13
5261 14
5262 15
5263 16
5264 17
5265 18
5266 19
5267 20
5268 21
5269 22
5270 14
5271 15
5272 16
5273 17
5274 18
5275 19
5276 20
5277 21
5278 22
5279 23
5280 15
5281 16
5282 17
5283 18
5284 19
5285 20
5286 21
5287 22
5288 23
5289 24
5290 16
5291 17
5292 18
5293 19
5294 20
5295 21
5296 22
5297 23
5298 24
5299 25
5300 8
5301 9
5302 10
5303 11
5304 12
5305 13
5306 14
5307 15
5308 16
5309 17
5310 9
5311 10
5312 11
5313 12
5314 13
5315 14
5316 15
5317 16
5318 17
5319 18
5320 10
5321 11
5322 12
5323 13
5324 14
5325 15
5326 16
5327 17
5328 18
5329 19
5330 11
5331 12
5332 13
5333 14
5334 15
5335 16
5336 17
5337 18
5338 19
5339 20
5340 12
5341 13
5342 14
5343 15
5344 16
5345 17
5346 18
5347 19
5348 20
5349 21
5350 13
5351 14
5352 15
5353 16
5354 17
5355 18
5356 19
5357 20
5358 21
5359 22
5360 14
5361 15
5362 16
5363 17
5364 18
5365 19
5366 20
5367 21
5368 22
5369 23
5370 15
5371 16
5372 17
5373 18
5374 19
5375 20
5376 21
5377 22
5378 23
5379 24
5380 16
5381 17
5382 18
5383 19
5384 20
5385 21
5386 22
5387 23
5388 24
5389 25
5390 17
5391 18
5392 19
5393 20
5394 21
5395 22
5396 23
5397 24
5398 25
5399 26
5400 9
5401 10
5402 11
5403 12
5404 13
5405 14
5406 15
5407 16
5408 17
5409 18
5410 10
5411 11
5412 12
5413 13
5414 14
5415 15
5416 16
5417 17
5418 18
5419 19
5420 11
5421 12
5422 13
5423 14
5424 15
5425 16
5426 17
5427 18
5428 19
5429 20
5430 12
5431 13
5432 14
5433 15
5434 16
5435 17
5436 18
5437 19
5438 20
5439 21
5440 13
5441 14
5442 15
5443 16
5444 17
5445 18
5446 19
5447 20
5448 21
5449 22
5450 14
5451 15
5452 16
5453 17
5454 18
5455 19
5456 20
5457 21
5458 22
5459 23
5460 15
5461 16
5462 17
5463 18
5464 19
5465 20
5466 21
5467 22
5468 23
5469 24
5470 16
5471 17
5472 18
5473 19
5474 20
5475 21
5476 22
5477 23
5478 24
5479 25
5480 17
5481 18
5482 19
5483 20
5484 21
5485 22
5486 23
5487 24
5488 25
5489 26
5490 18
5491 19
5492 20
5493 21
5494 22
5495 23
5496 24
5497 25
5498 26
5499 27
5500 10
5501 11
5502 12
5503 13
5504 14
5505 15
5506 16
5507 17
5508 18
5509 19
5510 11
5511 12
5512 13
5513 14
5514 15
5515 16
5516 17
5517 18
5518 19
5519 20
5520 12
5521 13
5522 14
5523 15
5524 16
5525 17
5526 18
5527 19
5528 20
5529 21
5530 13
5531 14
5532 15
5533 16
5534 17
5535 18
5536 19
5537 20
5538 21
5539 22
5540 14
5541 15
5542 16
5543 17
5544 18
5545 19
5546 20
5547 21
5548 22
5549 23
5550 15
5551 16
5552 17
5553 18
5554 19
5555 20
5556 21
5557 22
5558 23
5559 24
5560 16
5561 17
5562 18
5563 19
5564 20
5565 21
5566 22
5567 23
5568 24
5569 25
5570 17
5571 18
5572 19
5573 20
5574 21
5575 22
5576 23
5577 24
5578 25
5579 26
5580 18
5581 19
5582 20
5583 21
5584 22
5585 23
5586 24
5587 25
5588 26
5589 27
5590 19
5591 20
5592 21
5593 22
5594 23
5595 24
5596 25
5597 26
5598 27
5599 28
5600 11
5601 12
5602 13
5603 14
5604 15
5605 16
5606 17
5607 18
5608 19
5609 20
5610 12
5611 13
5612 14
5613 15
5614 16
5615 17
5616 18
5617 19
5618 20
5619 21
5620 13
5621 14
5622 15
5623 16
5624 17
5625 18
5626 19
5627 20
5628 21
5629 22
5630 14
5631 15
5632 16
5633 17
5634 18
5635 19
5636 20
5637 21
5638 22
5639 23
5640 15
5641 16
5642 17
5643 18
5644 19
5645 20
5646 21
5647 22
5648 23
5649 24
5650 16
5651 17
5652 18
5653 19
5654 20
5655 21
5656 22
5657 23
5658 24
5659 25
5660 17
5661 18
5662 19
5663 20
5664 21
5665 22
5666 23
5667 24
5668 25
5669 26
5670 18
5671 19
5672 20
5673 21
5674 22
5675 23
5676 24
5677 25
5678 26
5679 27
5680 19
5681 20
5682 21
5683 22
5684 23
5685 24
5686 25
5687 26
5688 27
5689 28
5690 20
5691 21
5692 22
5693 23
5694 24
5695 25
5696 26
5697 27
5698 28
5699 29
5700 12
5701 13
5702 14
5703 15
5704 16
5705 17
5706 18
5707 19
5708 20
5709 21
5710 13
5711 14
5712 15
5713 16
5714 17
5715 18
5716 19
5717 20
5718 21
5719 22
5720 14
5721 15
5722 16
5723 17
5724 18
5725 19
5726 20
5727 21
5728 22
5729 23
5730 15
5731 16
5732 17
5733 18
5734 19
5735 20
5736 21
5737 22
5738 23
5739 24
5740 16
5741 17
5742 18
5743 19
5744 20
5745 21
5746 22
5747 23
5748 24
5749 25
5750 17
5751 18
5752 19
5753 20
5754 21
5755 22
5756 23
5757 24
5758 25
5759 26
5760 18
5761 19
5762 20
5763 21
5764 22
5765 23
5766 24
5767 25
5768 26
5769 27
5770 19
5771 20
5772 21
5773 22
5774 23
5775 24
5776 25
5777 26
5778 27
5779 28
5780 20
5781 21
5782 22
5783 23
5784 24
5785 25
5786 26
5787 27
5788 28
5789 29
5790 21
5791 22
5792 23
5793 24
5794 25
5795 26
5796 27
5797 28
5798 29
5799 30
5800 13
5801 14
5802 15
5803 16
5804 17
5805 18
5806 19
5807 20
5808 21
5809 22
5810 14
5811 15
5812 16
5813 17
5814 18
5815 19
5816 20
5817 21
5818 22
5819 23
5820 15
5821 16
5822 17
5823 18
5824 19
5825 20
5826 21
5827 22
5828 23
5829 24
5830 16
5831 17
5832 18
5833 19
5834 20
5835 21
5836 22
5837 23
5838 24
5839 25
5840 17
5841 18
5842 19
5843 20
5844 21
5845 22
5846 23
5847 24
5848 25
5849 26
5850 18
5851 19
5852 20
5853 21
5854 22
5855 23
5856 24
5857 25
5858 26
5859 27
5860 19
5861 20
5862 21
5863 22
5864 23
5865 24
5866 25
5867 26
5868 27
5869 28
5870 20
5871 21
5872 22
5873 23
5874 24
5875 25
5876 26
5877 27
5878 28
5879 29
5880 21
5881 22
5882 23
5883 24
5884 25
5885 26
5886 27
5887 28
5888 29
5889 30
5890 22
5891 23
5892 24
5893 25
5894 26
5895 27
5896 28
5897 29
5898 30
5899 31
5900 14
5901 15
5902 16
5903 17
5904 18
5905 19
5906 20
5907 21
5908 22
5909 23
5910 15
5911 16
5912 17
5913 18
5914 19
5915 20
5916 21
5917 22
5918 23
5919 24
5920 16
5921 17
5922 18
5923 19
5924 20
5925 21
5926 22
5927 23
5928 24
5929 25
5930 17
5931 18
5932 19
5933 20
5934 21
5935 22
5936 23
5937 24
5938 25
5939 26
5940 18
5941 19
5942 20
5943 21
5944 22
5945 23
5946 24
5947 25
5948 26
5949 27
5950 19
5951 20
5952 21
5953 22
5954 23
5955 24
5956 25
5957 26
5958 27
5959 28
5960 20
5961 21
5962 22
5963 23
5964 24
5965 25
5966 26
5967 27
5968 28
5969 29
5970 21
5971 22
5972 23
5973 24
5974 25
5975 26
5976 27
5977 28
5978 29
5979 30
5980 22
5981 23
5982 24
5983 25
5984 26
5985 27
5986 28
5987 29
5988 30
5989 31
5990 23
5991 24
5992 25
5993 26
5994 27
5995 28
5996 29
5997 30
5998 31
5999 32
6000 6
6001 7
6002 8
6003 9
6004 10
6005 11
6006 12
6007 13
6008 14
6009 15
6010 7
6011 8
6012 9
6013 10
6014 11
6015 12
6016 13
6017 14
6018 15
6019 16
6020 8
6021 9
6022 10
6023 11
6024 12
6025 13
6026 14
6027 15
6028 16
6029 17
6030 9
6031 10
6032 11
6033 12
6034 13
6035 14
6036 15
6037 16
6038 17
6039 18
6040 10
6041 11
6042 12
6043 13
6044 14
6045 15
6046 16
6047 17
6048 18
6049 19
6050 11
6051 12
6052 13
6053 14
6054 15
6055 16
6056 17
6057 18
6058 19
6059 20
6060 12
6061 13
6062 14
6063 15
6064 16
6065 17
6066 18
6067 19
6068 20
6069 21
6070 13
6071 14
6072 15
6073 16
6074 17
6075 18
6076 19
6077 20
6078 21
6079 22
6080 14
6081 15
6082 16
6083 17
6084 18
6085 19
6086 20
6087 21
6088 22
6089 23
6090 15
6091 16
6092 17
6093 18
6094 19
6095 20
6096 21
6097 22
6098 23
6099 24
6100 7
6101 8
6102 9
6103 10
6104 11
6105 12
6106 13
6107 14
6108 15
6109 16
6110 8
6111 9
6112 10
6113 11
6114 12
6115 13
6116 14
6117 15
6118 16
6119 17
6120 9
6121 10
6122 11
6123 12
6124 13
6125 14
6126 15
6127 16
6128 17
6129 18
6130 10
6131 11
6132 12
6133 13
6134 14
6135 15
6136 16
6137 17
6138 18
6139 19
6140 11
6141 12
6142 13
6143 14
6144 15
6145 16
6146 17
6147 18
6148 19
6149 20
6150 12
6151 13
6152 14
6153 15
6154 16
6155 17
6156 18
6157 19
6158 20
6159 21
6160 13
6161 14
6162 15
6163 16
6164 17
6165 18
6166 19
6167 20
6168 21
6169 22
6170 14
6171 15
6172 16
6173 17
6174 18
6175 19
6176 20
6177 21
6178 22
6179 23
6180 15
6181 16
6182 17
6183 18
6184 19
6185 20
6186 21
6187 22
6188 23
6189 24
6190 16
6191 17
6192 18
6193 19
6194 20
6195 21
6196 22
6197 23
6198 24
6199 25
6200 8
6201 9
6202 10
6203 11
6204 12
6205 13
6206 14
6207 15
6208 16
6209 17
6210 9
6211 10
6212 11
6213 12
6214 13
6215 14
6216 15
6217 16
6218 17
6219 18
6220 10
6221 11
6222 12
6223 13
6224 14
6225 15
6226 16
6227 17
6228 18
6229 19
6230 11
6231 12
6232 13
6233 14
6234 15
6235 16
6236 17
6237 18
6238 19
6239 20
6240 12
6241 13
6242 14
6243 15
6244 16
6245 17
6246 18
6247 19
6248 20
6249 21
6250 13
6251 14
6252 15
6253 16
6254 17
6255 18
6256 19
6257 20
6258 21
6259 22
6260 14
6261 15
6262 16
6263 17
6264 18
6265 19
6266 20
6267 21
6268 22
6269 23
6270 15
6271 16
6272 17
6273 18
6274 19
6275 20
6276 21
6277 22
6278 23
6279 24
6280 16
6281 17
6282 18
6283 19
6284 20
6285 21
6286 22
6287 23
6288 24
6289 25
6290 17
6291 18
6292 19
6293 20
6294 21
6295 22
6296 23
6297 24
6298 25
6299 26
6300 9
6301 10
6302 11
6303 12
6304 13
6305 14
6306 15
6307 16
6308 17
6309 18
6310 10
6311 11
6312 12
6313 13
6314 14
6315 15
6316 16
6317 17
6318 18
6319 19
6320 11
6321 12
6322 13
6323 14
6324 15
6325 16
6326 17
6327 18
6328 19
6329 20
6330 12
6331 13
6332 14
6333 15
6334 16
6335 17
6336 18
6337 19
6338 20
6339 21
6340 13
6341 14
6342 15
6343 16
6344 17
6345 18
6346 19
6347 20
6348 21
6349 22
6350 14
6351 15
6352 16
6353 17
6354 18
6355 19
6356 20
6357 21
6358 22
6359 23
6360 15
6361 16
6362 17
6363 18
6364 19
6365 20
6366 21
6367 22
6368 23
6369 24
6370 16
6371 17
6372 18
6373 19
6374 20
6375 21
6376 22
6377 23
6378 24
6379 25
6380 17
6381 18
6382 19
6383 20
6384 21
6385 22
6386 23
6387 24
6388 25
6389 26
6390 18
6391 19
6392 20
6393 21
6394 22
6395 23
6396 24
6397 25
6398 26
6399 27
6400 10
6401 11
6402 12
6403 13
6404 14
6405 15
6406 16
6407 17
6408 18
6409 19
6410 11
6411 12
6412 13
6413 14
6414 15
6415 16
6416 17
6417 18
6418 19
6419 20
6420 12
6421 13
6422 14
6423 15
6424 16
6425 17
6426 18
6427 19
6428 20
6429 21
6430 13
6431 14
6432 15
6433 16
6434 17
6435 18
6436 19
6437 20
6438 21
6439 22
6440 14
6441 15
6442 16
6443 17
6444 18
6445 19
6446 20
6447 21
6448 22
6449 23
6450 15
6451 16
6452 17
6453 18
6454 19
6455 20
6456 21
6457 22
6458 23
6459 24
6460 16
6461 17
6462 18
6463 19
6464 20
6465 21
6466 22
6467 23
6468 24
6469 25
6470 17
6471 18
6472 19
6473 20
6474 21
6475 22
6476 23
6477 24
6478 25
6479 26
6480 18
6481 19
6482 20
6483 21
6484 22
6485 23
6486 24
6487 25
6488 26
6489 27
6490 19
6491 20
6492 21
6493 22
6494 23
6495 24
6496 25
6497 26
6498 27
6499 28
6500 11
6501 12
6502 13
6503 14
6504 15
6505 16
6506 17
6507 18
6508 19
6509 20
6510 12
6511 13
6512 14
6513 15
6514 16
6515 17
6516 18
6517 19
6518 20
6519 21
6520 13
6521 14
6522 15
6523 16
6524 17
6525 18
6526 19
6527 20
6528 21
6529 22
6530 14
6531 15
6532 16
6533 17
6534 18
6535 19
6536 20
6537 21
6538 22
6539 23
6540 15
6541 16
6542 17
6543 18
6544 19
6545 20
6546 21
6547 22
6548 23
6549 24
6550 16
6551 17
6552 18
6553 19
6554 20
6555 21
6556 22
6557 23
6558 24
6559 25
6560 17
6561 18
6562 19
6563 20
6564 21
6565 22
6566 23
6567 24
6568 25
6569 26
6570 18
6571 19
6572 20
6573 21
6574 22
6575 23
6576 24
6577 25
6578 26
6579 27
6580 19
6581 20
6582 21
6583 22
6584 23
6585 24
6586 25
6587 26
6588 27
6589 28
6590 20
6591 21
6592 22
6593 23
6594 24
6595 25
6596 26
6597 27
6598 28
6599 29
6600 12
6601 13
6602 14
6603 15
6604 16
6605 17
6606 18
6607 19
6608 20
6609 21
6610 13
6611 14
6612 15
6613 16
6614 17
6615 18
6616 19
6617 20
6618 21
6619 22
6620 14
6621 15
6622 16
6623 17
6624 18
6625 19
6626 20
6627 21
6628 22
6629 23
6630 15
6631 16
6632 17
6633 18
6634 19
6635 20
6636 21
6637 22
6638 23
6639 24
6640 16
6641 17
6642 18
6643 19
6644 20
6645 21
6646 22
6647 23
6648 24
6649 25
6650 17
6651 18
6652 19
6653 20
6654 21
6655 22
6656 23
6657 24
6658 25
6659 26
6660 18
6661 19
6662 20
6663 21
6664 22
6665 23
6666 24
6667 25
6668 26
6669 27
6670 19
6671 20
6672 21
6673 22
6674 23
6675 24
6676 25
6677 26
6678 27
6679 28
6680 20
6681 21
6682 22
6683 23
6684 24
6685 25
6686 26
6687 27
6688 28
6689 29
6690 21
6691 22
6692 23
6693 24
6694 25
6695 26
6696 27
6697 28
6698 29
6699 30
6700 13
6701 14
6702 15
6703 16
6704 17
6705 18
6706 19
6707 20
6708 21
6709 22
6710 14
6711 15
6712 16
6713 17
6714 18
6715 19
6716 20
6717 21
6718 22
6719 23
6720 15
6721 16
6722 17
6723 18
6724 19
6725 20
6726 21
6727 22
6728 23
6729 24
6730 16
6731 17
6732 18
6733 19
6734 20
6735 21
6736 22
6737 23
6738 24
6739 25
6740 17
6741 18
6742 19
6743 20
6744 21
6745 22
6746 23
6747 24
6748 25
6749 26
6750 18
6751 19
6752 20
6753 21
6754 22
6755 23
6756 24
6757 25
6758 26
6759 27
6760 19
6761 20
6762 21
6763 22
6764 23
6765 24
6766 25
6767 26
6768 27
6769 28
6770 20
6771 21
6772 22
6773 23
6774 24
6775 25
6776 26
6777 27
6778 28
6779 29
6780 21
6781 22
6782 23
6783 24
6784 25
6785 26
6786 27
6787 28
6788 29
6789 30
6790 22
6791 23
6792 24
6793 25
6794 26
6795 27
6796 28
6797 29
6798 30
6799 31
6800 14
6801 15
6802 16
6803 17
6804 18
6805 19
6806 20
6807 21
6808 22
6809 23
6810 15
6811 16
6812 17
6813 18
6814 19
6815 20
6816 21
6817 22
6818 23
6819 24
6820 16
6821 17
6822 18
6823 19
6824 20
6825 21
6826 22
6827 23
6828 24
6829 25
6830 17
6831 18
6832 19
6833 20
6834 21
6835 22
6836 23
6837 24
6838 25
6839 26
6840 18
6841 19
6842 20
6843 21
6844 22
6845 23
6846 24
6847 25
6848 26
6849 27
6850 19
6851 20
6852 21
6853 22
6854 23
6855 24
6856 25
6857 26
6858 27
6859 28
6860 20
6861 21
6862 22
6863 23
6864 24
6865 25
6866 26
6867 27
6868 28
6869 29
6870 21
6871 22
6872 23
6873 24
6874 25
6875 26
6876 27
6877 28
6878 29
6879 30
6880 22
6881 23
6882 24
6883 25
6884 26
6885 27
6886 28
6887 29
6888 30
6889 31
6890 23
6891 24
6892 25
6893 26
6894 27
6895 28
6896 29
6897 30
6898 31
6899 32
6900 15
6901 16
6902 17
6903 18
6904 19
6905 20
6906 21
6907 22
6908 23
6909 24
6910 16
6911 17
6912 18
6913 19
6914 20
6915 21
6916 22
6917 23
6918 24
6919 25
6920 17
6921 18
6922 19
6923 20
6924 21
6925 22
6926 23
6927 24
6928 25
6929 26
6930 18
6931 19
6932 20
6933 21
6934 22
6935 23
6936 24
6937 25
6938 26
6939 27
6940 19
6941 20
6942 21
6943 22
6944 23
6945 24
6946 25
6947 26
6948 27
6949 28
6950 20
6951 21
6952 22
6953 23
6954 24
6955 25
6956 26
6957 27
6958 28
6959 29
6960 21
6961 22
6962 23
6963 24
6964 25
6965 26
6966 27
6967 28
6968 29
6969 30
6970 22
6971 23
6972 24
6973 25
6974 26
6975 27
6976 28
6977 29
6978 30
6979 31
6980 23
6981 24
6982 25
6983 26
6984 27
6985 28
6986 29
6987 30
6988 31
6989 32
6990 24
6991 25
6992 26
6993 27
6994 28
6995 29
6996 30
6997 31
6998 32
6999 33
7000 7
7001 8
7002 9
7003 10
7004 11
7005 12
7006 13
7007 14
7008 15
7009 16
7010 8
7011 9
7012 10
7013 11
7014 12
7015 13
7016 14
7017 15
7018 16
7019 17
7020 9
7021 10
7022 11
7023 12
7024 13
7025 14
7026 15
7027 16
7028 17
7029 18
7030 10
7031 11
7032 12
7033 13
7034 14
7035 15
7036 16
7037 17
7038 18
7039 19
7040 11
7041 12
7042 13
7043 14
7044 15
7045 16
7046 17
7047 18
7048 19
7049 20
7050 12
7051 13
7052 14
7053 15
7054 16
7055 17
7056 18
7057 19
7058 20
7059 21
7060 13
7061 14
7062 15
7063 16
7064 17
7065 18
7066 19
7067 20
7068 21
7069 22
7070 14
7071 15
7072 16
7073 17
7074 18
7075 19
7076 20
7077 21
7078 22
7079 23
7080 15
7081 16
7082 17
7083 18
7084 19
7085 20
7086 21
7087 22
7088 23
7089 24
7090 16
7091 17
7092 18
7093 19
7094 20
7095 21
7096 22
7097 23
7098 24
7099 25
7100 8
7101 9
7102 10
7103 11
7104 12
7105 13
7106 14
7107 15
7108 16
7109 17
7110 9
7111 10
7112 11
7113 12
7114 13
7115 14
7116 15
7117 16
7118 17
7119 18
7120 10
7121 11
7122 12
7123 13
7124 14
7125 15
7126 16
7127 17
7128 18
7129 19
7130 11
7131 12
7132 13
7133 14
7134 15
7135 16
7136 17
7137 18
7138 19
7139 20
7140 12
7141 13
7142 14
7143 15
7144 16
7145 17
7146 18
7147 19
7148 20
7149 21
7150 13
7151 14
7152 15
7153 16
7154 17
7155 18
7156 19
7157 20
7158 21
7159 22
7160 14
7161 15
7162 16
7163 17
7164 18
7165 19
7166 20
7167 21
7168 22
7169 23
7170 15
7171 16
7172 17
7173 18
7174 19
7175 20
7176 21
7177 22
7178 23
7179 24
7180 16
7181 17
7182 18
7183 19
7184 20
7185 21
7186 22
7187 23
7188 24
7189 25
7190 17
7191 18
7192 19
7193 20
7194 21
7195 22
7196 23
7197 24
7198 25
7199 26
7200 9
7201 10
7202 11
7203 12
7204 13
7205 14
7206 15
7207 16
7208 17
7209 18
7210 10
7211 11
7212 12
7213 13
7214 14
7215 15
7216 16
7217 17
7218 18
7219 19
7220 11
7221 12
7222 13
7223 14
7224 15
7225 16
7226 17
7227 18
7228 19
7229 20
7230 12
7231 13
7232 14
7233 15
7234 16
7235 17
7236 18
7237 19
7238 20
7239 21
7240 13
7241 14
7242 15
7243 16
7244 17
7245 18
7246 19
7247 20
7248 21
7249 22
7250 14
7251 15
7252 16
7253 17
7254 18
7255 19
7256 20
7257 21
7258 22
7259 23
7260 15
7261 16
7262 17
7263 18
7264 19
7265 20
7266 21
7267 22
7268 23
7269 24
7270 16
7271 17
7272 18
7273 19
7274 20
7275 21
7276 22
7277 23
7278 24
7279 25
7280 17
7281 18
7282 19
7283 20
7284 21
7285 22
7286 23
7287 24
7288 25
7289 26
7290 18
7291 19
7292 20
7293 21
7294 22
7295 23
7296 24
7297 25
7298 26
7299 27
7300 10
7301 11
7302 12
7303 13
7304 14
7305 15
7306 16
7307 17
7308 18
7309 19
7310 11
7311 12
7312 13
7313 14
7314 15
7315 16
7316 17
7317 18
7318 19
7319 20
7320 12
7321 13
7322 14
7323 15
7324 16
7325 17
7326 18
7327 19
7328 20
7329 21
7330 13
7331 14
7332 15
7333 16
7334 17
7335 18
7336 19
7337 20
7338 21
7339 22
7340 14
7341 15
7342 16
7343 17
7344 18
7345 19
7346 20
7347 21
7348 22
7349 23
7350 15
7351 16
7352 17
7353 18
7354 19
7355 20
7356 21
7357 22
7358 23
7359 24
7360 16
7361 17
7362 18
7363 19
7364 20
7365 21
7366 22
7367 23
7368 24
7369 25
7370 17
7371 18
7372 19
7373 20
7374 21
7375 22
7376 23
7377 24
7378 25
7379 26
7380 18
7381 19
7382 20
7383 21
7384 22
7385 23
7386 24
7387 25
7388 26
7389 27
7390 19
7391 20
7392 21
7393 22
7394 23
7395 24
7396 25
7397 26
7398 27
7399 28
7400 11
7401 12
7402 13
7403 14
7404 15
7405 16
7406 17
7407 18
7408 19
7409 20
7410 12
7411 13
7412 14
7413 15
7414 16
7415 17
7416 18
7417 19
7418 20
7419 21
7420 13
7421 14
7422 15
7423 16
7424 17
7425 18
7426 19
7427 20
7428 21
7429 22
7430 14
7431 15
7432 16
7433 17
7434 18
7435 19
7436 20
7437 21
7438 22
7439 23
7440 15
7441 16
7442 17
7443 18
7444 19
7445 20
7446 21
7447 22
7448 23
7449 24
7450 16
7451 17
7452 18
7453 19
7454 20
7455 21
7456 22
7457 23
7458 24
7459 25
7460 17
7461 18
7462 19
7463 20
7464 21
7465 22
7466 23
7467 24
7468 25
7469 26
7470 18
7471 19
7472 20
7473 21
7474 22
7475 23
7476 24
7477 25
7478 26
7479 27
7480 19
7481 20
7482 21
7483 22
7484 23
7485 24
7486 25
7487 26
7488 27
7489 28
7490 20
7491 21
7492 22
7493 23
7494 24
7495 25
7496 26
7497 27
7498 28
7499 29
7500 12
7501 13
7502 14
7503 15
7504 16
7505 17
7506 18
7507 19
7508 20
7509 21
7510 13
7511 14
7512 15
7513 16
7514 17
7515 18
7516 19
7517 20
7518 21
7519 22
7520 14
7521 15
7522 16
7523 17
7524 18
7525 19
7526 20
7527 21
7528 22
7529 23
7530 15
7531 16
7532 17
7533 18
7534 19
7535 20
7536 21
7537 22
7538 23
7539 24
7540 16
7541 17
7542 18
7543 19
7544 20
7545 21
7546 22
7547 23
7548 24
7549 25
7550 17
7551 18
7552 19
7553 20
7554 21
7555 22
7556 23
7557 24
7558 25
7559 26
7560 18
7561 19
7562 20
7563 21
7564 22
7565 23
7566 24
7567 25
7568 26
7569 27
7570 19
7571 20
7572 21
7573 22
7574 23
7575 24
7576 25
7577 26
7578 27
7579 28
7580 20
7581 21
7582 22
7583 23
7584 24
7585 25
7586 26
7587 27
7588 28
7589 29
7590 21
7591 22
7592 23
7593 24
7594 25
7595 26
7596 27
7597 28
7598 29
7599 30
7600 13
7601 14
7602 15
7603 16
7604 17
7605 18
7606 19
7607 20
7608 21
7609 22
7610 14
7611 15
7612 16
7613 17
7614 18
7615 19
7616 20
7617 21
7618 22
7619 23
7620 15
7621 16
7622 17
7623 18
7624 19
7625 20
7626 21
7627 22
7628 23
7629 24
7630 16
7631 17
7632 18
7633 19
7634 20
7635 21
7636 22
7637 23
7638 24
7639 25
7640 17
7641 18
7642 19
7643 20
7644 21
7645 22
7646 23
7647 24
7648 25
7649 26
7650 18
7651 19
7652 20
7653 21
7654 22
7655 23
7656 24
7657 25
7658 26
7659 27
7660 19
7661 20
7662 21
7663 22
7664 23
7665 24
7666 25
7667 26
7668 27
7669 28
7670 20
7671 21
7672 22
7673 23
7674 24
7675 25
7676 26
7677 27
7678 28
7679 29
7680 21
7681 22
7682 23
7683 24
7684 25
7685 26
7686 27
7687 28
7688 29
7689 30
7690 22
7691 23
7692 24
7693 25
7694 26
7695 27
7696 28
7697 29
7698 30
7699 31
7700 14
7701 15
7702 16
7703 17
7704 18
7705 19
7706 20
7707 21
7708 22
7709 23
7710 15
7711 16
7712 17
7713 18
7714 19
7715 20
7716 21
7717 22
7718 23
7719 24
7720 16
7721 17
7722 18
7723 19
7724 20
7725 21
7726 22
7727 23
7728 24
7729 25
7730 17
7731 18
7732 19
7733 20
7734 21
7735 22
7736 23
7737 24
7738 25
7739 26
7740 18
7741 19
7742 20
7743 21
7744 22
7745 23
7746 24
7747 25
7748 26
7749 27
7750 19
7751 20
7752 21
7753 22
7754 23
7755 24
7756 25
7757 26
7758 27
7759 28
7760 20
7761 21
7762 22
7763 23
7764 24
7765 25
7766 26
7767 27
7768 28
7769 29
7770 21
7771 22
7772 23
7773 24
7774 25
7775 26
7776 27
7777 28
7778 29
7779 30
7780 22
7781 23
7782 24
7783 25
7784 26
7785 27
7786 28
7787 29
7788 30
7789 31
7790 23
7791 24
7792 25
7793 26
7794 27
7795 28
7796 29
7797 30
7798 31
7799 32
7800 15
7801 16
7802 17
7803 18
7804 19
7805 20
7806 21
7807 22
7808 23
7809 24
7810 16
7811 17
7812 18
7813 19
7814 20
7815 21
7816 22
7817 23
7818 24
7819 25
7820 17
7821 18
7822 19
7823 20
7824 21
7825 22
7826 23
7827 24
7828 25
7829 26
7830 18
7831 19
7832 20
7833 21
7834 22
7835 23
7836 24
7837 25
7838 26
7839 27
7840 19
7841 20
7842 21
7843 22
7844 23
7845 24
7846 25
7847 26
7848 27
7849 28
7850 20
7851 21
7852 22
7853 23
7854 24
7855 25
7856 26
7857 27
7858 28
7859 29
7860 21
7861 22
7862 23
7863 24
7864 25
7865 26
7866 27
7867 28
7868 29
7869 30
7870 22
7871 23
7872 24
7873 25
7874 26
7875 27
7876 28
7877 29
7878 30
7879 31
7880 23
7881 24
7882 25
7883 26
7884 27
7885 28
7886 29
7887 30
7888 31
7889 32
7890 24
7891 25
7892 26
7893 27
7894 28
7895 29
7896 30
7897 31
7898 32
7899 33
7900 16
7901 17
7902 18
7903 19
7904 20
7905 21
7906 22
7907 23
7908 24
7909 25
7910 17
7911 18
7912 19
7913 20
7914 21
7915 22
7916 23
7917 24
7918 25
7919 26
7920 18
7921 19
7922 20
7923 21
7924 22
7925 23
7926 24
7927 25
7928 26
7929 27
7930 19
7931 20
7932 21
7933 22
7934 23
7935 24
7936 25
7937 26
7938 27
7939 28
7940 20
7941 21
7942 22
7943 23
7944 24
7945 25
7946 26
7947 27
7948 28
7949 29
7950 21
7951 22
7952 23
7953 24
7954 25
7955 26
7956 27
7957 28
7958 29
7959 30
7960 22
7961 23
7962 24
7963 25
7964 26
7965 27
7966 28
7967 29
7968 30
7969 31
7970 23
7971 24
7972 25
7973 26
7974 27
7975 28
7976 29
7977 30
7978 31
7979 32
7980 24
7981 25
7982 26
7983 27
7984 28
7985 29
7986 30
7987 31
7988 32
7989 33
7990 25
7991 26
7992 27
7993 28
7994 29
7995 30
7996 31
7997 32
7998 33
7999 34
8000 8
8001 9
8002 10
8003 11
8004 12
8005 13
8006 14
8007 15
8008 16
8009 17
8010 9
8011 10
8012 11
8013 12
8014 13
8015 14
8016 15
8017 16
8018 17
8019 18
8020 10
8021 11
8022 12
8023 13
8024 14
8025 15
8026 16
8027 17
8028 18
8029 19
8030 11
8031 12
8032 13
8033 14
8034 15
8035 16
8036 17
8037 18
8038 19
8039 20
8040 12
8041 13
8042 14
8043 15
8044 16
8045 17
8046 18
8047 19
8048 20
8049 21
8050 13
8051 14
8052 15
8053 16
8054 17
8055 18
8056 19
8057 20
8058 21
8059 22
8060 14
8061 15
8062 16
8063 17
8064 18
8065 19
8066 20
8067 21
8068 22
8069 23
8070 15
8071 16
8072 17
8073 18
8074 19
8075 20
8076 21
8077 22
8078 23
8079 24
8080 16
8081 17
8082 18
8083 19
8084 20
8085 21
8086 22
8087 23
8088 24
8089 25
8090 17
8091 18
8092 19
8093 20
8094 21
8095 22
8096 23
8097 24
8098 25
8099 26
8100 9
8101 10
8102 11
8103 12
8104 13
8105 14
8106 15
8107 16
8108 17
8109 18
8110 10
8111 11
8112 12
8113 13
8114 14
8115 15
8116 16
8117 17
8118 18
8119 19
8120 11
8121 12
8122 13
8123 14
8124 15
8125 16
8126 17
8127 18
8128 19
8129 20
8130 12
8131 13
8132 14
8133 15
8134 16
8135 17
8136 18
8137 19
8138 20
8139 21
8140 13
8141 14
8142 15
8143 16
8144 17
8145 18
8146 19
8147 20
8148 21
8149 22
8150 14
8151 15
8152 16
8153 17
8154 18
8155 19
8156 20
8157 21
8158 22
8159 23
8160 15
8161 16
8162 17
8163 18
8164 19
8165 20
8166 21
8167 22
8168 23
8169 24
8170 16
8171 17
8172 18
8173 19
8174 20
8175 21
8176 22
8177 23
8178 24
8179 25
8180 17
8181 18
8182 19
8183 20
8184 21
8185 22
8186 23
8187 24
8188 25
8189 26
8190 18
8191 19
8192 20
8193 21
8194 22
8195 23
8196 24
8197 25
8198 26
8199 27
8200 10
8201 11
8202 12
8203 13
8204 14
8205 15
8206 16
8207 17
8208 18
8209 19
8210 11
8211 12
8212 13
8213 14
8214 15
8215 16
8216 17
8217 18
8218 19
8219 20
8220 12
8221 13
8222 14
8223 15
8224 16
8225 17
8226 18
8227 19
8228 20
8229 21
8230 13
8231 14
8232 15
8233 16
8234 17
8235 18
8236 19
8237 20
8238 21
8239 22
8240 14
8241 15
8242 16
8243 17
8244 18
8245 19
8246 20
8247 21
8248 22
8249 23
8250 15
8251 16
8252 17
8253 18
8254 19
8255 20
8256 21
8257 22
8258 23
8259 24
8260 16
8261 17
8262 18
8263 19
8264 20
8265 21
8266 22
8267 23
8268 24
8269 25
8270 17
8271 18
8272 19
8273 20
8274 21
8275 22
8276 23
8277 24
8278 25
8279 26
8280 18
8281 19
8282 20
8283 21
8284 22
8285 23
8286 24
8287 25
8288 26
8289 27
8290 19
8291 20
8292 21
8293 22
8294 23
8295 24
8296 25
8297 26
8298 27
8299 28
8300 11
8301 12
8302 13
8303 14
8304 15
8305 16
8306 17
8307 18
8308 19
8309 20
8310 12
8311 13
8312 14
8313 15
8314 16
8315 17
8316 18
8317 19
8318 20
8319 21
8320 13
8321 14
8322 15
8323 16
8324 17
8325 18
8326 19
8327 20
8328 21
8329 22
8330 14
8331 15
8332 16
8333 17
8334 18
8335 19
8336 20
8337 21
8338 22
8339 23
8340 15
8341 16
8342 17
8343 18
8344 19
8345 20
8346 21
8347 22
8348 23
8349 24
8350 16
8351 17
8352 18
8353 19
8354 20
8355 21
8356 22
8357 23
8358 24
8359 25
8360 17
8361 18
8362 19
8363 20
8364 21
8365 22
8366 23
8367 24
8368 25
8369 26
8370 18
8371 19
8372 20
8373 21
8374 22
8375 23
8376 24
8377 25
8378 26
8379 27
8380 19
8381 20
8382 21
8383 22
8384 23
8385 24
8386 25
8387 26
8388 27
8389 28
8390 20
8391 21
8392 22
8393 23
8394 24
8395 25
8396 26
8397 27
8398 28
8399 29
8400 12
8401 13
8402 14
8403 15
8404 16
8405 17
8406 18
8407 19
8408 20
8409 21
8410 13
8411 14
8412 15
8413 16
8414 17
8415 18
8416 19
8417 20
8418 21
8419 22
8420 14
8421 15
8422 16
8423 17
8424 18
8425 19
8426 20
8427 21
8428 22
8429 23
8430 15
8431 16
8432 17
8433 18
8434 19
8435 20
8436 21
8437 22
8438 23
8439 24
8440 16
8441 17
8442 18
8443 19
8444 20
8445 21
8446 22
8447 23
8448 24
8449 25
8450 17
8451 18
8452 19
8453 20
8454 21
8455 22
8456 23
8457 24
8458 25
8459 26
8460 18
8461 19
8462 20
8463 21
8464 22
8465 23
8466 24
8467 25
8468 26
8469 27
8470 19
8471 20
8472 21
8473 22
8474 23
8475 24
8476 25
8477 26
8478 27
8479 28
8480 20
8481 21
8482 22
8483 23
8484 24
8485 25
8486 26
8487 27
8488 28
8489 29
8490 21
8491 22
8492 23
8493 24
8494 25
8495 26
8496 27
8497 28
8498 29
8499 30
8500 13
8501 14
8502 15
8503 16
8504 17
8505 18
8506 19
8507 20
8508 21
8509 22
8510 14
8511 15
8512 16
8513 17
8514 18
8515 19
8516 20
8517 21
8518 22
8519 23
8520 15
8521 16
8522 17
8523 18
8524 19
8525 20
8526 21
8527 22
8528 23
8529 24
8530 16
8531 17
8532 18
8533 19
8534 20
8535 21
8536 22
8537 23
8538 24
8539 25
8540 17
8541 18
8542 19
8543 20
8544 21
8545 22
8546 23
8547 24
8548 25
8549 26
8550 18
8551 19
8552 20
8553 21
8554 22
8555 23
8556 24
8557 25
8558 26
8559 27
8560 19
8561 20
8562 21
8563 22
8564 23
8565 24
8566 25
8567 26
8568 27
8569 28
8570 20
8571 21
8572 22
8573 23
8574 24
8575 25
8576 26
8577 27
8578 28
8579 29
8580 21
8581 22
8582 23
8583 24
8584 25
8585 26
8586 27
8587 28
8588 29
8589 30
8590 22
8591 23
8592 24
8593 25
8594 26
8595 27
8596 28
8597 29
8598 30
8599 31
8600 14
8601 15
8602 16
8603 17
8604 18
8605 19
8606 20
8607 21
8608 22
8609 23
8610 15
8611 16
8612 17
8613 18
8614 19
8615 20
8616 21
8617 22
8618 23
8619 24
8620 16
8621 17
8622 18
8623 19
8624 20
8625 21
8626 22
8627 23
8628 24
8629 25
8630 17
8631 18
8632 19
8633 20
8634 21
8635 22
8636 23
8637 24
8638 25
8639 26
8640 18
8641 19
8642 20
8643 21
8644 22
8645 23
8646 24
8647 25
8648 26
8649 27
8650 19
8651 20
8652 21
8653 22
8654 23
8655 24
8656 25
8657 26
8658 27
8659 28
8660 20
8661 21
8662 22
8663 23
8664 24
8665 25
8666 26
8667 27
8668 28
8669 29
8670 21
8671 22
8672 23
8673 24
8674 25
8675 26
8676 27
8677 28
8678 29
8679 30
8680 22
8681 23
8682 24
8683 25
8684 26
8685 27
8686 28
8687 29
8688 30
8689 31
8690 23
8691 24
8692 25
8693 26
8694 27
8695 28
8696 29
8697 30
8698 31
8699 32
8700 15
8701 16
8702 17
8703 18
8704 19
8705 20
8706 21
8707 22
8708 23
8709 24
8710 16
8711 17
8712 18
8713 19
8714 20
8715 21
8716 22
8717 23
8718 24
8719 25
8720 17
8721 18
8722 19
8723 20
8724 21
8725 22
8726 23
8727 24
8728 25
8729 26
8730 18
8731 19
8732 20
8733 21
8734 22
8735 23
8736 24
8737 25
8738 26
8739 27
8740 19
8741 20
8742 21
8743 22
8744 23
8745 24
8746 25
8747 26
8748 27
8749 28
8750 20
8751 21
8752 22
8753 23
8754 24
8755 25
8756 26
8757 27
8758 28
8759 29
8760 21
8761 22
8762 23
8763 24
8764 25
8765 26
8766 27
8767 28
8768 29
8769 30
8770 22
8771 23
8772 24
8773 25
8774 26
8775 27
8776 28
8777 29
8778 30
8779 31
8780 23
8781 24
8782 25
8783 26
8784 27
8785 28
8786 29
8787 30
8788 31
8789 32
8790 24
8791 25
8792 26
8793 27
8794 28
8795 29
8796 30
8797 31
8798 32
8799 33
8800 16
8801 17
8802 18
8803 19
8804 20
8805 21
8806 22
8807 23
8808 24
8809 25
8810 17
8811 18
8812 19
8813 20
8814 21
8815 22
8816 23
8817 24
8818 25
8819 26
8820 18
8821 19
8822 20
8823 21
8824 22
8825 23
8826 24
8827 25
8828 26
8829 27
8830 19
8831 20
8832 21
8833 22
8834 23
8835 24
8836 25
8837 26
8838 27
8839 28
8840 20
8841 21
8842 22
8843 23
8844 24
8845 25
8846 26
8847 27
8848 28
8849 29
8850 21
8851 22
8852 23
8853 24
8854 25
8855 26
8856 27
8857 28
8858 29
8859 30
8860 22
8861 23
8862 24
8863 25
8864 26
8865 27
8866 28
8867 29
8868 30
8869 31
8870 23
8871 24
8872 25
8873 26
8874 27
8875 28
8876 29
8877 30
8878 31
8879 32
8880 24
8881 25
8882 26
8883 27
8884 28
8885 29
8886 30
8887 31
8888 32
8889 33
8890 25
8891 26
8892 27
8893 28
8894 29
8895 30
8896 31
8897 32
8898 33
8899 34
8900 17
8901 18
8902 19
8903 20
8904 21
8905 22
8906 23
8907 24
8908 25
8909 26
8910 18
8911 19
8912 20
8913 21
8914 22
8915 23
8916 24
8917 25
8918 26
8919 27
8920 19
8921 20
8922 21
8923 22
8924 23
8925 24
8926 25
8927 26
8928 27
8929 28
8930 20
8931 21
8932 22
8933 23
8934 24
8935 25
8936 26
8937 27
8938 28
8939 29
8940 21
8941 22
8942 23
8943 24
8944 25
8945 26
8946 27
8947 28
8948 29
8949 30
8950 22
8951 23
8952 24
8953 25
8954 26
8955 27
8956 28
8957 29
8958 30
8959 31
8960 23
8961 24
8962 25
8963 26
8964 27
8965 28
8966 29
8967 30
8968 31
8969 32
8970 24
8971 25
8972 26
8973 27
8974 28
8975 29
8976 30
8977 31
8978 32
8979 33
8980 25
8981 26
8982 27
8983 28
8984 29
8985 30
8986 31
8987 32
8988 33
8989 34
8990 26
8991 27
8992 28
8993 29
8994 30
8995 31
8996 32
8997 33
8998 34
8999 35
9000 9
9001 10
9002 11
9003 12
9004 13
9005 14
9006 15
9007 16
9008 17
9009 18
9010 10
9011 11
9012 12
9013 13
9014 14
9015 15
9016 16
9017 17
9018 18
9019 19
9020 11
9021 12
9022 13
9023 14
9024 15
9025 16
9026 17
9027 18
9028 19
9029 20
9030 12
9031 13
9032 14
9033 15
9034 16
9035 17
9036 18
9037 19
9038 20
9039 21
9040 13
9041 14
9042 15
9043 16
9044 17
9045 18
9046 19
9047 20
9048 21
9049 22
9050 14
9051 15
9052 16
9053 17
9054 18
9055 19
9056 20
9057 21
9058 22
9059 23
9060 15
9061 16
9062 17
9063 18
9064 19
9065 20
9066 21
9067 22
9068 23
9069 24
9070 16
9071 17
9072 18
9073 19
9074 20
9075 21
9076 22
9077 23
9078 24
9079 25
9080 17
9081 18
9082 19
9083 20
9084 21
9085 22
9086 23
9087 24
9088 25
9089 26
9090 18
9091 19
9092 20
9093 21
9094 22
9095 23
9096 24
9097 25
9098 26
9099 27
9100 10
9101 11
9102 12
9103 13
9104 14
9105 15
9106 16
9107 17
9108 18
9109 19
9110 11
9111 12
9112 13
9113 14
9114 15
9115 16
9116 17
9117 18
9118 19
9119 20
9120 12
9121 13
9122 14
9123 15
9124 16
9125 17
9126 18
9127 19
9128 20
9129 21
9130 13
9131 14
9132 15
9133 16
9134 17
9135 18
9136 19
9137 20
9138 21
9139 22
9140 14
9141 15
9142 16
9143 17
9144 18
9145 19
9146 20
9147 21
9148 22
9149 23
9150 15
9151 16
9152 17
9153 18
9154 19
9155 20
9156 21
9157 22
9158 23
9159 24
9160 16
9161 17
9162 18
9163 19
9164 20
9165 21
9166 22
9167 23
9168 24
9169 25
9170 17
9171 18
9172 19
9173 20
9174 21
9175 22
9176 23
9177 24
9178 25
9179 26
9180 18
9181 19
9182 20
9183 21
9184 22
9185 23
9186 24
9187 25
9188 26
9189 27
9190 19
9191 20
9192 21
9193 22
9194 23
9195 24
9196 25
9197 26
9198 27
9199 28
9200 11
9201 12
9202 13
9203 14
9204 15
9205 16
9206 17
9207 18
9208 19
9209 20
9210 12
9211 13
9212 14
9213 15
9214 16
9215 17
9216 18
9217 19
9218 20
9219 21
9220 13
9221 14
9222 15
9223 16
9224 17
9225 18
9226 19
9227 20
9228 21
9229 22
9230 14
9231 15
9232 16
9233 17
9234 18
9235 19
9236 20
9237 21
9238 22
9239 23
9240 15
9241 16
9242 17
9243 18
9244 19
9245 20
9246 21
9247 22
9248 23
9249 24
9250 16
9251 17
9252 18
9253 19
9254 20
9255 21
9256 22
9257 23
9258 24
9259 25
9260 17
9261 18
9262 19
9263 20
9264 21
9265 22
9266 23
9267 24
9268 25
9269 26
9270 18
9271 19
9272 20
9273 21
9274 22
9275 23
9276 24
9277 25
9278 26
9279 27
9280 19
9281 20
9282 21
9283 22
9284 23
9285 24
9286 25
9287 26
9288 27
9289 28
9290 20
9291 21
9292 22
9293 23
9294 24
9295 25
9296 26
9297 27
9298 28
9299 29
9300 12
9301 13
9302 14
9303 15
9304 16
9305 17
9306 18
9307 19
9308 20
9309 21
9310 13
9311 14
9312 15
9313 16
9314 17
9315 18
9316 19
9317 20
9318 21
9319 22
9320 14
9321 15
9322 16
9323 17
9324 18
9325 19
9326 20
9327 21
9328 22
9329 23
9330 15
9331 16
9332 17
9333 18
9334 19
9335 20
9336 21
9337 22
9338 23
9339 24
9340 16
9341 17
9342 18
9343 19
9344 20
9345 21
9346 22
9347 23
9348 24
9349 25
9350 17
9351 18
9352 19
9353 20
9354 21
9355 22
9356 23
9357 24
9358 25
9359 26
9360 18
9361 19
9362 20
9363 21
9364 22
9365 23
9366 24
9367 25
9368 26
9369 27
9370 19
9371 20
9372 21
9373 22
9374 23
9375 24
9376 25
9377 26
9378 27
9379 28
9380 20
9381 21
9382 22
9383 23
9384 24
9385 25
9386 26
9387 27
9388 28
9389 29
9390 21
9391 22
9392 23
9393 24
9394 25
9395 26
9396 27
9397 28
9398 29
9399 30
9400 13
9401 14
9402 15
9403 16
9404 17
9405 18
9406 19
9407 20
9408 21
9409 22
9410 14
9411 15
9412 16
9413 17
9414 18
9415 19
9416 20
9417 21
9418 22
9419 23
9420 15
9421 16
9422 17
9423 18
9424 19
9425 20
9426 21
9427 22
9428 23
9429 24
9430 16
9431 17
9432 18
9433 19
9434 20
9435 21
9436 22
9437 23
9438 24
9439 25
9440 17
9441 18
9442 19
9443 20
9444 21
9445 22
9446 23
9447 24
9448 25
9449 26
9450 18
9451 19
9452 20
9453 21
9454 22
9455 23
9456 24
9457 25
9458 26
9459 27
9460 19
9461 20
9462 21
9463 22
9464 23
9465 24
9466 25
9467 26
9468 27
9469 28
9470 20
9471 21
9472 22
9473 23
9474 24
9475 25
9476 26
9477 27
9478 28
9479 29
9480 21
9481 22
9482 23
9483 24
9484 25
9485 26
9486 27
9487 28
9488 29
9489 30
9490 22
9491 23
9492 24
9493 25
9494 26
9495 27
9496 28
9497 29
9498 30
9499 31
9500 14
9501 15
9502 16
9503 17
9504 18
9505 19
9506 20
9507 21
9508 22
9509 23
9510 15
9511 16
9512 17
9513 18
9514 19
9515 20
9516 21
9517 22
9518 23
9519 24
9520 16
9521 17
9522 18
9523 19
9524 20
9525 21
9526 22
9527 23
9528 24
9529 25
9530 17
9531 18
9532 19
9533 20
9534 21
9535 22
9536 23
9537 24
9538 25
9539 26
9540 18
9541 19
9542 20
9543 21
9544 22
9545 23
9546 24
9547 25
9548 26
9549 27
9550 19
9551 20
9552 21
9553 22
9554 23
9555 24
9556 25
9557 26
9558 27
9559 28
9560 20
9561 21
9562 22
9563 23
9564 24
9565 25
9566 26
9567 27
9568 28
9569 29
9570 21
9571 22
9572 23
9573 24
9574 25
9575 26
9576 27
9577 28
9578 29
9579 30
9580 22
9581 23
9582 24
9583 25
9584 26
9585 27
9586 28
9587 29
9588 30
9589 31
9590 23
9591 24
9592 25
9593 26
9594 27
9595 28
9596 29
9597 30
9598 31
9599 32
9600 15
9601 16
9602 17
9603 18
9604 19
9605 20
9606 21
9607 22
9608 23
9609 24
9610 16
9611 17
9612 18
9613 19
9614 20
9615 21
9616 22
9617 23
9618 24
9619 25
9620 17
9621 18
9622 19
9623 20
9624 21
9625 22
9626 23
9627 24
9628 25
9629 26
9630 18
9631 19
9632 20
9633 21
9634 22
9635 23
9636 24
9637 25
9638 26
9639 27
9640 19
9641 20
9642 21
9643 22
9644 23
9645 24
9646 25
9647 26
9648 27
9649 28
9650 20
9651 21
9652 22
9653 23
9654 24
9655 25
9656 26
9657 27
9658 28
9659 29
9660 21
9661 22
9662 23
9663 24
9664 25
9665 26
9666 27
9667 28
9668 29
9669 30
9670 22
9671 23
9672 24
9673 25
9674 26
9675 27
9676 28
9677 29
9678 30
9679 31
9680 23
9681 24
9682 25
9683 26
9684 27
9685 28
9686 29
9687 30
9688 31
9689 32
9690 24
9691 25
9692 26
9693 27
9694 28
9695 29
9696 30
9697 31
9698 32
9699 33
9700 16
9701 17
9702 18
9703 19
9704 20
9705 21
9706 22
9707 23
9708 24
9709 25
9710 17
9711 18
9712 19
9713 20
9714 21
9715 22
9716 23
9717 24
9718 25
9719 26
9720 18
9721 19
9722 20
9723 21
9724 22
9725 23
9726 24
9727 25
9728 26
9729 27
9730 19
9731 20
9732 21
9733 22
9734 23
9735 24
9736 25
9737 26
9738 27
9739 28
9740 20
9741 21
9742 22
9743 23
9744 24
9745 25
9746 26
9747 27
9748 28
9749 29
9750 21
9751 22
9752 23
9753 24
9754 25
9755 26
9756 27
9757 28
9758 29
9759 30
9760 22
9761 23
9762 24
9763 25
9764 26
9765 27
9766 28
9767 29
9768 30
9769 31
9770 23
9771 24
9772 25
9773 26
9774 27
9775 28
9776 29
9777 30
9778 31
9779 32
9780 24
9781 25
9782 26
9783 27
9784 28
9785 29
9786 30
9787 31
9788 32
9789 33
9790 25
9791 26
9792 27
9793 28
9794 29
9795 30
9796 31
9797 32
9798 33
9799 34
9800 17
9801 18
9802 19
9803 20
9804 21
9805 22
9806 23
9807 24
9808 25
9809 26
9810 18
9811 19
9812 20
9813 21
9814 22
9815 23
9816 24
9817 25
9818 26
9819 27
9820 19
9821 20
9822 21
9823 22
9824 23
9825 24
9826 25
9827 26
9828 27
9829 28
9830 20
9831 21
9832 22
9833 23
9834 24
9835 25
9836 26
9837 27
9838 28
9839 29
9840 21
9841 22
9842 23
9843 24
9844 25
9845 26
9846 27
9847 28
9848 29
9849 30
9850 22
9851 23
9852 24
9853 25
9854 26
9855 27
9856 28
9857 29
9858 30
9859 31
9860 23
9861 24
9862 25
9863 26
9864 27
9865 28
9866 29
9867 30
9868 31
9869 32
9870 24
9871 25
9872 26
9873 27
9874 28
9875 29
9876 30
9877 31
9878 32
9879 33
9880 25
9881 26
9882 27
9883 28
9884 29
9885 30
9886 31
9887 32
9888 33
9889 34
9890 26
9891 27
9892 28
9893 29
9894 30
9895 31
9896 32
9897 33
9898 34
9899 35
9900 18
9901 19
9902 20
9903 21
9904 22
9905 23
9906 24
9907 25
9908 26
9909 27
9910 19
9911 20
9912 21
9913 22
9914 23
9915 24
9916 25
9917 26
9918 27
9919 28
9920 20
9921 21
9922 22
9923 23
9924 24
9925 25
9926 26
9927 27
9928 28
9929 29
9930 21
9931 22
9932 23
9933 24
9934 25
9935 26
9936 27
9937 28
9938 29
9939 30
9940 22
9941 23
9942 24
9943 25
9944 26
9945 27
9946 28
9947 29
9948 30
9949 31
9950 23
9951 24
9952 25
9953 26
9954 27
9955 28
9956 29
9957 30
9958 31
9959 32
9960 24
9961 25
9962 26
9963 27
9964 28
9965 29
9966 30
9967 31
9968 32
9969 33
9970 25
9971 26
9972 27
9973 28
9974 29
9975 30
9976 31
9977 32
9978 33
9979 34
9980 26
9981 27
9982 28
9983 29
9984 30
9985 31
9986 32
9987 33
9988 34
9989 35
9990 27
9991 28
9992 29
9993 30
9994 31
9995 32
9996 33
9997 34
9998 35
9999 36
10000 1







