1 1
2 1
3 2
4 1
5 3
6 1
7 2
8 4
9 1
10 5
11 1
12 2
13 3
14 6
15 1
16 7
17 1
18 2
19 4
20 8
21 1
22 3
23 9
24 1
25 2
26 5
27 10
28 1
29 11
30 1
31 2
32 3
33 4
34 6
35 12
36 1
37 13
38 1
39 2
40 7
41 14
42 1
43 3
44 5
45 15
46 1
47 2
48 4
49 8
50 16
51 1
52 17
53 1
54 2
55 3
56 6
57 9
58 18
59 1
60 19
61 1
62 2
63 4
64 5
65 10
66 20
67 1
68 3
69 7
70 21
71 1
72 2
73 11
74 22
75 1
76 23
77 1
78 2
79 3
80 4
81 6
82 8
83 12
84 24
85 1
86 5
87 25
88 1
89 2
90 13
91 26
92 1
93 3
94 9
95 27
96 1
97 2
98 4
99 7
100 14
101 28
102 1
103 29
104 1
105 2
106 3
107 5
108 6
109 10
110 15
111 30
112 1
113 31
114 1
115 2
116 4
117 8
118 16
119 32
120 1
121 3
122 11
123 33
124 1
125 2
126 17
127 34
128 1
129 5
130 7
131 35
132 1
133 2
134 3
135 4
136 6
137 9
138 12
139 18
140 36
141 1
142 37
143 1
144 2
145 19
146 38
147 1
148 3
149 13
150 39
151 1
152 2
153 4
154 5
155 8
156 10
157 20
158 40
159 1
160 41
161 1
162 2
163 3
164 6
165 7
166 14
167 21
168 42
169 1
170 43
171 1
172 2
173 4
174 11
175 22
176 44
177 1
178 3
179 5
180 9
181 15
182 45
183 1
184 2
185 23
186 46
187 1
188 47
189 1
190 2
191 3
192 4
193 6
194 8
195 12
196 16
197 24
198 48
199 1
200 7
201 49
202 1
203 2
204 5
205 10
206 25
207 50
208 1
209 3
210 17
211 51
212 1
213 2
214 4
215 13
216 26
217 52
218 1
219 53
220 1
221 2
222 3
223 6
224 9
225 18
226 27
227 54
228 1
229 5
230 11
231 55
232 1
233 2
234 4
235 7
236 8
237 14
238 28
239 56
240 1
241 3
242 19
243 57
244 1
245 2
246 29
247 58
248 1
249 59
250 1
251 2
252 3
253 4
254 5
255 6
256 10
257 12
258 15
259 20
260 30
261 60
262 1
263 61
264 1
265 2
266 31
267 62
268 1
269 3
270 7
271 9
272 21
273 63
274 1
275 2
276 4
277 8
278 16
279 32
280 64
281 1
282 5
283 13
284 65
285 1
286 2
287 3
288 6
289 11
290 22
291 33
292 66
293 1
294 67
295 1
296 2
297 4
298 17
299 34
300 68
301 1
302 3
303 23
304 69
305 1
306 2
307 5
308 7
309 10
310 14
311 35
312 70
313 1
314 71
315 1
316 2
317 3
318 4
319 6
320 8
321 9
322 12
323 18
324 24
325 36
326 72
327 1
328 73
329 1
330 2
331 37
332 74
333 1
334 3
335 5
336 15
337 25
338 75
339 1
340 2
341 4
342 19
343 38
344 76
345 1
346 7
347 11
348 77
349 1
350 2
351 3
352 6
353 13
354 26
355 39
356 78
357 1
358 79
359 1
360 2
361 4
362 5
363 8
364 10
365 16
366 20
367 40
368 80
369 1
370 3
371 9
372 27
373 81
374 1
375 2
376 41
377 82
378 1
379 83
380 1
381 2
382 3
383 4
384 6
385 7
386 12
387 14
388 21
389 28
390 42
391 84
392 1
393 5
394 17
395 85
396 1
397 2
398 43
399 86
400 1
401 3
402 29
403 87
404 1
405 2
406 4
407 8
408 11
409 22
410 44
411 88
412 1
413 89
414 1
415 2
416 3
417 5
418 6
419 9
420 10
421 15
422 18
423 30
424 45
425 90
426 1
427 7
428 13
429 91
430 1
431 2
432 4
433 23
434 46
435 92
436 1
437 3
438 31
439 93
440 1
441 2
442 47
443 94
444 1
445 5
446 19
447 95
448 1
449 2
450 3
451 4
452 6
453 8
454 12
455 16
456 24
457 32
458 48
459 96
460 1
461 97
462 1
463 2
464 7
465 14
466 49
467 98
468 1
469 3
470 9
471 11
472 33
473 99
474 1
475 2
476 4
477 5
478 10
479 20
480 25
481 50
482 100
483 1
484 101
485 1
486 2
487 3
488 6
489 17
490 34
491 51
492 102
493 1
494 103
495 1
496 2
497 4
498 8
499 13
500 26
501 52
502 104
503 1
504 3
505 5
506 7
507 15
508 21
509 35
510 105
511 1
512 2
513 53
514 106
515 1
516 107
517 1
518 2
519 3
520 4
521 6
522 9
523 12
524 18
525 27
526 36
527 54
528 108
529 1
530 109
531 1
532 2
533 5
534 10
535 11
536 22
537 55
538 110
539 1
540 3
541 37
542 111
543 1
544 2
545 4
546 7
547 8
548 14
549 16
550 28
551 56
552 112
553 1
554 113
555 1
556 2
557 3
558 6
559 19
560 38
561 57
562 114
563 1
564 5
565 23
566 115
567 1
568 2
569 4
570 29
571 58
572 116
573 1
574 3
575 9
576 13
577 39
578 117
579 1
580 2
581 59
582 118
583 1
584 7
585 17
586 119
587 1
588 2
589 3
590 4
591 5
592 6
593 8
594 10
595 12
596 15
597 20
598 24
599 30
600 40
601 60
602 120
603 1
604 11
605 121
606 1
607 2
608 61
609 122
610 1
611 3
612 41
613 123
614 1
615 2
616 4
617 31
618 62
619 124
620 1
621 5
622 25
623 125
624 1
625 2
626 3
627 6
628 7
629 9
630 14
631 18
632 21
633 42
634 63
635 126
636 1
637 127
638 1
639 2
640 4
641 8
642 16
643 32
644 64
645 128
646 1
647 3
648 43
649 129
650 1
651 2
652 5
653 10
654 13
655 26
656 65
657 130
658 1
659 131
660 1
661 2
662 3
663 4
664 6
665 11
666 12
667 22
668 33
669 44
670 66
671 132
672 1
673 7
674 19
675 133
676 1
677 2
678 67
679 134
680 1
681 3
682 5
683 9
684 15
685 27
686 45
687 135
688 1
689 2
690 4
691 8
692 17
693 34
694 68
695 136
696 1
697 137
698 1
699 2
700 3
701 6
702 23
703 46
704 69
705 138
706 1
707 139
708 1
709 2
710 4
711 5
712 7
713 10
714 14
715 20
716 28
717 35
718 70
719 140
720 1
721 3
722 47
723 141
724 1
725 2
726 71
727 142
728 1
729 11
730 13
731 143
732 1
733 2
734 3
735 4
736 6
737 8
738 9
739 12
740 16
741 18
742 24
743 36
744 48
745 72
746 144
747 1
748 5
749 29
750 145
751 1
752 2
753 73
754 146
755 1
756 3
757 7
758 21
759 49
760 147
761 1
762 2
763 4
764 37
765 74
766 148
767 1
768 149
769 1
770 2
771 3
772 5
773 6
774 10
775 15
776 25
777 30
778 50
779 75
780 150
781 1
782 151
783 1
784 2
785 4
786 8
787 19
788 38
789 76
790 152
791 1
792 3
793 9
794 17
795 51
796 153
797 1
798 2
799 7
800 11
801 14
802 22
803 77
804 154
805 1
806 5
807 31
808 155
809 1
810 2
811 3
812 4
813 6
814 12
815 13
816 26
817 39
818 52
819 78
820 156
821 1
822 157
823 1
824 2
825 79
826 158
827 1
828 3
829 53
830 159
831 1
832 2
833 4
834 5
835 8
836 10
837 16
838 20
839 32
840 40
841 80
842 160
843 1
844 7
845 23
846 161
847 1
848 2
849 3
850 6
851 9
852 18
853 27
854 54
855 81
856 162
857 1
858 163
859 1
860 2
861 4
862 41
863 82
864 164
865 1
866 3
867 5
868 11
869 15
870 33
871 55
872 165
873 1
874 2
875 83
876 166
877 1
878 167
879 1
880 2
881 3
882 4
883 6
884 7
885 8
886 12
887 14
888 21
889 24
890 28
891 42
892 56
893 84
894 168
895 1
896 13
897 169
898 1
899 2
900 5
901 10
902 17
903 34
904 85
905 170
906 1
907 3
908 9
909 19
910 57
911 171
912 1
913 2
914 4
915 43
916 86
917 172
918 1
919 173
920 1
921 2
922 3
923 6
924 29
925 58
926 87
927 174
928 1
929 5
930 7
931 25
932 35
933 175
934 1
935 2
936 4
937 8
938 11
939 16
940 22
941 44
942 88
943 176
944 1
945 3
946 59
947 177
948 1
949 2
950 89
951 178
952 1
953 179
954 1
955 2
956 3
957 4
958 5
959 6
960 9
961 10
962 12
963 15
964 18
965 20
966 30
967 36
968 45
969 60
970 90
971 180
972 1
973 181
974 1
975 2
976 7
977 13
978 14
979 26
980 91
981 182
982 1
983 3
984 61
985 183
986 1
987 2
988 4
989 8
990 23
991 46
992 92
993 184
994 1
995 5
996 37
997 185
998 1
999 2
1000 3
1001 6
1002 31
1003 62
1004 93
1005 186
1006 1
1007 11
1008 17
1009 187
1010 1
1011 2
1012 4
1013 47
1014 94
1015 188
1016 1
1017 3
1018 7
1019 9
1020 21
1021 27
1022 63
1023 189
1024 1
1025 2
1026 5
1027 10
1028 19
1029 38
1030 95
1031 190
1032 1
1033 191
1034 1
1035 2
1036 3
1037 4
1038 6
1039 8
1040 12
1041 16
1042 24
1043 32
1044 48
1045 64
1046 96
1047 192
1048 1
1049 193
1050 1
1051 2
1052 97
1053 194
1054 1
1055 3
1056 5
1057 13
1058 15
1059 39
1060 65
1061 195
1062 1
1063 2
1064 4
1065 7
1066 14
1067 28
1068 49
1069 98
1070 196
1071 1
1072 197
1073 1
1074 2
1075 3
1076 6
1077 9
1078 11
1079 18
1080 22
1081 33
1082 66
1083 99
1084 198
1085 1
1086 199
1087 1
1088 2
1089 4
1090 5
1091 8
1092 10
1093 20
1094 25
1095 40
1096 50
1097 100
1098 200
1099 1
1100 3
1101 67
1102 201
1103 1
1104 2
1105 101
1106 202
1107 1
1108 7
1109 29
1110 203
1111 1
1112 2
1113 3
1114 4
1115 6
1116 12
1117 17
1118 34
1119 51
1120 68
1121 102
1122 204
1123 1
1124 5
1125 41
1126 205
1127 1
1128 2
1129 103
1130 206
1131 1
1132 3
1133 9
1134 23
1135 69
1136 207
1137 1
1138 2
1139 4
1140 8
1141 13
1142 16
1143 26
1144 52
1145 104
1146 208
1147 1
1148 11
1149 19
1150 209
1151 1
1152 2
1153 3
1154 5
1155 6
1156 7
1157 10
1158 14
1159 15
1160 21
1161 30
1162 35
1163 42
1164 70
1165 105
1166 210
1167 1
1168 211
1169 1
1170 2
1171 4
1172 53
1173 106
1174 212
1175 1
1176 3
1177 71
1178 213
1179 1
1180 2
1181 107
1182 214
1183 1
1184 5
1185 43
1186 215
1187 1
1188 2
1189 3
1190 4
1191 6
1192 8
1193 9
1194 12
1195 18
1196 24
1197 27
1198 36
1199 54
1200 72
1201 108
1202 216
1203 1
1204 7
1205 31
1206 217
1207 1
1208 2
1209 109
1210 218
1211 1
1212 3
1213 73
1214 219
1215 1
1216 2
1217 4
1218 5
1219 10
1220 11
1221 20
1222 22
1223 44
1224 55
1225 110
1226 220
1227 1
1228 13
1229 17
1230 221
1231 1
1232 2
1233 3
1234 6
1235 37
1236 74
1237 111
1238 222
1239 1
1240 223
1241 1
1242 2
1243 4
1244 7
1245 8
1246 14
1247 16
1248 28
1249 32
1250 56
1251 112
1252 224
1253 1
1254 3
1255 5
1256 9
1257 15
1258 25
1259 45
1260 75
1261 225
1262 1
1263 2
1264 113
1265 226
1266 1
1267 227
1268 1
1269 2
1270 3
1271 4
1272 6
1273 12
1274 19
1275 38
1276 57
1277 76
1278 114
1279 228
1280 1
1281 229
1282 1
1283 2
1284 5
1285 10
1286 23
1287 46
1288 115
1289 230
1290 1
1291 3
1292 7
1293 11
1294 21
1295 33
1296 77
1297 231
1298 1
1299 2
1300 4
1301 8
1302 29
1303 58
1304 116
1305 232
1306 1
1307 233
1308 1
1309 2
1310 3
1311 6
1312 9
1313 13
1314 18
1315 26
1316 39
1317 78
1318 117
1319 234
1320 1
1321 5
1322 47
1323 235
1324 1
1325 2
1326 4
1327 59
1328 118
1329 236
1330 1
1331 3
1332 79
1333 237
1334 1
1335 2
1336 7
1337 14
1338 17
1339 34
1340 119
1341 238
1342 1
1343 239
1344 1
1345 2
1346 3
1347 4
1348 5
1349 6
1350 8
1351 10
1352 12
1353 15
1354 16
1355 20
1356 24
1357 30
1358 40
1359 48
1360 60
1361 80
1362 120
1363 240
1364 1
1365 241
1366 1
1367 2
1368 11
1369 22
1370 121
1371 242
1372 1
1373 3
1374 9
1375 27
1376 81
1377 243
1378 1
1379 2
1380 4
1381 61
1382 122
1383 244
1384 1
1385 5
1386 7
1387 35
1388 49
1389 245
1390 1
1391 2
1392 3
1393 6
1394 41
1395 82
1396 123
1397 246
1398 1
1399 13
1400 19
1401 247
1402 1
1403 2
1404 4
1405 8
1406 31
1407 62
1408 124
1409 248
1410 1
1411 3
1412 83
1413 249
1414 1
1415 2
1416 5
1417 10
1418 25
1419 50
1420 125
1421 250
1422 1
1423 251
1424 1
1425 2
1426 3
1427 4
1428 6
1429 7
1430 9
1431 12
1432 14
1433 18
1434 21
1435 28
1436 36
1437 42
1438 63
1439 84
1440 126
1441 252
1442 1
1443 11
1444 23
1445 253
1446 1
1447 2
1448 127
1449 254
1450 1
1451 3
1452 5
1453 15
1454 17
1455 51
1456 85
1457 255
1458 1
1459 2
1460 4
1461 8
1462 16
1463 32
1464 64
1465 128
1466 256
1467 1
1468 257
1469 1
1470 2
1471 3
1472 6
1473 43
1474 86
1475 129
1476 258
1477 1
1478 7
1479 37
1480 259
1481 1
1482 2
1483 4
1484 5
1485 10
1486 13
1487 20
1488 26
1489 52
1490 65
1491 130
1492 260
1493 1
1494 3
1495 9
1496 29
1497 87
1498 261
1499 1
1500 2
1501 131
1502 262
1503 1
1504 263
1505 1
1506 2
1507 3
1508 4
1509 6
1510 8
1511 11
1512 12
1513 22
1514 24
1515 33
1516 44
1517 66
1518 88
1519 132
1520 264
1521 1
1522 5
1523 53
1524 265
1525 1
1526 2
1527 7
1528 14
1529 19
1530 38
1531 133
1532 266
1533 1
1534 3
1535 89
1536 267
1537 1
1538 2
1539 4
1540 67
1541 134
1542 268
1543 1
1544 269
1545 1
1546 2
1547 3
1548 5
1549 6
1550 9
1551 10
1552 15
1553 18
1554 27
1555 30
1556 45
1557 54
1558 90
1559 135
1560 270
1561 1
1562 271
1563 1
1564 2
1565 4
1566 8
1567 16
1568 17
1569 34
1570 68
1571 136
1572 272
1573 1
1574 3
1575 7
1576 13
1577 21
1578 39
1579 91
1580 273
1581 1
1582 2
1583 137
1584 274
1585 1
1586 5
1587 11
1588 25
1589 55
1590 275
1591 1
1592 2
1593 3
1594 4
1595 6
1596 12
1597 23
1598 46
1599 69
1600 92
1601 138
1602 276
1603 1
1604 277
1605 1
1606 2
1607 139
1608 278
1609 1
1610 3
1611 9
1612 31
1613 93
1614 279
1615 1
1616 2
1617 4
1618 5
1619 7
1620 8
1621 10
1622 14
1623 20
1624 28
1625 35
1626 40
1627 56
1628 70
1629 140
1630 280
1631 1
1632 281
1633 1
1634 2
1635 3
1636 6
1637 47
1638 94
1639 141
1640 282
1641 1
1642 283
1643 1
1644 2
1645 4
1646 71
1647 142
1648 284
1649 1
1650 3
1651 5
1652 15
1653 19
1654 57
1655 95
1656 285
1657 1
1658 2
1659 11
1660 13
1661 22
1662 26
1663 143
1664 286
1665 1
1666 7
1667 41
1668 287
1669 1
1670 2
1671 3
1672 4
1673 6
1674 8
1675 9
1676 12
1677 16
1678 18
1679 24
1680 32
1681 36
1682 48
1683 72
1684 96
1685 144
1686 288
1687 1
1688 17
1689 289
1690 1
1691 2
1692 5
1693 10
1694 29
1695 58
1696 145
1697 290
1698 1
1699 3
1700 97
1701 291
1702 1
1703 2
1704 4
1705 73
1706 146
1707 292
1708 1
1709 293
1710 1
1711 2
1712 3
1713 6
1714 7
1715 14
1716 21
1717 42
1718 49
1719 98
1720 147
1721 294
1722 1
1723 5
1724 59
1725 295
1726 1
1727 2
1728 4
1729 8
1730 37
1731 74
1732 148
1733 296
1734 1
1735 3
1736 9
1737 11
1738 27
1739 33
1740 99
1741 297
1742 1
1743 2
1744 149
1745 298
1746 1
1747 13
1748 23
1749 299
1750 1
1751 2
1752 3
1753 4
1754 5
1755 6
1756 10
1757 12
1758 15
1759 20
1760 25
1761 30
1762 50
1763 60
1764 75
1765 100
1766 150
1767 300
1768 1
1769 7
1770 43
1771 301
1772 1
1773 2
1774 151
1775 302
1776 1
1777 3
1778 101
1779 303
1780 1
1781 2
1782 4
1783 8
1784 16
1785 19
1786 38
1787 76
1788 152
1789 304
1790 1
1791 5
1792 61
1793 305
1794 1
1795 2
1796 3
1797 6
1798 9
1799 17
1800 18
1801 34
1802 51
1803 102
1804 153
1805 306
1806 1
1807 307
1808 1
1809 2
1810 4
1811 7
1812 11
1813 14
1814 22
1815 28
1816 44
1817 77
1818 154
1819 308
1820 1
1821 3
1822 103
1823 309
1824 1
1825 2
1826 5
1827 10
1828 31
1829 62
1830 155
1831 310
1832 1
1833 311
1834 1
1835 2
1836 3
1837 4
1838 6
1839 8
1840 12
1841 13
1842 24
1843 26
1844 39
1845 52
1846 78
1847 104
1848 156
1849 312
1850 1
1851 313
1852 1
1853 2
1854 157
1855 314
1856 1
1857 3
1858 5
1859 7
1860 9
1861 15
1862 21
1863 35
1864 45
1865 63
1866 105
1867 315
1868 1
1869 2
1870 4
1871 79
1872 158
1873 316
1874 1
1875 317
1876 1
1877 2
1878 3
1879 6
1880 53
1881 106
1882 159
1883 318
1884 1
1885 11
1886 29
1887 319
1888 1
1889 2
1890 4
1891 5
1892 8
1893 10
1894 16
1895 20
1896 32
1897 40
1898 64
1899 80
1900 160
1901 320
1902 1
1903 3
1904 107
1905 321
1906 1
1907 2
1908 7
1909 14
1910 23
1911 46
1912 161
1913 322
1914 1
1915 17
1916 19
1917 323
1918 1
1919 2
1920 3
1921 4
1922 6
1923 9
1924 12
1925 18
1926 27
1927 36
1928 54
1929 81
1930 108
1931 162
1932 324
1933 1
1934 5
1935 13
1936 25
1937 65
1938 325
1939 1
1940 2
1941 163
1942 326
1943 1
1944 3
1945 109
1946 327
1947 1
1948 2
1949 4
1950 8
1951 41
1952 82
1953 164
1954 328
1955 1
1956 7
1957 47
1958 329
1959 1
1960 2
1961 3
1962 5
1963 6
1964 10
1965 11
1966 15
1967 22
1968 30
1969 33
1970 55
1971 66
1972 110
1973 165
1974 330
1975 1
1976 331
1977 1
1978 2
1979 4
1980 83
1981 166
1982 332
1983 1
1984 3
1985 9
1986 37
1987 111
1988 333
1989 1
1990 2
1991 167
1992 334
1993 1
1994 5
1995 67
1996 335
1997 1
1998 2
1999 3
2000 4
2001 6
2002 7
2003 8
2004 12
2005 14
2006 16
2007 21
2008 24
2009 28
2010 42
2011 48
2012 56
2013 84
2014 112
2015 168
2016 336
2017 1
2018 337
2019 1
2020 2
2021 13
2022 26
2023 169
2024 338
2025 1
2026 3
2027 113
2028 339
2029 1
2030 2
2031 4
2032 5
2033 10
2034 17
2035 20
2036 34
2037 68
2038 85
2039 170
2040 340
2041 1
2042 11
2043 31
2044 341
2045 1
2046 2
2047 3
2048 6
2049 9
2050 18
2051 19
2052 38
2053 57
2054 114
2055 171
2056 342
2057 1
2058 7
2059 49
2060 343
2061 1
2062 2
2063 4
2064 8
2065 43
2066 86
2067 172
2068 344
2069 1
2070 3
2071 5
2072 15
2073 23
2074 69
2075 115
2076 345
2077 1
2078 2
2079 173
2080 346
2081 1
2082 347
2083 1
2084 2
2085 3
2086 4
2087 6
2088 12
2089 29
2090 58
2091 87
2092 116
2093 174
2094 348
2095 1
2096 349
2097 1
2098 2
2099 5
2100 7
2101 10
2102 14
2103 25
2104 35
2105 50
2106 70
2107 175
2108 350
2109 1
2110 3
2111 9
2112 13
2113 27
2114 39
2115 117
2116 351
2117 1
2118 2
2119 4
2120 8
2121 11
2122 16
2123 22
2124 32
2125 44
2126 88
2127 176
2128 352
2129 1
2130 353
2131 1
2132 2
2133 3
2134 6
2135 59
2136 118
2137 177
2138 354
2139 1
2140 5
2141 71
2142 355
2143 1
2144 2
2145 4
2146 89
2147 178
2148 356
2149 1
2150 3
2151 7
2152 17
2153 21
2154 51
2155 119
2156 357
2157 1
2158 2
2159 179
2160 358
2161 1
2162 359
2163 1
2164 2
2165 3
2166 4
2167 5
2168 6
2169 8
2170 9
2171 10
2172 12
2173 15
2174 18
2175 20
2176 24
2177 30
2178 36
2179 40
2180 45
2181 60
2182 72
2183 90
2184 120
2185 180
2186 360
2187 1
2188 19
2189 361
2190 1
2191 2
2192 181
2193 362
2194 1
2195 3
2196 11
2197 33
2198 121
2199 363
2200 1
2201 2
2202 4
2203 7
2204 13
2205 14
2206 26
2207 28
2208 52
2209 91
2210 182
2211 364
2212 1
2213 5
2214 73
2215 365
2216 1
2217 2
2218 3
2219 6
2220 61
2221 122
2222 183
2223 366
2224 1
2225 367
2226 1
2227 2
2228 4
2229 8
2230 16
2231 23
2232 46
2233 92
2234 184
2235 368
2236 1
2237 3
2238 9
2239 41
2240 123
2241 369
2242 1
2243 2
2244 5
2245 10
2246 37
2247 74
2248 185
2249 370
2250 1
2251 7
2252 53
2253 371
2254 1
2255 2
2256 3
2257 4
2258 6
2259 12
2260 31
2261 62
2262 93
2263 124
2264 186
2265 372
2266 1
2267 373
2268 1
2269 2
2270 11
2271 17
2272 22
2273 34
2274 187
2275 374
2276 1
2277 3
2278 5
2279 15
2280 25
2281 75
2282 125
2283 375
2284 1
2285 2
2286 4
2287 8
2288 47
2289 94
2290 188
2291 376
2292 1
2293 13
2294 29
2295 377
2296 1
2297 2
2298 3
2299 6
2300 7
2301 9
2302 14
2303 18
2304 21
2305 27
2306 42
2307 54
2308 63
2309 126
2310 189
2311 378
2312 1
2313 379
2314 1
2315 2
2316 4
2317 5
2318 10
2319 19
2320 20
2321 38
2322 76
2323 95
2324 190
2325 380
2326 1
2327 3
2328 127
2329 381
2330 1
2331 2
2332 191
2333 382
2334 1
2335 383
2336 1
2337 2
2338 3
2339 4
2340 6
2341 8
2342 12
2343 16
2344 24
2345 32
2346 48
2347 64
2348 96
2349 128
2350 192
2351 384
2352 1
2353 5
2354 7
2355 11
2356 35
2357 55
2358 77
2359 385
2360 1
2361 2
2362 193
2363 386
2364 1
2365 3
2366 9
2367 43
2368 129
2369 387
2370 1
2371 2
2372 4
2373 97
2374 194
2375 388
2376 1
2377 389
2378 1
2379 2
2380 3
2381 5
2382 6
2383 10
2384 13
2385 15
2386 26
2387 30
2388 39
2389 65
2390 78
2391 130
2392 195
2393 390
2394 1
2395 17
2396 23
2397 391
2398 1
2399 2
2400 4
2401 7
2402 8
2403 14
2404 28
2405 49
2406 56
2407 98
2408 196
2409 392
2410 1
2411 3
2412 131
2413 393
2414 1
2415 2
2416 197
2417 394
2418 1
2419 5
2420 79
2421 395
2422 1
2423 2
2424 3
2425 4
2426 6
2427 9
2428 11
2429 12
2430 18
2431 22
2432 33
2433 36
2434 44
2435 66
2436 99
2437 132
2438 198
2439 396
2440 1
2441 397
2442 1
2443 2
2444 199
2445 398
2446 1
2447 3
2448 7
2449 19
2450 21
2451 57
2452 133
2453 399
2454 1
2455 2
2456 4
2457 5
2458 8
2459 10
2460 16
2461 20
2462 25
2463 40
2464 50
2465 80
2466 100
2467 200
2468 400
2469 1
2470 401
2471 1
2472 2
2473 3
2474 6
2475 67
2476 134
2477 201
2478 402
2479 1
2480 13
2481 31
2482 403
2483 1
2484 2
2485 4
2486 101
2487 202
2488 404
2489 1
2490 3
2491 5
2492 9
2493 15
2494 27
2495 45
2496 81
2497 135
2498 405
2499 1
2500 2
2501 7
2502 14
2503 29
2504 58
2505 203
2506 406
2507 1
2508 11
2509 37
2510 407
2511 1
2512 2
2513 3
2514 4
2515 6
2516 8
2517 12
2518 17
2519 24
2520 34
2521 51
2522 68
2523 102
2524 136
2525 204
2526 408
2527 1
2528 409
2529 1
2530 2
2531 5
2532 10
2533 41
2534 82
2535 205
2536 410
2537 1
2538 3
2539 137
2540 411
2541 1
2542 2
2543 4
2544 103
2545 206
2546 412
2547 1
2548 7
2549 59
2550 413
2551 1
2552 2
2553 3
2554 6
2555 9
2556 18
2557 23
2558 46
2559 69
2560 138
2561 207
2562 414
2563 1
2564 5
2565 83
2566 415
2567 1
2568 2
2569 4
2570 8
2571 13
2572 16
2573 26
2574 32
2575 52
2576 104
2577 208
2578 416
2579 1
2580 3
2581 139
2582 417
2583 1
2584 2
2585 11
2586 19
2587 22
2588 38
2589 209
2590 418
2591 1
2592 419
2593 1
2594 2
2595 3
2596 4
2597 5
2598 6
2599 7
2600 10
2601 12
2602 14
2603 15
2604 20
2605 21
2606 28
2607 30
2608 35
2609 42
2610 60
2611 70
2612 84
2613 105
2614 140
2615 210
2616 420
2617 1
2618 421
2619 1
2620 2
2621 211
2622 422
2623 1
2624 3
2625 9
2626 47
2627 141
2628 423
2629 1
2630 2
2631 4
2632 8
2633 53
2634 106
2635 212
2636 424
2637 1
2638 5
2639 17
2640 25
2641 85
2642 425
2643 1
2644 2
2645 3
2646 6
2647 71
2648 142
2649 213
2650 426
2651 1
2652 7
2653 61
2654 427
2655 1
2656 2
2657 4
2658 107
2659 214
2660 428
2661 1
2662 3
2663 11
2664 13
2665 33
2666 39
2667 143
2668 429
2669 1
2670 2
2671 5
2672 10
2673 43
2674 86
2675 215
2676 430
2677 1
2678 431
2679 1
2680 2
2681 3
2682 4
2683 6
2684 8
2685 9
2686 12
2687 16
2688 18
2689 24
2690 27
2691 36
2692 48
2693 54
2694 72
2695 108
2696 144
2697 216
2698 432
2699 1
2700 433
2701 1
2702 2
2703 7
2704 14
2705 31
2706 62
2707 217
2708 434
2709 1
2710 3
2711 5
2712 15
2713 29
2714 87
2715 145
2716 435
2717 1
2718 2
2719 4
2720 109
2721 218
2722 436
2723 1
2724 19
2725 23
2726 437
2727 1
2728 2
2729 3
2730 6
2731 73
2732 146
2733 219
2734 438
2735 1
2736 439
2737 1
2738 2
2739 4
2740 5
2741 8
2742 10
2743 11
2744 20
2745 22
2746 40
2747 44
2748 55
2749 88
2750 110
2751 220
2752 440
2753 1
2754 3
2755 7
2756 9
2757 21
2758 49
2759 63
2760 147
2761 441
2762 1
2763 2
2764 13
2765 17
2766 26
2767 34
2768 221
2769 442
2770 1
2771 443
2772 1
2773 2
2774 3
2775 4
2776 6
2777 12
2778 37
2779 74
2780 111
2781 148
2782 222
2783 444
2784 1
2785 5
2786 89
2787 445
2788 1
2789 2
2790 223
2791 446
2792 1
2793 3
2794 149
2795 447
2796 1
2797 2
2798 4
2799 7
2800 8
2801 14
2802 16
2803 28
2804 32
2805 56
2806 64
2807 112
2808 224
2809 448
2810 1
2811 449
2812 1
2813 2
2814 3
2815 5
2816 6
2817 9
2818 10
2819 15
2820 18
2821 25
2822 30
2823 45
2824 50
2825 75
2826 90
2827 150
2828 225
2829 450
2830 1
2831 11
2832 41
2833 451
2834 1
2835 2
2836 4
2837 113
2838 226
2839 452
2840 1
2841 3
2842 151
2843 453
2844 1
2845 2
2846 227
2847 454
2848 1
2849 5
2850 7
2851 13
2852 35
2853 65
2854 91
2855 455
2856 1
2857 2
2858 3
2859 4
2860 6
2861 8
2862 12
2863 19
2864 24
2865 38
2866 57
2867 76
2868 114
2869 152
2870 228
2871 456
2872 1
2873 457
2874 1
2875 2
2876 229
2877 458
2878 1
2879 3
2880 9
2881 17
2882 27
2883 51
2884 153
2885 459
2886 1
2887 2
2888 4
2889 5
2890 10
2891 20
2892 23
2893 46
2894 92
2895 115
2896 230
2897 460
2898 1
2899 461
2900 1
2901 2
2902 3
2903 6
2904 7
2905 11
2906 14
2907 21
2908 22
2909 33
2910 42
2911 66
2912 77
2913 154
2914 231
2915 462
2916 1
2917 463
2918 1
2919 2
2920 4
2921 8
2922 16
2923 29
2924 58
2925 116
2926 232
2927 464
2928 1
2929 3
2930 5
2931 15
2932 31
2933 93
2934 155
2935 465
2936 1
2937 2
2938 233
2939 466
2940 1
2941 467
2942 1
2943 2
2944 3
2945 4
2946 6
2947 9
2948 12
2949 13
2950 18
2951 26
2952 36
2953 39
2954 52
2955 78
2956 117
2957 156
2958 234
2959 468
2960 1
2961 7
2962 67
2963 469
2964 1
2965 2
2966 5
2967 10
2968 47
2969 94
2970 235
2971 470
2972 1
2973 3
2974 157
2975 471
2976 1
2977 2
2978 4
2979 8
2980 59
2981 118
2982 236
2983 472
2984 1
2985 11
2986 43
2987 473
2988 1
2989 2
2990 3
2991 6
2992 79
2993 158
2994 237
2995 474
2996 1
2997 5
2998 19
2999 25
3000 95
3001 475
3002 1
3003 2
3004 4
3005 7
3006 14
3007 17
3008 28
3009 34
3010 68
3011 119
3012 238
3013 476
3014 1
3015 3
3016 9
3017 53
3018 159
3019 477
3020 1
3021 2
3022 239
3023 478
3024 1
3025 479
3026 1
3027 2
3028 3
3029 4
3030 5
3031 6
3032 8
3033 10
3034 12
3035 15
3036 16
3037 20
3038 24
3039 30
3040 32
3041 40
3042 48
3043 60
3044 80
3045 96
3046 120
3047 160
3048 240
3049 480
3050 1
3051 13
3052 37
3053 481
3054 1
3055 2
3056 241
3057 482
3058 1
3059 3
3060 7
3061 21
3062 23
3063 69
3064 161
3065 483
3066 1
3067 2
3068 4
3069 11
3070 22
3071 44
3072 121
3073 242
3074 484
3075 1
3076 5
3077 97
3078 485
3079 1
3080 2
3081 3
3082 6
3083 9
3084 18
3085 27
3086 54
3087 81
3088 162
3089 243
3090 486
3091 1
3092 487
3093 1
3094 2
3095 4
3096 8
3097 61
3098 122
3099 244
3100 488
3101 1
3102 3
3103 163
3104 489
3105 1
3106 2
3107 5
3108 7
3109 10
3110 14
3111 35
3112 49
3113 70
3114 98
3115 245
3116 490
3117 1
3118 491
3119 1
3120 2
3121 3
3122 4
3123 6
3124 12
3125 41
3126 82
3127 123
3128 164
3129 246
3130 492
3131 1
3132 17
3133 29
3134 493
3135 1
3136 2
3137 13
3138 19
3139 26
3140 38
3141 247
3142 494
3143 1
3144 3
3145 5
3146 9
3147 11
3148 15
3149 33
3150 45
3151 55
3152 99
3153 165
3154 495
3155 1
3156 2
3157 4
3158 8
3159 16
3160 31
3161 62
3162 124
3163 248
3164 496
3165 1
3166 7
3167 71
3168 497
3169 1
3170 2
3171 3
3172 6
3173 83
3174 166
3175 249
3176 498
3177 1
3178 499
3179 1
3180 2
3181 4
3182 5
3183 10
3184 20
3185 25
3186 50
3187 100
3188 125
3189 250
3190 500
3191 1
3192 3
3193 167
3194 501
3195 1
3196 2
3197 251
3198 502
3199 1
3200 503
3201 1
3202 2
3203 3
3204 4
3205 6
3206 7
3207 8
3208 9
3209 12
3210 14
3211 18
3212 21
3213 24
3214 28
3215 36
3216 42
3217 56
3218 63
3219 72
3220 84
3221 126
3222 168
3223 252
3224 504
3225 1
3226 5
3227 101
3228 505
3229 1
3230 2
3231 11
3232 22
3233 23
3234 46
3235 253
3236 506
3237 1
3238 3
3239 13
3240 39
3241 169
3242 507
3243 1
3244 2
3245 4
3246 127
3247 254
3248 508
3249 1
3250 509
3251 1
3252 2
3253 3
3254 5
3255 6
3256 10
3257 15
3258 17
3259 30
3260 34
3261 51
3262 85
3263 102
3264 170
3265 255
3266 510
3267 1
3268 7
3269 73
3270 511
3271 1
3272 2
3273 4
3274 8
3275 16
3276 32
3277 64
3278 128
3279 256
3280 512
3281 1
3282 3
3283 9
3284 19
3285 27
3286 57
3287 171
3288 513
3289 1
3290 2
3291 257
3292 514
3293 1
3294 5
3295 103
3296 515
3297 1
3298 2
3299 3
3300 4
3301 6
3302 12
3303 43
3304 86
3305 129
3306 172
3307 258
3308 516
3309 1
3310 11
3311 47
3312 517
3313 1
3314 2
3315 7
3316 14
3317 37
3318 74
3319 259
3320 518
3321 1
3322 3
3323 173
3324 519
3325 1
3326 2
3327 4
3328 5
3329 8
3330 10
3331 13
3332 20
3333 26
3334 40
3335 52
3336 65
3337 104
3338 130
3339 260
3340 520
3341 1
3342 521
3343 1
3344 2
3345 3
3346 6
3347 9
3348 18
3349 29
3350 58
3351 87
3352 174
3353 261
3354 522
3355 1
3356 523
3357 1
3358 2
3359 4
3360 131
3361 262
3362 524
3363 1
3364 3
3365 5
3366 7
3367 15
3368 21
3369 25
3370 35
3371 75
3372 105
3373 175
3374 525
3375 1
3376 2
3377 263
3378 526
3379 1
3380 17
3381 31
3382 527
3383 1
3384 2
3385 3
3386 4
3387 6
3388 8
3389 11
3390 12
3391 16
3392 22
3393 24
3394 33
3395 44
3396 48
3397 66
3398 88
3399 132
3400 176
3401 264
3402 528
3403 1
3404 23
3405 529
3406 1
3407 2
3408 5
3409 10
3410 53
3411 106
3412 265
3413 530
3414 1
3415 3
3416 9
3417 59
3418 177
3419 531
3420 1
3421 2
3422 4
3423 7
3424 14
3425 19
3426 28
3427 38
3428 76
3429 133
3430 266
3431 532
3432 1
3433 13
3434 41
3435 533
3436 1
3437 2
3438 3
3439 6
3440 89
3441 178
3442 267
3443 534
3444 1
3445 5
3446 107
3447 535
3448 1
3449 2
3450 4
3451 8
3452 67
3453 134
3454 268
3455 536
3456 1
3457 3
3458 179
3459 537
3460 1
3461 2
3462 269
3463 538
3464 1
3465 7
3466 11
3467 49
3468 77
3469 539
3470 1
3471 2
3472 3
3473 4
3474 5
3475 6
3476 9
3477 10
3478 12
3479 15
3480 18
3481 20
3482 27
3483 30
3484 36
3485 45
3486 54
3487 60
3488 90
3489 108
3490 135
3491 180
3492 270
3493 540
3494 1
3495 541
3496 1
3497 2
3498 271
3499 542
3500 1
3501 3
3502 181
3503 543
3504 1
3505 2
3506 4
3507 8
3508 16
3509 17
3510 32
3511 34
3512 68
3513 136
3514 272
3515 544
3516 1
3517 5
3518 109
3519 545
3520 1
3521 2
3522 3
3523 6
3524 7
3525 13
3526 14
3527 21
3528 26
3529 39
3530 42
3531 78
3532 91
3533 182
3534 273
3535 546
3536 1
3537 547
3538 1
3539 2
3540 4
3541 137
3542 274
3543 548
3544 1
3545 3
3546 9
3547 61
3548 183
3549 549
3550 1
3551 2
3552 5
3553 10
3554 11
3555 22
3556 25
3557 50
3558 55
3559 110
3560 275
3561 550
3562 1
3563 19
3564 29
3565 551
3566 1
3567 2
3568 3
3569 4
3570 6
3571 8
3572 12
3573 23
3574 24
3575 46
3576 69
3577 92
3578 138
3579 184
3580 276
3581 552
3582 1
3583 7
3584 79
3585 553
3586 1
3587 2
3588 277
3589 554
3590 1
3591 3
3592 5
3593 15
3594 37
3595 111
3596 185
3597 555
3598 1
3599 2
3600 4
3601 139
3602 278
3603 556
3604 1
3605 557
3606 1
3607 2
3608 3
3609 6
3610 9
3611 18
3612 31
3613 62
3614 93
3615 186
3616 279
3617 558
3618 1
3619 13
3620 43
3621 559
3622 1
3623 2
3624 4
3625 5
3626 7
3627 8
3628 10
3629 14
3630 16
3631 20
3632 28
3633 35
3634 40
3635 56
3636 70
3637 80
3638 112
3639 140
3640 280
3641 560
3642 1
3643 3
3644 11
3645 17
3646 33
3647 51
3648 187
3649 561
3650 1
3651 2
3652 281
3653 562
3654 1
3655 563
3656 1
3657 2
3658 3
3659 4
3660 6
3661 12
3662 47
3663 94
3664 141
3665 188
3666 282
3667 564
3668 1
3669 5
3670 113
3671 565
3672 1
3673 2
3674 283
3675 566
3676 1
3677 3
3678 7
3679 9
3680 21
3681 27
3682 63
3683 81
3684 189
3685 567
3686 1
3687 2
3688 4
3689 8
3690 71
3691 142
3692 284
3693 568
3694 1
3695 569
3696 1
3697 2
3698 3
3699 5
3700 6
3701 10
3702 15
3703 19
3704 30
3705 38
3706 57
3707 95
3708 114
3709 190
3710 285
3711 570
3712 1
3713 571
3714 1
3715 2
3716 4
3717 11
3718 13
3719 22
3720 26
3721 44
3722 52
3723 143
3724 286
3725 572
3726 1
3727 3
3728 191
3729 573
3730 1
3731 2
3732 7
3733 14
3734 41
3735 82
3736 287
3737 574
3738 1
3739 5
3740 23
3741 25
3742 115
3743 575
3744 1
3745 2
3746 3
3747 4
3748 6
3749 8
3750 9
3751 12
3752 16
3753 18
3754 24
3755 32
3756 36
3757 48
3758 64
3759 72
3760 96
3761 144
3762 192
3763 288
3764 576
3765 1
3766 577
3767 1
3768 2
3769 17
3770 34
3771 289
3772 578
3773 1
3774 3
3775 193
3776 579
3777 1
3778 2
3779 4
3780 5
3781 10
3782 20
3783 29
3784 58
3785 116
3786 145
3787 290
3788 580
3789 1
3790 7
3791 83
3792 581
3793 1
3794 2
3795 3
3796 6
3797 97
3798 194
3799 291
3800 582
3801 1
3802 11
3803 53
3804 583
3805 1
3806 2
3807 4
3808 8
3809 73
3810 146
3811 292
3812 584
3813 1
3814 3
3815 5
3816 9
3817 13
3818 15
3819 39
3820 45
3821 65
3822 117
3823 195
3824 585
3825 1
3826 2
3827 293
3828 586
3829 1
3830 587
3831 1
3832 2
3833 3
3834 4
3835 6
3836 7
3837 12
3838 14
3839 21
3840 28
3841 42
3842 49
3843 84
3844 98
3845 147
3846 196
3847 294
3848 588
3849 1
3850 19
3851 31
3852 589
3853 1
3854 2
3855 5
3856 10
3857 59
3858 118
3859 295
3860 590
3861 1
3862 3
3863 197
3864 591
3865 1
3866 2
3867 4
3868 8
3869 16
3870 37
3871 74
3872 148
3873 296
3874 592
3875 1
3876 593
3877 1
3878 2
3879 3
3880 6
3881 9
3882 11
3883 18
3884 22
3885 27
3886 33
3887 54
3888 66
3889 99
3890 198
3891 297
3892 594
3893 1
3894 5
3895 7
3896 17
3897 35
3898 85
3899 119
3900 595
3901 1
3902 2
3903 4
3904 149
3905 298
3906 596
3907 1
3908 3
3909 199
3910 597
3911 1
3912 2
3913 13
3914 23
3915 26
3916 46
3917 299
3918 598
3919 1
3920 599
3921 1
3922 2
3923 3
3924 4
3925 5
3926 6
3927 8
3928 10
3929 12
3930 15
3931 20
3932 24
3933 25
3934 30
3935 40
3936 50
3937 60
3938 75
3939 100
3940 120
3941 150
3942 200
3943 300
3944 600
3945 1
3946 601
3947 1
3948 2
3949 7
3950 14
3951 43
3952 86
3953 301
3954 602
3955 1
3956 3
3957 9
3958 67
3959 201
3960 603
3961 1
3962 2
3963 4
3964 151
3965 302
3966 604
3967 1
3968 5
3969 11
3970 55
3971 121
3972 605
3973 1
3974 2
3975 3
3976 6
3977 101
3978 202
3979 303
3980 606
3981 1
3982 607
3983 1
3984 2
3985 4
3986 8
3987 16
3988 19
3989 32
3990 38
3991 76
3992 152
3993 304
3994 608
3995 1
3996 3
3997 7
3998 21
3999 29
4000 87
4001 203
4002 609
4003 1
4004 2
4005 5
4006 10
4007 61
4008 122
4009 305
4010 610
4011 1
4012 13
4013 47
4014 611
4015 1
4016 2
4017 3
4018 4
4019 6
4020 9
4021 12
4022 17
4023 18
4024 34
4025 36
4026 51
4027 68
4028 102
4029 153
4030 204
4031 306
4032 612
4033 1
4034 613
4035 1
4036 2
4037 307
4038 614
4039 1
4040 3
4041 5
4042 15
4043 41
4044 123
4045 205
4046 615
4047 1
4048 2
4049 4
4050 7
4051 8
4052 11
4053 14
4054 22
4055 28
4056 44
4057 56
4058 77
4059 88
4060 154
4061 308
4062 616
4063 1
4064 617
4065 1
4066 2
4067 3
4068 6
4069 103
4070 206
4071 309
4072 618
4073 1
4074 619
4075 1
4076 2
4077 4
4078 5
4079 10
4080 20
4081 31
4082 62
4083 124
4084 155
4085 310
4086 620
4087 1
4088 3
4089 9
4090 23
4091 27
4092 69
4093 207
4094 621
4095 1
4096 2
4097 311
4098 622
4099 1
4100 7
4101 89
4102 623
4103 1
4104 2
4105 3
4106 4
4107 6
4108 8
4109 12
4110 13
4111 16
4112 24
4113 26
4114 39
4115 48
4116 52
4117 78
4118 104
4119 156
4120 208
4121 312
4122 624
4123 1
4124 5
4125 25
4126 125
4127 625
4128 1
4129 2
4130 313
4131 626
4132 1
4133 3
4134 11
4135 19
4136 33
4137 57
4138 209
4139 627
4140 1
4141 2
4142 4
4143 157
4144 314
4145 628
4146 1
4147 17
4148 37
4149 629
4150 1
4151 2
4152 3
4153 5
4154 6
4155 7
4156 9
4157 10
4158 14
4159 15
4160 18
4161 21
4162 30
4163 35
4164 42
4165 45
4166 63
4167 70
4168 90
4169 105
4170 126
4171 210
4172 315
4173 630
4174 1
4175 631
4176 1
4177 2
4178 4
4179 8
4180 79
4181 158
4182 316
4183 632
4184 1
4185 3
4186 211
4187 633
4188 1
4189 2
4190 317
4191 634
4192 1
4193 5
4194 127
4195 635
4196 1
4197 2
4198 3
4199 4
4200 6
4201 12
4202 53
4203 106
4204 159
4205 212
4206 318
4207 636
4208 1
4209 7
4210 13
4211 49
4212 91
4213 637
4214 1
4215 2
4216 11
4217 22
4218 29
4219 58
4220 319
4221 638
4222 1
4223 3
4224 9
4225 71
4226 213
4227 639
4228 1
4229 2
4230 4
4231 5
4232 8
4233 10
4234 16
4235 20
4236 32
4237 40
4238 64
4239 80
4240 128
4241 160
4242 320
4243 640
4244 1
4245 641
4246 1
4247 2
4248 3
4249 6
4250 107
4251 214
4252 321
4253 642
4254 1
4255 643
4256 1
4257 2
4258 4
4259 7
4260 14
4261 23
4262 28
4263 46
4264 92
4265 161
4266 322
4267 644
4268 1
4269 3
4270 5
4271 15
4272 43
4273 129
4274 215
4275 645
4276 1
4277 2
4278 17
4279 19
4280 34
4281 38
4282 323
4283 646
4284 1
4285 647
4286 1
4287 2
4288 3
4289 4
4290 6
4291 8
4292 9
4293 12
4294 18
4295 24
4296 27
4297 36
4298 54
4299 72
4300 81
4301 108
4302 162
4303 216
4304 324
4305 648
4306 1
4307 11
4308 59
4309 649
4310 1
4311 2
4312 5
4313 10
4314 13
4315 25
4316 26
4317 50
4318 65
4319 130
4320 325
4321 650
4322 1
4323 3
4324 7
4325 21
4326 31
4327 93
4328 217
4329 651
4330 1
4331 2
4332 4
4333 163
4334 326
4335 652
4336 1
4337 653
4338 1
4339 2
4340 3
4341 6
4342 109
4343 218
4344 327
4345 654
4346 1
4347 5
4348 131
4349 655
4350 1
4351 2
4352 4
4353 8
4354 16
4355 41
4356 82
4357 164
4358 328
4359 656
4360 1
4361 3
4362 9
4363 73
4364 219
4365 657
4366 1
4367 2
4368 7
4369 14
4370 47
4371 94
4372 329
4373 658
4374 1
4375 659
4376 1
4377 2
4378 3
4379 4
4380 5
4381 6
4382 10
4383 11
4384 12
4385 15
4386 20
4387 22
4388 30
4389 33
4390 44
4391 55
4392 60
4393 66
4394 110
4395 132
4396 165
4397 220
4398 330
4399 660
4400 1
4401 661
4402 1
4403 2
4404 331
4405 662
4406 1
4407 3
4408 13
4409 17
4410 39
4411 51
4412 221
4413 663
4414 1
4415 2
4416 4
4417 8
4418 83
4419 166
4420 332
4421 664
4422 1
4423 5
4424 7
4425 19
4426 35
4427 95
4428 133
4429 665
4430 1
4431 2
4432 3
4433 6
4434 9
4435 18
4436 37
4437 74
4438 111
4439 222
4440 333
4441 666
4442 1
4443 23
4444 29
4445 667
4446 1
4447 2
4448 4
4449 167
4450 334
4451 668
4452 1
4453 3
4454 223
4455 669
4456 1
4457 2
4458 5
4459 10
4460 67
4461 134
4462 335
4463 670
4464 1
4465 11
4466 61
4467 671
4468 1
4469 2
4470 3
4471 4
4472 6
4473 7
4474 8
4475 12
4476 14
4477 16
4478 21
4479 24
4480 28
4481 32
4482 42
4483 48
4484 56
4485 84
4486 96
4487 112
4488 168
4489 224
4490 336
4491 672
4492 1
4493 673
4494 1
4495 2
4496 337
4497 674
4498 1
4499 3
4500 5
4501 9
4502 15
4503 25
4504 27
4505 45
4506 75
4507 135
4508 225
4509 675
4510 1
4511 2
4512 4
4513 13
4514 26
4515 52
4516 169
4517 338
4518 676
4519 1
4520 677
4521 1
4522 2
4523 3
4524 6
4525 113
4526 226
4527 339
4528 678
4529 1
4530 7
4531 97
4532 679
4533 1
4534 2
4535 4
4536 5
4537 8
4538 10
4539 17
4540 20
4541 34
4542 40
4543 68
4544 85
4545 136
4546 170
4547 340
4548 680
4549 1
4550 3
4551 227
4552 681
4553 1
4554 2
4555 11
4556 22
4557 31
4558 62
4559 341
4560 682
4561 1
4562 683
4563 1
4564 2
4565 3
4566 4
4567 6
4568 9
4569 12
4570 18
4571 19
4572 36
4573 38
4574 57
4575 76
4576 114
4577 171
4578 228
4579 342
4580 684
4581 1
4582 5
4583 137
4584 685
4585 1
4586 2
4587 7
4588 14
4589 49
4590 98
4591 343
4592 686
4593 1
4594 3
4595 229
4596 687
4597 1
4598 2
4599 4
4600 8
4601 16
4602 43
4603 86
4604 172
4605 344
4606 688
4607 1
4608 13
4609 53
4610 689
4611 1
4612 2
4613 3
4614 5
4615 6
4616 10
4617 15
4618 23
4619 30
4620 46
4621 69
4622 115
4623 138
4624 230
4625 345
4626 690
4627 1
4628 691
4629 1
4630 2
4631 4
4632 173
4633 346
4634 692
4635 1
4636 3
4637 7
4638 9
4639 11
4640 21
4641 33
4642 63
4643 77
4644 99
4645 231
4646 693
4647 1
4648 2
4649 347
4650 694
4651 1
4652 5
4653 139
4654 695
4655 1
4656 2
4657 3
4658 4
4659 6
4660 8
4661 12
4662 24
4663 29
4664 58
4665 87
4666 116
4667 174
4668 232
4669 348
4670 696
4671 1
4672 17
4673 41
4674 697
4675 1
4676 2
4677 349
4678 698
4679 1
4680 3
4681 233
4682 699
4683 1
4684 2
4685 4
4686 5
4687 7
4688 10
4689 14
4690 20
4691 25
4692 28
4693 35
4694 50
4695 70
4696 100
4697 140
4698 175
4699 350
4700 700
4701 1
4702 701
4703 1
4704 2
4705 3
4706 6
4707 9
4708 13
4709 18
4710 26
4711 27
4712 39
4713 54
4714 78
4715 117
4716 234
4717 351
4718 702
4719 1
4720 19
4721 37
4722 703
4723 1
4724 2
4725 4
4726 8
4727 11
4728 16
4729 22
4730 32
4731 44
4732 64
4733 88
4734 176
4735 352
4736 704
4737 1
4738 3
4739 5
4740 15
4741 47
4742 141
4743 235
4744 705
4745 1
4746 2
4747 353
4748 706
4749 1
4750 7
4751 101
4752 707
4753 1
4754 2
4755 3
4756 4
4757 6
4758 12
4759 59
4760 118
4761 177
4762 236
4763 354
4764 708
4765 1
4766 709
4767 1
4768 2
4769 5
4770 10
4771 71
4772 142
4773 355
4774 710
4775 1
4776 3
4777 9
4778 79
4779 237
4780 711
4781 1
4782 2
4783 4
4784 8
4785 89
4786 178
4787 356
4788 712
4789 1
4790 23
4791 31
4792 713
4793 1
4794 2
4795 3
4796 6
4797 7
4798 14
4799 17
4800 21
4801 34
4802 42
4803 51
4804 102
4805 119
4806 238
4807 357
4808 714
4809 1
4810 5
4811 11
4812 13
4813 55
4814 65
4815 143
4816 715
4817 1
4818 2
4819 4
4820 179
4821 358
4822 716
4823 1
4824 3
4825 239
4826 717
4827 1
4828 2
4829 359
4830 718
4831 1
4832 719
4833 1
4834 2
4835 3
4836 4
4837 5
4838 6
4839 8
4840 9
4841 10
4842 12
4843 15
4844 16
4845 18
4846 20
4847 24
4848 30
4849 36
4850 40
4851 45
4852 48
4853 60
4854 72
4855 80
4856 90
4857 120
4858 144
4859 180
4860 240
4861 360
4862 720
4863 1
4864 7
4865 103
4866 721
4867 1
4868 2
4869 19
4870 38
4871 361
4872 722
4873 1
4874 3
4875 241
4876 723
4877 1
4878 2
4879 4
4880 181
4881 362
4882 724
4883 1
4884 5
4885 25
4886 29
4887 145
4888 725
4889 1
4890 2
4891 3
4892 6
4893 11
4894 22
4895 33
4896 66
4897 121
4898 242
4899 363
4900 726
4901 1
4902 727
4903 1
4904 2
4905 4
4906 7
4907 8
4908 13
4909 14
4910 26
4911 28
4912 52
4913 56
4914 91
4915 104
4916 182
4917 364
4918 728
4919 1
4920 3
4921 9
4922 27
4923 81
4924 243
4925 729
4926 1
4927 2
4928 5
4929 10
4930 73
4931 146
4932 365
4933 730
4934 1
4935 17
4936 43
4937 731
4938 1
4939 2
4940 3
4941 4
4942 6
4943 12
4944 61
4945 122
4946 183
4947 244
4948 366
4949 732
4950 1
4951 733
4952 1
4953 2
4954 367
4955 734
4956 1
4957 3
4958 5
4959 7
4960 15
4961 21
4962 35
4963 49
4964 105
4965 147
4966 245
4967 735
4968 1
4969 2
4970 4
4971 8
4972 16
4973 23
4974 32
4975 46
4976 92
4977 184
4978 368
4979 736
4980 1
4981 11
4982 67
4983 737
4984 1
4985 2
4986 3
4987 6
4988 9
4989 18
4990 41
4991 82
4992 123
4993 246
4994 369
4995 738
4996 1
4997 739
4998 1
4999 2
5000 4
5001 5
5002 10
5003 20
5004 37
5005 74
5006 148
5007 185
5008 370
5009 740
5010 1
5011 3
5012 13
5013 19
5014 39
5015 57
5016 247
5017 741
5018 1
5019 2
5020 7
5021 14
5022 53
5023 106
5024 371
5025 742
5026 1
5027 743
5028 1
5029 2
5030 3
5031 4
5032 6
5033 8
5034 12
5035 24
5036 31
5037 62
5038 93
5039 124
5040 186
5041 248
5042 372
5043 744
5044 1
5045 5
5046 149
5047 745
5048 1
5049 2
5050 373
5051 746
5052 1
5053 3
5054 9
5055 83
5056 249
5057 747
5058 1
5059 2
5060 4
5061 11
5062 17
5063 22
5064 34
5065 44
5066 68
5067 187
5068 374
5069 748
5070 1
5071 7
5072 107
5073 749
5074 1
5075 2
5076 3
5077 5
5078 6
5079 10
5080 15
5081 25
5082 30
5083 50
5084 75
5085 125
5086 150
5087 250
5088 375
5089 750
5090 1
5091 751
5092 1
5093 2
5094 4
5095 8
5096 16
5097 47
5098 94
5099 188
5100 376
5101 752
5102 1
5103 3
5104 251
5105 753
5106 1
5107 2
5108 13
5109 26
5110 29
5111 58
5112 377
5113 754
5114 1
5115 5
5116 151
5117 755
5118 1
5119 2
5120 3
5121 4
5122 6
5123 7
5124 9
5125 12
5126 14
5127 18
5128 21
5129 27
5130 28
5131 36
5132 42
5133 54
5134 63
5135 84
5136 108
5137 126
5138 189
5139 252
5140 378
5141 756
5142 1
5143 757
5144 1
5145 2
5146 379
5147 758
5148 1
5149 3
5150 11
5151 23
5152 33
5153 69
5154 253
5155 759
5156 1
5157 2
5158 4
5159 5
5160 8
5161 10
5162 19
5163 20
5164 38
5165 40
5166 76
5167 95
5168 152
5169 190
5170 380
5171 760
5172 1
5173 761
5174 1
5175 2
5176 3
5177 6
5178 127
5179 254
5180 381
5181 762
5182 1
5183 7
5184 109
5185 763
5186 1
5187 2
5188 4
5189 191
5190 382
5191 764
5192 1
5193 3
5194 5
5195 9
5196 15
5197 17
5198 45
5199 51
5200 85
5201 153
5202 255
5203 765
5204 1
5205 2
5206 383
5207 766
5208 1
5209 13
5210 59
5211 767
5212 1
5213 2
5214 3
5215 4
5216 6
5217 8
5218 12
5219 16
5220 24
5221 32
5222 48
5223 64
5224 96
5225 128
5226 192
5227 256
5228 384
5229 768
5230 1
5231 769
5232 1
5233 2
5234 5
5235 7
5236 10
5237 11
5238 14
5239 22
5240 35
5241 55
5242 70
5243 77
5244 110
5245 154
5246 385
5247 770
5248 1
5249 3
5250 257
5251 771
5252 1
5253 2
5254 4
5255 193
5256 386
5257 772
5258 1
5259 773
5260 1
5261 2
5262 3
5263 6
5264 9
5265 18
5266 43
5267 86
5268 129
5269 258
5270 387
5271 774
5272 1
5273 5
5274 25
5275 31
5276 155
5277 775
5278 1
5279 2
5280 4
5281 8
5282 97
5283 194
5284 388
5285 776
5286 1
5287 3
5288 7
5289 21
5290 37
5291 111
5292 259
5293 777
5294 1
5295 2
5296 389
5297 778
5298 1
5299 19
5300 41
5301 779
5302 1
5303 2
5304 3
5305 4
5306 5
5307 6
5308 10
5309 12
5310 13
5311 15
5312 20
5313 26
5314 30
5315 39
5316 52
5317 60
5318 65
5319 78
5320 130
5321 156
5322 195
5323 260
5324 390
5325 780
5326 1
5327 11
5328 71
5329 781
5330 1
5331 2
5332 17
5333 23
5334 34
5335 46
5336 391
5337 782
5338 1
5339 3
5340 9
5341 27
5342 29
5343 87
5344 261
5345 783
5346 1
5347 2
5348 4
5349 7
5350 8
5351 14
5352 16
5353 28
5354 49
5355 56
5356 98
5357 112
5358 196
5359 392
5360 784
5361 1
5362 5
5363 157
5364 785
5365 1
5366 2
5367 3
5368 6
5369 131
5370 262
5371 393
5372 786
5373 1
5374 787
5375 1
5376 2
5377 4
5378 197
5379 394
5380 788
5381 1
5382 3
5383 263
5384 789
5385 1
5386 2
5387 5
5388 10
5389 79
5390 158
5391 395
5392 790
5393 1
5394 7
5395 113
5396 791
5397 1
5398 2
5399 3
5400 4
5401 6
5402 8
5403 9
5404 11
5405 12
5406 18
5407 22
5408 24
5409 33
5410 36
5411 44
5412 66
5413 72
5414 88
5415 99
5416 132
5417 198
5418 264
5419 396
5420 792
5421 1
5422 13
5423 61
5424 793
5425 1
5426 2
5427 397
5428 794
5429 1
5430 3
5431 5
5432 15
5433 53
5434 159
5435 265
5436 795
5437 1
5438 2
5439 4
5440 199
5441 398
5442 796
5443 1
5444 797
5445 1
5446 2
5447 3
5448 6
5449 7
5450 14
5451 19
5452 21
5453 38
5454 42
5455 57
5456 114
5457 133
5458 266
5459 399
5460 798
5461 1
5462 17
5463 47
5464 799
5465 1
5466 2
5467 4
5468 5
5469 8
5470 10
5471 16
5472 20
5473 25
5474 32
5475 40
5476 50
5477 80
5478 100
5479 160
5480 200
5481 400
5482 800
5483 1
5484 3
5485 9
5486 89
5487 267
5488 801
5489 1
5490 2
5491 401
5492 802
5493 1
5494 11
5495 73
5496 803
5497 1
5498 2
5499 3
5500 4
5501 6
5502 12
5503 67
5504 134
5505 201
5506 268
5507 402
5508 804
5509 1
5510 5
5511 7
5512 23
5513 35
5514 115
5515 161
5516 805
5517 1
5518 2
5519 13
5520 26
5521 31
5522 62
5523 403
5524 806
5525 1
5526 3
5527 269
5528 807
5529 1
5530 2
5531 4
5532 8
5533 101
5534 202
5535 404
5536 808
5537 1
5538 809
5539 1
5540 2
5541 3
5542 5
5543 6
5544 9
5545 10
5546 15
5547 18
5548 27
5549 30
5550 45
5551 54
5552 81
5553 90
5554 135
5555 162
5556 270
5557 405
5558 810
5559 1
5560 811
5561 1
5562 2
5563 4
5564 7
5565 14
5566 28
5567 29
5568 58
5569 116
5570 203
5571 406
5572 812
5573 1
5574 3
5575 271
5576 813
5577 1
5578 2
5579 11
5580 22
5581 37
5582 74
5583 407
5584 814
5585 1
5586 5
5587 163
5588 815
5589 1
5590 2
5591 3
5592 4
5593 6
5594 8
5595 12
5596 16
5597 17
5598 24
5599 34
5600 48
5601 51
5602 68
5603 102
5604 136
5605 204
5606 272
5607 408
5608 816
5609 1
5610 19
5611 43
5612 817
5613 1
5614 2
5615 409
5616 818
5617 1
5618 3
5619 7
5620 9
5621 13
5622 21
5623 39
5624 63
5625 91
5626 117
5627 273
5628 819
5629 1
5630 2
5631 4
5632 5
5633 10
5634 20
5635 41
5636 82
5637 164
5638 205
5639 410
5640 820
5641 1
5642 821
5643 1
5644 2
5645 3
5646 6
5647 137
5648 274
5649 411
5650 822
5651 1
5652 823
5653 1
5654 2
5655 4
5656 8
5657 103
5658 206
5659 412
5660 824
5661 1
5662 3
5663 5
5664 11
5665 15
5666 25
5667 33
5668 55
5669 75
5670 165
5671 275
5672 825
5673 1
5674 2
5675 7
5676 14
5677 59
5678 118
5679 413
5680 826
5681 1
5682 827
5683 1
5684 2
5685 3
5686 4
5687 6
5688 9
5689 12
5690 18
5691 23
5692 36
5693 46
5694 69
5695 92
5696 138
5697 207
5698 276
5699 414
5700 828
5701 1
5702 829
5703 1
5704 2
5705 5
5706 10
5707 83
5708 166
5709 415
5710 830
5711 1
5712 3
5713 277
5714 831
5715 1
5716 2
5717 4
5718 8
5719 13
5720 16
5721 26
5722 32
5723 52
5724 64
5725 104
5726 208
5727 416
5728 832
5729 1
5730 7
5731 17
5732 49
5733 119
5734 833
5735 1
5736 2
5737 3
5738 6
5739 139
5740 278
5741 417
5742 834
5743 1
5744 5
5745 167
5746 835
5747 1
5748 2
5749 4
5750 11
5751 19
5752 22
5753 38
5754 44
5755 76
5756 209
5757 418
5758 836
5759 1
5760 3
5761 9
5762 27
5763 31
5764 93
5765 279
5766 837
5767 1
5768 2
5769 419
5770 838
5771 1
5772 839
5773 1
5774 2
5775 3
5776 4
5777 5
5778 6
5779 7
5780 8
5781 10
5782 12
5783 14
5784 15
5785 20
5786 21
5787 24
5788 28
5789 30
5790 35
5791 40
5792 42
5793 56
5794 60
5795 70
5796 84
5797 105
5798 120
5799 140
5800 168
5801 210
5802 280
5803 420
5804 840
5805 1
5806 29
5807 841
5808 1
5809 2
5810 421
5811 842
5812 1
5813 3
5814 281
5815 843
5816 1
5817 2
5818 4
5819 211
5820 422
5821 844
5822 1
5823 5
5824 13
5825 65
5826 169
5827 845
5828 1
5829 2
5830 3
5831 6
5832 9
5833 18
5834 47
5835 94
5836 141
5837 282
5838 423
5839 846
5840 1
5841 7
5842 11
5843 77
5844 121
5845 847
5846 1
5847 2
5848 4
5849 8
5850 16
5851 53
5852 106
5853 212
5854 424
5855 848
5856 1
5857 3
5858 283
5859 849
5860 1
5861 2
5862 5
5863 10
5864 17
5865 25
5866 34
5867 50
5868 85
5869 170
5870 425
5871 850
5872 1
5873 23
5874 37
5875 851
5876 1
5877 2
5878 3
5879 4
5880 6
5881 12
5882 71
5883 142
5884 213
5885 284
5886 426
5887 852
5888 1
5889 853
5890 1
5891 2
5892 7
5893 14
5894 61
5895 122
5896 427
5897 854
5898 1
5899 3
5900 5
5901 9
5902 15
5903 19
5904 45
5905 57
5906 95
5907 171
5908 285
5909 855
5910 1
5911 2
5912 4
5913 8
5914 107
5915 214
5916 428
5917 856
5918 1
5919 857
5920 1
5921 2
5922 3
5923 6
5924 11
5925 13
5926 22
5927 26
5928 33
5929 39
5930 66
5931 78
5932 143
5933 286
5934 429
5935 858
5936 1
5937 859
5938 1
5939 2
5940 4
5941 5
5942 10
5943 20
5944 43
5945 86
5946 172
5947 215
5948 430
5949 860
5950 1
5951 3
5952 7
5953 21
5954 41
5955 123
5956 287
5957 861
5958 1
5959 2
5960 431
5961 862
5962 1
5963 863
5964 1
5965 2
5966 3
5967 4
5968 6
5969 8
5970 9
5971 12
5972 16
5973 18
5974 24
5975 27
5976 32
5977 36
5978 48
5979 54
5980 72
5981 96
5982 108
5983 144
5984 216
5985 288
5986 432
5987 864
5988 1
5989 5
5990 173
5991 865
5992 1
5993 2
5994 433
5995 866
5996 1
5997 3
5998 17
5999 51
6000 289
6001 867
6002 1
6003 2
6004 4
6005 7
6006 14
6007 28
6008 31
6009 62
6010 124
6011 217
6012 434
6013 868
6014 1
6015 11
6016 79
6017 869
6018 1
6019 2
6020 3
6021 5
6022 6
6023 10
6024 15
6025 29
6026 30
6027 58
6028 87
6029 145
6030 174
6031 290
6032 435
6033 870
6034 1
6035 13
6036 67
6037 871
6038 1
6039 2
6040 4
6041 8
6042 109
6043 218
6044 436
6045 872
6046 1
6047 3
6048 9
6049 97
6050 291
6051 873
6052 1
6053 2
6054 19
6055 23
6056 38
6057 46
6058 437
6059 874
6060 1
6061 5
6062 7
6063 25
6064 35
6065 125
6066 175
6067 875
6068 1
6069 2
6070 3
6071 4
6072 6
6073 12
6074 73
6075 146
6076 219
6077 292
6078 438
6079 876
6080 1
6081 877
6082 1
6083 2
6084 439
6085 878
6086 1
6087 3
6088 293
6089 879
6090 1
6091 2
6092 4
6093 5
6094 8
6095 10
6096 11
6097 16
6098 20
6099 22
6100 40
6101 44
6102 55
6103 80
6104 88
6105 110
6106 176
6107 220
6108 440
6109 880
6110 1
6111 881
6112 1
6113 2
6114 3
6115 6
6116 7
6117 9
6118 14
6119 18
6120 21
6121 42
6122 49
6123 63
6124 98
6125 126
6126 147
6127 294
6128 441
6129 882
6130 1
6131 883
6132 1
6133 2
6134 4
6135 13
6136 17
6137 26
6138 34
6139 52
6140 68
6141 221
6142 442
6143 884
6144 1
6145 3
6146 5
6147 15
6148 59
6149 177
6150 295
6151 885
6152 1
6153 2
6154 443
6155 886
6156 1
6157 887
6158 1
6159 2
6160 3
6161 4
6162 6
6163 8
6164 12
6165 24
6166 37
6167 74
6168 111
6169 148
6170 222
6171 296
6172 444
6173 888
6174 1
6175 7
6176 127
6177 889
6178 1
6179 2
6180 5
6181 10
6182 89
6183 178
6184 445
6185 890
6186 1
6187 3
6188 9
6189 11
6190 27
6191 33
6192 81
6193 99
6194 297
6195 891
6196 1
6197 2
6198 4
6199 223
6200 446
6201 892
6202 1
6203 19
6204 47
6205 893
6206 1
6207 2
6208 3
6209 6
6210 149
6211 298
6212 447
6213 894
6214 1
6215 5
6216 179
6217 895
6218 1
6219 2
6220 4
6221 7
6222 8
6223 14
6224 16
6225 28
6226 32
6227 56
6228 64
6229 112
6230 128
6231 224
6232 448
6233 896
6234 1
6235 3
6236 13
6237 23
6238 39
6239 69
6240 299
6241 897
6242 1
6243 2
6244 449
6245 898
6246 1
6247 29
6248 31
6249 899
6250 1
6251 2
6252 3
6253 4
6254 5
6255 6
6256 9
6257 10
6258 12
6259 15
6260 18
6261 20
6262 25
6263 30
6264 36
6265 45
6266 50
6267 60
6268 75
6269 90
6270 100
6271 150
6272 180
6273 225
6274 300
6275 450
6276 900
6277 1
6278 17
6279 53
6280 901
6281 1
6282 2
6283 11
6284 22
6285 41
6286 82
6287 451
6288 902
6289 1
6290 3
6291 7
6292 21
6293 43
6294 129
6295 301
6296 903
6297 1
6298 2
6299 4
6300 8
6301 113
6302 226
6303 452
6304 904
6305 1
6306 5
6307 181
6308 905
6309 1
6310 2
6311 3
6312 6
6313 151
6314 302
6315 453
6316 906
6317 1
6318 907
6319 1
6320 2
6321 4
6322 227
6323 454
6324 908
6325 1
6326 3
6327 9
6328 101
6329 303
6330 909
6331 1
6332 2
6333 5
6334 7
6335 10
6336 13
6337 14
6338 26
6339 35
6340 65
6341 70
6342 91
6343 130
6344 182
6345 455
6346 910
6347 1
6348 911
6349 1
6350 2
6351 3
6352 4
6353 6
6354 8
6355 12
6356 16
6357 19
6358 24
6359 38
6360 48
6361 57
6362 76
6363 114
6364 152
6365 228
6366 304
6367 456
6368 912
6369 1
6370 11
6371 83
6372 913
6373 1
6374 2
6375 457
6376 914
6377 1
6378 3
6379 5
6380 15
6381 61
6382 183
6383 305
6384 915
6385 1
6386 2
6387 4
6388 229
6389 458
6390 916
6391 1
6392 7
6393 131
6394 917
6395 1
6396 2
6397 3
6398 6
6399 9
6400 17
6401 18
6402 27
6403 34
6404 51
6405 54
6406 102
6407 153
6408 306
6409 459
6410 918
6411 1
6412 919
6413 1
6414 2
6415 4
6416 5
6417 8
6418 10
6419 20
6420 23
6421 40
6422 46
6423 92
6424 115
6425 184
6426 230
6427 460
6428 920
6429 1
6430 3
6431 307
6432 921
6433 1
6434 2
6435 461
6436 922
6437 1
6438 13
6439 71
6440 923
6441 1
6442 2
6443 3
6444 4
6445 6
6446 7
6447 11
6448 12
6449 14
6450 21
6451 22
6452 28
6453 33
6454 42
6455 44
6456 66
6457 77
6458 84
6459 132
6460 154
6461 231
6462 308
6463 462
6464 924
6465 1
6466 5
6467 25
6468 37
6469 185
6470 925
6471 1
6472 2
6473 463
6474 926
6475 1
6476 3
6477 9
6478 103
6479 309
6480 927
6481 1
6482 2
6483 4
6484 8
6485 16
6486 29
6487 32
6488 58
6489 116
6490 232
6491 464
6492 928
6493 1
6494 929
6495 1
6496 2
6497 3
6498 5
6499 6
6500 10
6501 15
6502 30
6503 31
6504 62
6505 93
6506 155
6507 186
6508 310
6509 465
6510 930
6511 1
6512 7
6513 19
6514 49
6515 133
6516 931
6517 1
6518 2
6519 4
6520 233
6521 466
6522 932
6523 1
6524 3
6525 311
6526 933
6527 1
6528 2
6529 467
6530 934
6531 1
6532 5
6533 11
6534 17
6535 55
6536 85
6537 187
6538 935
6539 1
6540 2
6541 3
6542 4
6543 6
6544 8
6545 9
6546 12
6547 13
6548 18
6549 24
6550 26
6551 36
6552 39
6553 52
6554 72
6555 78
6556 104
6557 117
6558 156
6559 234
6560 312
6561 468
6562 936
6563 1
6564 937
6565 1
6566 2
6567 7
6568 14
6569 67
6570 134
6571 469
6572 938
6573 1
6574 3
6575 313
6576 939
6577 1
6578 2
6579 4
6580 5
6581 10
6582 20
6583 47
6584 94
6585 188
6586 235
6587 470
6588 940
6589 1
6590 941
6591 1
6592 2
6593 3
6594 6
6595 157
6596 314
6597 471
6598 942
6599 1
6600 23
6601 41
6602 943
6603 1
6604 2
6605 4
6606 8
6607 16
6608 59
6609 118
6610 236
6611 472
6612 944
6613 1
6614 3
6615 5
6616 7
6617 9
6618 15
6619 21
6620 27
6621 35
6622 45
6623 63
6624 105
6625 135
6626 189
6627 315
6628 945
6629 1
6630 2
6631 11
6632 22
6633 43
6634 86
6635 473
6636 946
6637 1
6638 947
6639 1
6640 2
6641 3
6642 4
6643 6
6644 12
6645 79
6646 158
6647 237
6648 316
6649 474
6650 948
6651 1
6652 13
6653 73
6654 949
6655 1
6656 2
6657 5
6658 10
6659 19
6660 25
6661 38
6662 50
6663 95
6664 190
6665 475
6666 950
6667 1
6668 3
6669 317
6670 951
6671 1
6672 2
6673 4
6674 7
6675 8
6676 14
6677 17
6678 28
6679 34
6680 56
6681 68
6682 119
6683 136
6684 238
6685 476
6686 952
6687 1
6688 953
6689 1
6690 2
6691 3
6692 6
6693 9
6694 18
6695 53
6696 106
6697 159
6698 318
6699 477
6700 954
6701 1
6702 5
6703 191
6704 955
6705 1
6706 2
6707 4
6708 239
6709 478
6710 956
6711 1
6712 3
6713 11
6714 29
6715 33
6716 87
6717 319
6718 957
6719 1
6720 2
6721 479
6722 958
6723 1
6724 7
6725 137
6726 959
6727 1
6728 2
6729 3
6730 4
6731 5
6732 6
6733 8
6734 10
6735 12
6736 15
6737 16
6738 20
6739 24
6740 30
6741 32
6742 40
6743 48
6744 60
6745 64
6746 80
6747 96
6748 120
6749 160
6750 192
6751 240
6752 320
6753 480
6754 960
6755 1
6756 31
6757 961
6758 1
6759 2
6760 13
6761 26
6762 37
6763 74
6764 481
6765 962
6766 1
6767 3
6768 9
6769 107
6770 321
6771 963
6772 1
6773 2
6774 4
6775 241
6776 482
6777 964
6778 1
6779 5
6780 193
6781 965
6782 1
6783 2
6784 3
6785 6
6786 7
6787 14
6788 21
6789 23
6790 42
6791 46
6792 69
6793 138
6794 161
6795 322
6796 483
6797 966
6798 1
6799 967
6800 1
6801 2
6802 4
6803 8
6804 11
6805 22
6806 44
6807 88
6808 121
6809 242
6810 484
6811 968
6812 1
6813 3
6814 17
6815 19
6816 51
6817 57
6818 323
6819 969
6820 1
6821 2
6822 5
6823 10
6824 97
6825 194
6826 485
6827 970
6828 1
6829 971
6830 1
6831 2
6832 3
6833 4
6834 6
6835 9
6836 12
6837 18
6838 27
6839 36
6840 54
6841 81
6842 108
6843 162
6844 243
6845 324
6846 486
6847 972
6848 1
6849 7
6850 139
6851 973
6852 1
6853 2
6854 487
6855 974
6856 1
6857 3
6858 5
6859 13
6860 15
6861 25
6862 39
6863 65
6864 75
6865 195
6866 325
6867 975
6868 1
6869 2
6870 4
6871 8
6872 16
6873 61
6874 122
6875 244
6876 488
6877 976
6878 1
6879 977
6880 1
6881 2
6882 3
6883 6
6884 163
6885 326
6886 489
6887 978
6888 1
6889 11
6890 89
6891 979
6892 1
6893 2
6894 4
6895 5
6896 7
6897 10
6898 14
6899 20
6900 28
6901 35
6902 49
6903 70
6904 98
6905 140
6906 196
6907 245
6908 490
6909 980
6910 1
6911 3
6912 9
6913 109
6914 327
6915 981
6916 1
6917 2
6918 491
6919 982
6920 1
6921 983
6922 1
6923 2
6924 3
6925 4
6926 6
6927 8
6928 12
6929 24
6930 41
6931 82
6932 123
6933 164
6934 246
6935 328
6936 492
6937 984
6938 1
6939 5
6940 197
6941 985
6942 1
6943 2
6944 17
6945 29
6946 34
6947 58
6948 493
6949 986
6950 1
6951 3
6952 7
6953 21
6954 47
6955 141
6956 329
6957 987
6958 1
6959 2
6960 4
6961 13
6962 19
6963 26
6964 38
6965 52
6966 76
6967 247
6968 494
6969 988
6970 1
6971 23
6972 43
6973 989
6974 1
6975 2
6976 3
6977 5
6978 6
6979 9
6980 10
6981 11
6982 15
6983 18
6984 22
6985 30
6986 33
6987 45
6988 55
6989 66
6990 90
6991 99
6992 110
6993 165
6994 198
6995 330
6996 495
6997 990
6998 1
6999 991
7000 1
7001 2
7002 4
7003 8
7004 16
7005 31
7006 32
7007 62
7008 124
7009 248
7010 496
7011 992
7012 1
7013 3
7014 331
7015 993
7016 1
7017 2
7018 7
7019 14
7020 71
7021 142
7022 497
7023 994
7024 1
7025 5
7026 199
7027 995
7028 1
7029 2
7030 3
7031 4
7032 6
7033 12
7034 83
7035 166
7036 249
7037 332
7038 498
7039 996
7040 1
7041 997
7042 1
7043 2
7044 499
7045 998
7046 1
7047 3
7048 9
7049 27
7050 37
7051 111
7052 333
7053 999
7054 1
7055 2
7056 4
7057 5
7058 8
7059 10
7060 20
7061 25
7062 40
7063 50
7064 100
7065 125
7066 200
7067 250
7068 500
7069 1000







