0 0
1 1
2 1
3 3
4 1
5 5
6 3
7 7
8 1
9 9
10 5
11 13
12 3
13 11
14 7
15 15
16 1
17 17
18 9
19 25
20 5
21 21
22 13
23 29
24 3
25 19
26 11
27 27
28 7
29 23
30 15
31 31
32 1
33 33
34 17
35 49
36 9
37 41
38 25
39 57
40 5
41 37
42 21
43 53
44 13
45 45
46 29
47 61
48 3
49 35
50 19
51 51
52 11
53 43
54 27
55 59
56 7
57 39
58 23
59 55
60 15
61 47
62 31
63 63
64 1
65 65
66 33
67 97
68 17
69 81
70 49
71 113
72 9
73 73
74 41
75 105
76 25
77 89
78 57
79 121
80 5
81 69
82 37
83 101
84 21
85 85
86 53
87 117
88 13
89 77
90 45
91 109
92 29
93 93
94 61
95 125
96 3
97 67
98 35
99 99
100 19
101 83
102 51
103 115
104 11
105 75
106 43
107 107
108 27
109 91
110 59
111 123
112 7
113 71
114 39
115 103
116 23
117 87
118 55
119 119
120 15
121 79
122 47
123 111
124 31
125 95
126 63
127 127
128 1
129 129
130 65
131 193
132 33
133 161
134 97
135 225
136 17
137 145
138 81
139 209
140 49
141 177
142 113
143 241
144 9
145 137
146 73
147 201
148 41
149 169
150 105
151 233
152 25
153 153
154 89
155 217
156 57
157 185
158 121
159 249
160 5
161 133
162 69
163 197
164 37
165 165
166 101
167 229
168 21
169 149
170 85
171 213
172 53
173 181
174 117
175 245
176 13
177 141
178 77
179 205
180 45
181 173
182 109
183 237
184 29
185 157
186 93
187 221
188 61
189 189
190 125
191 253
192 3
193 131
194 67
195 195
196 35
197 163
198 99
199 227
200 19
201 147
202 83
203 211
204 51
205 179
206 115
207 243
208 11
209 139
210 75
211 203
212 43
213 171
214 107
215 235
216 27
217 155
218 91
219 219
220 59
221 187
222 123
223 251
224 7
225 135
226 71
227 199
228 39
229 167
230 103
231 231
232 23
233 151
234 87
235 215
236 55
237 183
238 119
239 247
240 15
241 143
242 79
243 207
244 47
245 175
246 111
247 239
248 31
249 159
250 95
251 223
252 63
253 191
254 127
255 255
256 1
257 257
258 129
259 385
260 65
261 321
262 193
263 449
264 33
265 289
266 161
267 417
268 97
269 353
270 225
271 481
272 17
273 273
274 145
275 401
276 81
277 337
278 209
279 465
280 49
281 305
282 177
283 433
284 113
285 369
286 241
287 497
288 9
289 265
290 137
291 393
292 73
293 329
294 201
295 457
296 41
297 297
298 169
299 425
300 105
301 361
302 233
303 489
304 25
305 281
306 153
307 409
308 89
309 345
310 217
311 473
312 57
313 313
314 185
315 441
316 121
317 377
318 249
319 505
320 5
321 261
322 133
323 389
324 69
325 325
326 197
327 453
328 37
329 293
330 165
331 421
332 101
333 357
334 229
335 485
336 21
337 277
338 149
339 405
340 85
341 341
342 213
343 469
344 53
345 309
346 181
347 437
348 117
349 373
350 245
351 501
352 13
353 269
354 141
355 397
356 77
357 333
358 205
359 461
360 45
361 301
362 173
363 429
364 109
365 365
366 237
367 493
368 29
369 285
370 157
371 413
372 93
373 349
374 221
375 477
376 61
377 317
378 189
379 445
380 125
381 381
382 253
383 509
384 3
385 259
386 131
387 387
388 67
389 323
390 195
391 451
392 35
393 291
394 163
395 419
396 99
397 355
398 227
399 483
400 19
401 275
402 147
403 403
404 83
405 339
406 211
407 467
408 51
409 307
410 179
411 435
412 115
413 371
414 243
415 499
416 11
417 267
418 139
419 395
420 75
421 331
422 203
423 459
424 43
425 299
426 171
427 427
428 107
429 363
430 235
431 491
432 27
433 283
434 155
435 411
436 91
437 347
438 219
439 475
440 59
441 315
442 187
443 443
444 123
445 379
446 251
447 507
448 7
449 263
450 135
451 391
452 71
453 327
454 199
455 455
456 39
457 295
458 167
459 423
460 103
461 359
462 231
463 487
464 23
465 279
466 151
467 407
468 87
469 343
470 215
471 471
472 55
473 311
474 183
475 439
476 119
477 375
478 247
479 503
480 15
481 271
482 143
483 399
484 79
485 335
486 207
487 463
488 47
489 303
490 175
491 431
492 111
493 367
494 239
495 495
496 31
497 287
498 159
499 415
500 95
501 351
502 223
503 479
504 63
505 319
506 191
507 447
508 127
509 383
510 255
511 511
512 1
513 513
514 257
515 769
516 129
517 641
518 385
519 897
520 65
521 577
522 321
523 833
524 193
525 705
526 449
527 961
528 33
529 545
530 289
531 801
532 161
533 673
534 417
535 929
536 97
537 609
538 353
539 865
540 225
541 737
542 481
543 993
544 17
545 529
546 273
547 785
548 145
549 657
550 401
551 913
552 81
553 593
554 337
555 849
556 209
557 721
558 465
559 977
560 49
561 561
562 305
563 817
564 177
565 689
566 433
567 945
568 113
569 625
570 369
571 881
572 241
573 753
574 497
575 1009
576 9
577 521
578 265
579 777
580 137
581 649
582 393
583 905
584 73
585 585
586 329
587 841
588 201
589 713
590 457
591 969
592 41
593 553
594 297
595 809
596 169
597 681
598 425
599 937
600 105
601 617
602 361
603 873
604 233
605 745
606 489
607 1001
608 25
609 537
610 281
611 793
612 153
613 665
614 409
615 921
616 89
617 601
618 345
619 857
620 217
621 729
622 473
623 985
624 57
625 569
626 313
627 825
628 185
629 697
630 441
631 953
632 121
633 633
634 377
635 889
636 249
637 761
638 505
639 1017
640 5
641 517
642 261
643 773
644 133
645 645
646 389
647 901
648 69
649 581
650 325
651 837
652 197
653 709
654 453
655 965
656 37
657 549
658 293
659 805
660 165
661 677
662 421
663 933
664 101
665 613
666 357
667 869
668 229
669 741
670 485
671 997
672 21
673 533
674 277
675 789
676 149
677 661
678 405
679 917
680 85
681 597
682 341
683 853
684 213
685 725
686 469
687 981
688 53
689 565
690 309
691 821
692 181
693 693
694 437
695 949
696 117
697 629
698 373
699 885
700 245
701 757
702 501
703 1013
704 13
705 525
706 269
707 781
708 141
709 653
710 397
711 909
712 77
713 589
714 333
715 845
716 205
717 717
718 461
719 973
720 45
721 557
722 301
723 813
724 173
725 685
726 429
727 941
728 109
729 621
730 365
731 877
732 237
733 749
734 493
735 1005
736 29
737 541
738 285
739 797
740 157
741 669
742 413
743 925
744 93
745 605
746 349
747 861
748 221
749 733
750 477
751 989
752 61
753 573
754 317
755 829
756 189
757 701
758 445
759 957
760 125
761 637
762 381
763 893
764 253
765 765
766 509
767 1021
768 3
769 515
770 259
771 771
772 131
773 643
774 387
775 899
776 67
777 579
778 323
779 835
780 195
781 707
782 451
783 963
784 35
785 547
786 291
787 803
788 163
789 675
790 419
791 931
792 99
793 611
794 355
795 867
796 227
797 739
798 483
799 995
800 19
801 531
802 275
803 787
804 147
805 659
806 403
807 915
808 83
809 595
810 339
811 851
812 211
813 723
814 467
815 979
816 51
817 563
818 307
819 819
820 179
821 691
822 435
823 947
824 115
825 627
826 371
827 883
828 243
829 755
830 499
831 1011
832 11
833 523
834 267
835 779
836 139
837 651
838 395
839 907
840 75
841 587
842 331
843 843
844 203
845 715
846 459
847 971
848 43
849 555
850 299
851 811
852 171
853 683
854 427
855 939
856 107
857 619
858 363
859 875
860 235
861 747
862 491
863 1003
864 27
865 539
866 283
867 795
868 155
869 667
870 411
871 923
872 91
873 603
874 347
875 859
876 219
877 731
878 475
879 987
880 59
881 571
882 315
883 827
884 187
885 699
886 443
887 955
888 123
889 635
890 379
891 891
892 251
893 763
894 507
895 1019
896 7
897 519
898 263
899 775
900 135
901 647
902 391
903 903
904 71
905 583
906 327
907 839
908 199
909 711
910 455
911 967
912 39
913 551
914 295
915 807
916 167
917 679
918 423
919 935
920 103
921 615
922 359
923 871
924 231
925 743
926 487
927 999
928 23
929 535
930 279
931 791
932 151
933 663
934 407
935 919
936 87
937 599
938 343
939 855
940 215
941 727
942 471
943 983
944 55
945 567
946 311
947 823
948 183
949 695
950 439
951 951
952 119
953 631
954 375
955 887
956 247
957 759
958 503
959 1015
960 15
961 527
962 271
963 783
964 143
965 655
966 399
967 911
968 79
969 591
970 335
971 847
972 207
973 719
974 463
975 975
976 47
977 559
978 303
979 815
980 175
981 687
982 431
983 943
984 111
985 623
986 367
987 879
988 239
989 751
990 495
991 1007
992 31
993 543
994 287
995 799
996 159
997 671
998 415
999 927
1000 95
1001 607
1002 351
1003 863
1004 223
1005 735
1006 479
1007 991
1008 63
1009 575
1010 319
1011 831
1012 191
1013 703
1014 447
1015 959
1016 127
1017 639
1018 383
1019 895
1020 255
1021 767
1022 511
1023 1023
1024 1
1025 1025
1026 513
1027 1537
1028 257
1029 1281
1030 769
1031 1793
1032 129
1033 1153
1034 641
1035 1665
1036 385
1037 1409
1038 897
1039 1921
1040 65
1041 1089
1042 577
1043 1601
1044 321
1045 1345
1046 833
1047 1857
1048 193
1049 1217
1050 705
1051 1729
1052 449
1053 1473
1054 961
1055 1985
1056 33
1057 1057
1058 545
1059 1569
1060 289
1061 1313
1062 801
1063 1825
1064 161
1065 1185
1066 673
1067 1697
1068 417
1069 1441
1070 929
1071 1953
1072 97
1073 1121
1074 609
1075 1633
1076 353
1077 1377
1078 865
1079 1889
1080 225
1081 1249
1082 737
1083 1761
1084 481
1085 1505
1086 993
1087 2017
1088 17
1089 1041
1090 529
1091 1553
1092 273
1093 1297
1094 785
1095 1809
1096 145
1097 1169
1098 657
1099 1681
1100 401
1101 1425
1102 913
1103 1937
1104 81
1105 1105
1106 593
1107 1617
1108 337
1109 1361
1110 849
1111 1873
1112 209
1113 1233
1114 721
1115 1745
1116 465
1117 1489
1118 977
1119 2001
1120 49
1121 1073
1122 561
1123 1585
1124 305
1125 1329
1126 817
1127 1841
1128 177
1129 1201
1130 689
1131 1713
1132 433
1133 1457
1134 945
1135 1969
1136 113
1137 1137
1138 625
1139 1649
1140 369
1141 1393
1142 881
1143 1905
1144 241
1145 1265
1146 753
1147 1777
1148 497
1149 1521
1150 1009
1151 2033
1152 9
1153 1033
1154 521
1155 1545
1156 265
1157 1289
1158 777
1159 1801
1160 137
1161 1161
1162 649
1163 1673
1164 393
1165 1417
1166 905
1167 1929
1168 73
1169 1097
1170 585
1171 1609
1172 329
1173 1353
1174 841
1175 1865
1176 201
1177 1225
1178 713
1179 1737
1180 457
1181 1481
1182 969
1183 1993
1184 41
1185 1065
1186 553
1187 1577
1188 297
1189 1321
1190 809
1191 1833
1192 169
1193 1193
1194 681
1195 1705
1196 425
1197 1449
1198 937
1199 1961
1200 105
1201 1129
1202 617
1203 1641
1204 361
1205 1385
1206 873
1207 1897
1208 233
1209 1257
1210 745
1211 1769
1212 489
1213 1513
1214 1001
1215 2025
1216 25
1217 1049
1218 537
1219 1561
1220 281
1221 1305
1222 793
1223 1817
1224 153
1225 1177
1226 665
1227 1689
1228 409
1229 1433
1230 921
1231 1945
1232 89
1233 1113
1234 601
1235 1625
1236 345
1237 1369
1238 857
1239 1881
1240 217
1241 1241
1242 729
1243 1753
1244 473
1245 1497
1246 985
1247 2009
1248 57
1249 1081
1250 569
1251 1593
1252 313
1253 1337
1254 825
1255 1849
1256 185
1257 1209
1258 697
1259 1721
1260 441
1261 1465
1262 953
1263 1977
1264 121
1265 1145
1266 633
1267 1657
1268 377
1269 1401
1270 889
1271 1913
1272 249
1273 1273
1274 761
1275 1785
1276 505
1277 1529
1278 1017
1279 2041
1280 5
1281 1029
1282 517
1283 1541
1284 261
1285 1285
1286 773
1287 1797
1288 133
1289 1157
1290 645
1291 1669
1292 389
1293 1413
1294 901
1295 1925
1296 69
1297 1093
1298 581
1299 1605
1300 325
1301 1349
1302 837
1303 1861
1304 197
1305 1221
1306 709
1307 1733
1308 453
1309 1477
1310 965
1311 1989
1312 37
1313 1061
1314 549
1315 1573
1316 293
1317 1317
1318 805
1319 1829
1320 165
1321 1189
1322 677
1323 1701
1324 421
1325 1445
1326 933
1327 1957
1328 101
1329 1125
1330 613
1331 1637
1332 357
1333 1381
1334 869
1335 1893
1336 229
1337 1253
1338 741
1339 1765
1340 485
1341 1509
1342 997
1343 2021
1344 21
1345 1045
1346 533
1347 1557
1348 277
1349 1301
1350 789
1351 1813
1352 149
1353 1173
1354 661
1355 1685
1356 405
1357 1429
1358 917
1359 1941
1360 85
1361 1109
1362 597
1363 1621
1364 341
1365 1365
1366 853
1367 1877
1368 213
1369 1237
1370 725
1371 1749
1372 469
1373 1493
1374 981
1375 2005
1376 53
1377 1077
1378 565
1379 1589
1380 309
1381 1333
1382 821
1383 1845
1384 181
1385 1205
1386 693
1387 1717
1388 437
1389 1461
1390 949
1391 1973
1392 117
1393 1141
1394 629
1395 1653
1396 373
1397 1397
1398 885
1399 1909
1400 245
1401 1269
1402 757
1403 1781
1404 501
1405 1525
1406 1013
1407 2037
1408 13
1409 1037
1410 525
1411 1549
1412 269
1413 1293
1414 781
1415 1805
1416 141
1417 1165
1418 653
1419 1677
1420 397
1421 1421
1422 909
1423 1933
1424 77
1425 1101
1426 589
1427 1613
1428 333
1429 1357
1430 845
1431 1869
1432 205
1433 1229
1434 717
1435 1741
1436 461
1437 1485
1438 973
1439 1997
1440 45
1441 1069
1442 557
1443 1581
1444 301
1445 1325
1446 813
1447 1837
1448 173
1449 1197
1450 685
1451 1709
1452 429
1453 1453
1454 941
1455 1965
1456 109
1457 1133
1458 621
1459 1645
1460 365
1461 1389
1462 877
1463 1901
1464 237
1465 1261
1466 749
1467 1773
1468 493
1469 1517
1470 1005
1471 2029
1472 29
1473 1053
1474 541
1475 1565
1476 285
1477 1309
1478 797
1479 1821
1480 157
1481 1181
1482 669
1483 1693
1484 413
1485 1437
1486 925
1487 1949
1488 93
1489 1117
1490 605
1491 1629
1492 349
1493 1373
1494 861
1495 1885
1496 221
1497 1245
1498 733
1499 1757
1500 477
1501 1501
1502 989
1503 2013
1504 61
1505 1085
1506 573
1507 1597
1508 317
1509 1341
1510 829
1511 1853
1512 189
1513 1213
1514 701
1515 1725
1516 445
1517 1469
1518 957
1519 1981
1520 125
1521 1149
1522 637
1523 1661
1524 381
1525 1405
1526 893
1527 1917
1528 253
1529 1277
1530 765
1531 1789
1532 509
1533 1533
1534 1021
1535 2045
1536 3
1537 1027
1538 515
1539 1539
1540 259
1541 1283
1542 771
1543 1795
1544 131
1545 1155
1546 643
1547 1667
1548 387
1549 1411
1550 899
1551 1923
1552 67
1553 1091
1554 579
1555 1603
1556 323
1557 1347
1558 835
1559 1859
1560 195
1561 1219
1562 707
1563 1731
1564 451
1565 1475
1566 963
1567 1987
1568 35
1569 1059
1570 547
1571 1571
1572 291
1573 1315
1574 803
1575 1827
1576 163
1577 1187
1578 675
1579 1699
1580 419
1581 1443
1582 931
1583 1955
1584 99
1585 1123
1586 611
1587 1635
1588 355
1589 1379
1590 867
1591 1891
1592 227
1593 1251
1594 739
1595 1763
1596 483
1597 1507
1598 995
1599 2019
1600 19
1601 1043
1602 531
1603 1555
1604 275
1605 1299
1606 787
1607 1811
1608 147
1609 1171
1610 659
1611 1683
1612 403
1613 1427
1614 915
1615 1939
1616 83
1617 1107
1618 595
1619 1619
1620 339
1621 1363
1622 851
1623 1875
1624 211
1625 1235
1626 723
1627 1747
1628 467
1629 1491
1630 979
1631 2003
1632 51
1633 1075
1634 563
1635 1587
1636 307
1637 1331
1638 819
1639 1843
1640 179
1641 1203
1642 691
1643 1715
1644 435
1645 1459
1646 947
1647 1971
1648 115
1649 1139
1650 627
1651 1651
1652 371
1653 1395
1654 883
1655 1907
1656 243
1657 1267
1658 755
1659 1779
1660 499
1661 1523
1662 1011
1663 2035
1664 11
1665 1035
1666 523
1667 1547
1668 267
1669 1291
1670 779
1671 1803
1672 139
1673 1163
1674 651
1675 1675
1676 395
1677 1419
1678 907
1679 1931
1680 75
1681 1099
1682 587
1683 1611
1684 331
1685 1355
1686 843
1687 1867
1688 203
1689 1227
1690 715
1691 1739
1692 459
1693 1483
1694 971
1695 1995
1696 43
1697 1067
1698 555
1699 1579
1700 299
1701 1323
1702 811
1703 1835
1704 171
1705 1195
1706 683
1707 1707
1708 427
1709 1451
1710 939
1711 1963
1712 107
1713 1131
1714 619
1715 1643
1716 363
1717 1387
1718 875
1719 1899
1720 235
1721 1259
1722 747
1723 1771
1724 491
1725 1515
1726 1003
1727 2027
1728 27
1729 1051
1730 539
1731 1563
1732 283
1733 1307
1734 795
1735 1819
1736 155
1737 1179
1738 667
1739 1691
1740 411
1741 1435
1742 923
1743 1947
1744 91
1745 1115
1746 603
1747 1627
1748 347
1749 1371
1750 859
1751 1883
1752 219
1753 1243
1754 731
1755 1755
1756 475
1757 1499
1758 987
1759 2011
1760 59
1761 1083
1762 571
1763 1595
1764 315
1765 1339
1766 827
1767 1851
1768 187
1769 1211
1770 699
1771 1723
1772 443
1773 1467
1774 955
1775 1979
1776 123
1777 1147
1778 635
1779 1659
1780 379
1781 1403
1782 891
1783 1915
1784 251
1785 1275
1786 763
1787 1787
1788 507
1789 1531
1790 1019
1791 2043
1792 7
1793 1031
1794 519
1795 1543
1796 263
1797 1287
1798 775
1799 1799
1800 135
1801 1159
1802 647
1803 1671
1804 391
1805 1415
1806 903
1807 1927
1808 71
1809 1095
1810 583
1811 1607
1812 327
1813 1351
1814 839
1815 1863
1816 199
1817 1223
1818 711
1819 1735
1820 455
1821 1479
1822 967
1823 1991
1824 39
1825 1063
1826 551
1827 1575
1828 295
1829 1319
1830 807
1831 1831
1832 167
1833 1191
1834 679
1835 1703
1836 423
1837 1447
1838 935
1839 1959
1840 103
1841 1127
1842 615
1843 1639
1844 359
1845 1383
1846 871
1847 1895
1848 231
1849 1255
1850 743
1851 1767
1852 487
1853 1511
1854 999
1855 2023
1856 23
1857 1047
1858 535
1859 1559
1860 279
1861 1303
1862 791
1863 1815
1864 151
1865 1175
1866 663
1867 1687
1868 407
1869 1431
1870 919
1871 1943
1872 87
1873 1111
1874 599
1875 1623
1876 343
1877 1367
1878 855
1879 1879
1880 215
1881 1239
1882 727
1883 1751
1884 471
1885 1495
1886 983
1887 2007
1888 55
1889 1079
1890 567
1891 1591
1892 311
1893 1335
1894 823
1895 1847
1896 183
1897 1207
1898 695
1899 1719
1900 439
1901 1463
1902 951
1903 1975
1904 119
1905 1143
1906 631
1907 1655
1908 375
1909 1399
1910 887
1911 1911
1912 247
1913 1271
1914 759
1915 1783
1916 503
1917 1527
1918 1015
1919 2039
1920 15
1921 1039
1922 527
1923 1551
1924 271
1925 1295
1926 783
1927 1807
1928 143
1929 1167
1930 655
1931 1679
1932 399
1933 1423
1934 911
1935 1935
1936 79
1937 1103
1938 591
1939 1615
1940 335
1941 1359
1942 847
1943 1871
1944 207
1945 1231
1946 719
1947 1743
1948 463
1949 1487
1950 975
1951 1999
1952 47
1953 1071
1954 559
1955 1583
1956 303
1957 1327
1958 815
1959 1839
1960 175
1961 1199
1962 687
1963 1711
1964 431
1965 1455
1966 943
1967 1967
1968 111
1969 1135
1970 623
1971 1647
1972 367
1973 1391
1974 879
1975 1903
1976 239
1977 1263
1978 751
1979 1775
1980 495
1981 1519
1982 1007
1983 2031
1984 31
1985 1055
1986 543
1987 1567
1988 287
1989 1311
1990 799
1991 1823
1992 159
1993 1183
1994 671
1995 1695
1996 415
1997 1439
1998 927
1999 1951
2000 95
2001 1119
2002 607
2003 1631
2004 351
2005 1375
2006 863
2007 1887
2008 223
2009 1247
2010 735
2011 1759
2012 479
2013 1503
2014 991
2015 2015
2016 63
2017 1087
2018 575
2019 1599
2020 319
2021 1343
2022 831
2023 1855
2024 191
2025 1215
2026 703
2027 1727
2028 447
2029 1471
2030 959
2031 1983
2032 127
2033 1151
2034 639
2035 1663
2036 383
2037 1407
2038 895
2039 1919
2040 255
2041 1279
2042 767
2043 1791
2044 511
2045 1535
2046 1023
2047 2047
2048 1
2049 2049
2050 1025
2051 3073
2052 513
2053 2561
2054 1537
2055 3585
2056 257
2057 2305
2058 1281
2059 3329
2060 769
2061 2817
2062 1793
2063 3841
2064 129
2065 2177
2066 1153
2067 3201
2068 641
2069 2689
2070 1665
2071 3713
2072 385
2073 2433
2074 1409
2075 3457
2076 897
2077 2945
2078 1921
2079 3969
2080 65
2081 2113
2082 1089
2083 3137
2084 577
2085 2625
2086 1601
2087 3649
2088 321
2089 2369
2090 1345
2091 3393
2092 833
2093 2881
2094 1857
2095 3905
2096 193
2097 2241
2098 1217
2099 3265
2100 705
2101 2753
2102 1729
2103 3777
2104 449
2105 2497
2106 1473
2107 3521
2108 961
2109 3009
2110 1985
2111 4033
2112 33
2113 2081
2114 1057
2115 3105
2116 545
2117 2593
2118 1569
2119 3617
2120 289
2121 2337
2122 1313
2123 3361
2124 801
2125 2849
2126 1825
2127 3873
2128 161
2129 2209
2130 1185
2131 3233
2132 673
2133 2721
2134 1697
2135 3745
2136 417
2137 2465
2138 1441
2139 3489
2140 929
2141 2977
2142 1953
2143 4001
2144 97
2145 2145
2146 1121
2147 3169
2148 609
2149 2657
2150 1633
2151 3681
2152 353
2153 2401
2154 1377
2155 3425
2156 865
2157 2913
2158 1889
2159 3937
2160 225
2161 2273
2162 1249
2163 3297
2164 737
2165 2785
2166 1761
2167 3809
2168 481
2169 2529
2170 1505
2171 3553
2172 993
2173 3041
2174 2017
2175 4065
2176 17
2177 2065
2178 1041
2179 3089
2180 529
2181 2577
2182 1553
2183 3601
2184 273
2185 2321
2186 1297
2187 3345
2188 785
2189 2833
2190 1809
2191 3857
2192 145
2193 2193
2194 1169
2195 3217
2196 657
2197 2705
2198 1681
2199 3729
2200 401
2201 2449
2202 1425
2203 3473
2204 913
2205 2961
2206 1937
2207 3985
2208 81
2209 2129
2210 1105
2211 3153
2212 593
2213 2641
2214 1617
2215 3665
2216 337
2217 2385
2218 1361
2219 3409
2220 849
2221 2897
2222 1873
2223 3921
2224 209
2225 2257
2226 1233
2227 3281
2228 721
2229 2769
2230 1745
2231 3793
2232 465
2233 2513
2234 1489
2235 3537
2236 977
2237 3025
2238 2001
2239 4049
2240 49
2241 2097
2242 1073
2243 3121
2244 561
2245 2609
2246 1585
2247 3633
2248 305
2249 2353
2250 1329
2251 3377
2252 817
2253 2865
2254 1841
2255 3889
2256 177
2257 2225
2258 1201
2259 3249
2260 689
2261 2737
2262 1713
2263 3761
2264 433
2265 2481
2266 1457
2267 3505
2268 945
2269 2993
2270 1969
2271 4017
2272 113
2273 2161
2274 1137
2275 3185
2276 625
2277 2673
2278 1649
2279 3697
2280 369
2281 2417
2282 1393
2283 3441
2284 881
2285 2929
2286 1905
2287 3953
2288 241
2289 2289
2290 1265
2291 3313
2292 753
2293 2801
2294 1777
2295 3825
2296 497
2297 2545
2298 1521
2299 3569
2300 1009
2301 3057
2302 2033
2303 4081
2304 9
2305 2057
2306 1033
2307 3081
2308 521
2309 2569
2310 1545
2311 3593
2312 265
2313 2313
2314 1289
2315 3337
2316 777
2317 2825
2318 1801
2319 3849
2320 137
2321 2185
2322 1161
2323 3209
2324 649
2325 2697
2326 1673
2327 3721
2328 393
2329 2441
2330 1417
2331 3465
2332 905
2333 2953
2334 1929
2335 3977
2336 73
2337 2121
2338 1097
2339 3145
2340 585
2341 2633
2342 1609
2343 3657
2344 329
2345 2377
2346 1353
2347 3401
2348 841
2349 2889
2350 1865
2351 3913
2352 201
2353 2249
2354 1225
2355 3273
2356 713
2357 2761
2358 1737
2359 3785
2360 457
2361 2505
2362 1481
2363 3529
2364 969
2365 3017
2366 1993
2367 4041
2368 41
2369 2089
2370 1065
2371 3113
2372 553
2373 2601
2374 1577
2375 3625
2376 297
2377 2345
2378 1321
2379 3369
2380 809
2381 2857
2382 1833
2383 3881
2384 169
2385 2217
2386 1193
2387 3241
2388 681
2389 2729
2390 1705
2391 3753
2392 425
2393 2473
2394 1449
2395 3497
2396 937
2397 2985
2398 1961
2399 4009
2400 105
2401 2153
2402 1129
2403 3177
2404 617
2405 2665
2406 1641
2407 3689
2408 361
2409 2409
2410 1385
2411 3433
2412 873
2413 2921
2414 1897
2415 3945
2416 233
2417 2281
2418 1257
2419 3305
2420 745
2421 2793
2422 1769
2423 3817
2424 489
2425 2537
2426 1513
2427 3561
2428 1001
2429 3049
2430 2025
2431 4073
2432 25
2433 2073
2434 1049
2435 3097
2436 537
2437 2585
2438 1561
2439 3609
2440 281
2441 2329
2442 1305
2443 3353
2444 793
2445 2841
2446 1817
2447 3865
2448 153
2449 2201
2450 1177
2451 3225
2452 665
2453 2713
2454 1689
2455 3737
2456 409
2457 2457
2458 1433
2459 3481
2460 921
2461 2969
2462 1945
2463 3993
2464 89
2465 2137
2466 1113
2467 3161
2468 601
2469 2649
2470 1625
2471 3673
2472 345
2473 2393
2474 1369
2475 3417
2476 857
2477 2905
2478 1881
2479 3929
2480 217
2481 2265
2482 1241
2483 3289
2484 729
2485 2777
2486 1753
2487 3801
2488 473
2489 2521
2490 1497
2491 3545
2492 985
2493 3033
2494 2009
2495 4057
2496 57
2497 2105
2498 1081
2499 3129
2500 569
2501 2617
2502 1593
2503 3641
2504 313
2505 2361
2506 1337
2507 3385
2508 825
2509 2873
2510 1849
2511 3897
2512 185
2513 2233
2514 1209
2515 3257
2516 697
2517 2745
2518 1721
2519 3769
2520 441
2521 2489
2522 1465
2523 3513
2524 953
2525 3001
2526 1977
2527 4025
2528 121
2529 2169
2530 1145
2531 3193
2532 633
2533 2681
2534 1657
2535 3705
2536 377
2537 2425
2538 1401
2539 3449
2540 889
2541 2937
2542 1913
2543 3961
2544 249
2545 2297
2546 1273
2547 3321
2548 761
2549 2809
2550 1785
2551 3833
2552 505
2553 2553
2554 1529
2555 3577
2556 1017
2557 3065
2558 2041
2559 4089
2560 5
2561 2053
2562 1029
2563 3077
2564 517
2565 2565
2566 1541
2567 3589
2568 261
2569 2309
2570 1285
2571 3333
2572 773
2573 2821
2574 1797
2575 3845
2576 133
2577 2181
2578 1157
2579 3205
2580 645
2581 2693
2582 1669
2583 3717
2584 389
2585 2437
2586 1413
2587 3461
2588 901
2589 2949
2590 1925
2591 3973
2592 69
2593 2117
2594 1093
2595 3141
2596 581
2597 2629
2598 1605
2599 3653
2600 325
2601 2373
2602 1349
2603 3397
2604 837
2605 2885
2606 1861
2607 3909
2608 197
2609 2245
2610 1221
2611 3269
2612 709
2613 2757
2614 1733
2615 3781
2616 453
2617 2501
2618 1477
2619 3525
2620 965
2621 3013
2622 1989
2623 4037
2624 37
2625 2085
2626 1061
2627 3109
2628 549
2629 2597
2630 1573
2631 3621
2632 293
2633 2341
2634 1317
2635 3365
2636 805
2637 2853
2638 1829
2639 3877
2640 165
2641 2213
2642 1189
2643 3237
2644 677
2645 2725
2646 1701
2647 3749
2648 421
2649 2469
2650 1445
2651 3493
2652 933
2653 2981
2654 1957
2655 4005
2656 101
2657 2149
2658 1125
2659 3173
2660 613
2661 2661
2662 1637
2663 3685
2664 357
2665 2405
2666 1381
2667 3429
2668 869
2669 2917
2670 1893
2671 3941
2672 229
2673 2277
2674 1253
2675 3301
2676 741
2677 2789
2678 1765
2679 3813
2680 485
2681 2533
2682 1509
2683 3557
2684 997
2685 3045
2686 2021
2687 4069
2688 21
2689 2069
2690 1045
2691 3093
2692 533
2693 2581
2694 1557
2695 3605
2696 277
2697 2325
2698 1301
2699 3349
2700 789
2701 2837
2702 1813
2703 3861
2704 149
2705 2197
2706 1173
2707 3221
2708 661
2709 2709
2710 1685
2711 3733
2712 405
2713 2453
2714 1429
2715 3477
2716 917
2717 2965
2718 1941
2719 3989
2720 85
2721 2133
2722 1109
2723 3157
2724 597
2725 2645
2726 1621
2727 3669
2728 341
2729 2389
2730 1365
2731 3413
2732 853
2733 2901
2734 1877
2735 3925
2736 213
2737 2261
2738 1237
2739 3285
2740 725
2741 2773
2742 1749
2743 3797
2744 469
2745 2517
2746 1493
2747 3541
2748 981
2749 3029
2750 2005
2751 4053
2752 53
2753 2101
2754 1077
2755 3125
2756 565
2757 2613
2758 1589
2759 3637
2760 309
2761 2357
2762 1333
2763 3381
2764 821
2765 2869
2766 1845
2767 3893
2768 181
2769 2229
2770 1205
2771 3253
2772 693
2773 2741
2774 1717
2775 3765
2776 437
2777 2485
2778 1461
2779 3509
2780 949
2781 2997
2782 1973
2783 4021
2784 117
2785 2165
2786 1141
2787 3189
2788 629
2789 2677
2790 1653
2791 3701
2792 373
2793 2421
2794 1397
2795 3445
2796 885
2797 2933
2798 1909
2799 3957
2800 245
2801 2293
2802 1269
2803 3317
2804 757
2805 2805
2806 1781
2807 3829
2808 501
2809 2549
2810 1525
2811 3573
2812 1013
2813 3061
2814 2037
2815 4085
2816 13
2817 2061
2818 1037
2819 3085
2820 525
2821 2573
2822 1549
2823 3597
2824 269
2825 2317
2826 1293
2827 3341
2828 781
2829 2829
2830 1805
2831 3853
2832 141
2833 2189
2834 1165
2835 3213
2836 653
2837 2701
2838 1677
2839 3725
2840 397
2841 2445
2842 1421
2843 3469
2844 909
2845 2957
2846 1933
2847 3981
2848 77
2849 2125
2850 1101
2851 3149
2852 589
2853 2637
2854 1613
2855 3661
2856 333
2857 2381
2858 1357
2859 3405
2860 845
2861 2893
2862 1869
2863 3917
2864 205
2865 2253
2866 1229
2867 3277
2868 717
2869 2765
2870 1741
2871 3789
2872 461
2873 2509
2874 1485
2875 3533
2876 973
2877 3021
2878 1997
2879 4045
2880 45
2881 2093
2882 1069
2883 3117
2884 557
2885 2605
2886 1581
2887 3629
2888 301
2889 2349
2890 1325
2891 3373
2892 813
2893 2861
2894 1837
2895 3885
2896 173
2897 2221
2898 1197
2899 3245
2900 685
2901 2733
2902 1709
2903 3757
2904 429
2905 2477
2906 1453
2907 3501
2908 941
2909 2989
2910 1965
2911 4013
2912 109
2913 2157
2914 1133
2915 3181
2916 621
2917 2669
2918 1645
2919 3693
2920 365
2921 2413
2922 1389
2923 3437
2924 877
2925 2925
2926 1901
2927 3949
2928 237
2929 2285
2930 1261
2931 3309
2932 749
2933 2797
2934 1773
2935 3821
2936 493
2937 2541
2938 1517
2939 3565
2940 1005
2941 3053
2942 2029
2943 4077
2944 29
2945 2077
2946 1053
2947 3101
2948 541
2949 2589
2950 1565
2951 3613
2952 285
2953 2333
2954 1309
2955 3357
2956 797
2957 2845
2958 1821
2959 3869
2960 157
2961 2205
2962 1181
2963 3229
2964 669
2965 2717
2966 1693
2967 3741
2968 413
2969 2461
2970 1437
2971 3485
2972 925
2973 2973
2974 1949
2975 3997
2976 93
2977 2141
2978 1117
2979 3165
2980 605
2981 2653
2982 1629
2983 3677
2984 349
2985 2397
2986 1373
2987 3421
2988 861
2989 2909
2990 1885
2991 3933
2992 221
2993 2269
2994 1245
2995 3293
2996 733
2997 2781
2998 1757
2999 3805
3000 477
3001 2525
3002 1501
3003 3549
3004 989
3005 3037
3006 2013
3007 4061
3008 61
3009 2109
3010 1085
3011 3133
3012 573
3013 2621
3014 1597
3015 3645
3016 317
3017 2365
3018 1341
3019 3389
3020 829
3021 2877
3022 1853
3023 3901
3024 189
3025 2237
3026 1213
3027 3261
3028 701
3029 2749
3030 1725
3031 3773
3032 445
3033 2493
3034 1469
3035 3517
3036 957
3037 3005
3038 1981
3039 4029
3040 125
3041 2173
3042 1149
3043 3197
3044 637
3045 2685
3046 1661
3047 3709
3048 381
3049 2429
3050 1405
3051 3453
3052 893
3053 2941
3054 1917
3055 3965
3056 253
3057 2301
3058 1277
3059 3325
3060 765
3061 2813
3062 1789
3063 3837
3064 509
3065 2557
3066 1533
3067 3581
3068 1021
3069 3069
3070 2045
3071 4093
3072 3
3073 2051
3074 1027
3075 3075
3076 515
3077 2563
3078 1539
3079 3587
3080 259
3081 2307
3082 1283
3083 3331
3084 771
3085 2819
3086 1795
3087 3843
3088 131
3089 2179
3090 1155
3091 3203
3092 643
3093 2691
3094 1667
3095 3715
3096 387
3097 2435
3098 1411
3099 3459
3100 899
3101 2947
3102 1923
3103 3971
3104 67
3105 2115
3106 1091
3107 3139
3108 579
3109 2627
3110 1603
3111 3651
3112 323
3113 2371
3114 1347
3115 3395
3116 835
3117 2883
3118 1859
3119 3907
3120 195
3121 2243
3122 1219
3123 3267
3124 707
3125 2755
3126 1731
3127 3779
3128 451
3129 2499
3130 1475
3131 3523
3132 963
3133 3011
3134 1987
3135 4035
3136 35
3137 2083
3138 1059
3139 3107
3140 547
3141 2595
3142 1571
3143 3619
3144 291
3145 2339
3146 1315
3147 3363
3148 803
3149 2851
3150 1827
3151 3875
3152 163
3153 2211
3154 1187
3155 3235
3156 675
3157 2723
3158 1699
3159 3747
3160 419
3161 2467
3162 1443
3163 3491
3164 931
3165 2979
3166 1955
3167 4003
3168 99
3169 2147
3170 1123
3171 3171
3172 611
3173 2659
3174 1635
3175 3683
3176 355
3177 2403
3178 1379
3179 3427
3180 867
3181 2915
3182 1891
3183 3939
3184 227
3185 2275
3186 1251
3187 3299
3188 739
3189 2787
3190 1763
3191 3811
3192 483
3193 2531
3194 1507
3195 3555
3196 995
3197 3043
3198 2019
3199 4067
3200 19
3201 2067
3202 1043
3203 3091
3204 531
3205 2579
3206 1555
3207 3603
3208 275
3209 2323
3210 1299
3211 3347
3212 787
3213 2835
3214 1811
3215 3859
3216 147
3217 2195
3218 1171
3219 3219
3220 659
3221 2707
3222 1683
3223 3731
3224 403
3225 2451
3226 1427
3227 3475
3228 915
3229 2963
3230 1939
3231 3987
3232 83
3233 2131
3234 1107
3235 3155
3236 595
3237 2643
3238 1619
3239 3667
3240 339
3241 2387
3242 1363
3243 3411
3244 851
3245 2899
3246 1875
3247 3923
3248 211
3249 2259
3250 1235
3251 3283
3252 723
3253 2771
3254 1747
3255 3795
3256 467
3257 2515
3258 1491
3259 3539
3260 979
3261 3027
3262 2003
3263 4051
3264 51
3265 2099
3266 1075
3267 3123
3268 563
3269 2611
3270 1587
3271 3635
3272 307
3273 2355
3274 1331
3275 3379
3276 819
3277 2867
3278 1843
3279 3891
3280 179
3281 2227
3282 1203
3283 3251
3284 691
3285 2739
3286 1715
3287 3763
3288 435
3289 2483
3290 1459
3291 3507
3292 947
3293 2995
3294 1971
3295 4019
3296 115
3297 2163
3298 1139
3299 3187
3300 627
3301 2675
3302 1651
3303 3699
3304 371
3305 2419
3306 1395
3307 3443
3308 883
3309 2931
3310 1907
3311 3955
3312 243
3313 2291
3314 1267
3315 3315
3316 755
3317 2803
3318 1779
3319 3827
3320 499
3321 2547
3322 1523
3323 3571
3324 1011
3325 3059
3326 2035
3327 4083
3328 11
3329 2059
3330 1035
3331 3083
3332 523
3333 2571
3334 1547
3335 3595
3336 267
3337 2315
3338 1291
3339 3339
3340 779
3341 2827
3342 1803
3343 3851
3344 139
3345 2187
3346 1163
3347 3211
3348 651
3349 2699
3350 1675
3351 3723
3352 395
3353 2443
3354 1419
3355 3467
3356 907
3357 2955
3358 1931
3359 3979
3360 75
3361 2123
3362 1099
3363 3147
3364 587
3365 2635
3366 1611
3367 3659
3368 331
3369 2379
3370 1355
3371 3403
3372 843
3373 2891
3374 1867
3375 3915
3376 203
3377 2251
3378 1227
3379 3275
3380 715
3381 2763
3382 1739
3383 3787
3384 459
3385 2507
3386 1483
3387 3531
3388 971
3389 3019
3390 1995
3391 4043
3392 43
3393 2091
3394 1067
3395 3115
3396 555
3397 2603
3398 1579
3399 3627
3400 299
3401 2347
3402 1323
3403 3371
3404 811
3405 2859
3406 1835
3407 3883
3408 171
3409 2219
3410 1195
3411 3243
3412 683
3413 2731
3414 1707
3415 3755
3416 427
3417 2475
3418 1451
3419 3499
3420 939
3421 2987
3422 1963
3423 4011
3424 107
3425 2155
3426 1131
3427 3179
3428 619
3429 2667
3430 1643
3431 3691
3432 363
3433 2411
3434 1387
3435 3435
3436 875
3437 2923
3438 1899
3439 3947
3440 235
3441 2283
3442 1259
3443 3307
3444 747
3445 2795
3446 1771
3447 3819
3448 491
3449 2539
3450 1515
3451 3563
3452 1003
3453 3051
3454 2027
3455 4075
3456 27
3457 2075
3458 1051
3459 3099
3460 539
3461 2587
3462 1563
3463 3611
3464 283
3465 2331
3466 1307
3467 3355
3468 795
3469 2843
3470 1819
3471 3867
3472 155
3473 2203
3474 1179
3475 3227
3476 667
3477 2715
3478 1691
3479 3739
3480 411
3481 2459
3482 1435
3483 3483
3484 923
3485 2971
3486 1947
3487 3995
3488 91
3489 2139
3490 1115
3491 3163
3492 603
3493 2651
3494 1627
3495 3675
3496 347
3497 2395
3498 1371
3499 3419
3500 859
3501 2907
3502 1883
3503 3931
3504 219
3505 2267
3506 1243
3507 3291
3508 731
3509 2779
3510 1755
3511 3803
3512 475
3513 2523
3514 1499
3515 3547
3516 987
3517 3035
3518 2011
3519 4059
3520 59
3521 2107
3522 1083
3523 3131
3524 571
3525 2619
3526 1595
3527 3643
3528 315
3529 2363
3530 1339
3531 3387
3532 827
3533 2875
3534 1851
3535 3899
3536 187
3537 2235
3538 1211
3539 3259
3540 699
3541 2747
3542 1723
3543 3771
3544 443
3545 2491
3546 1467
3547 3515
3548 955
3549 3003
3550 1979
3551 4027
3552 123
3553 2171
3554 1147
3555 3195
3556 635
3557 2683
3558 1659
3559 3707
3560 379
3561 2427
3562 1403
3563 3451
3564 891
3565 2939
3566 1915
3567 3963
3568 251
3569 2299
3570 1275
3571 3323
3572 763
3573 2811
3574 1787
3575 3835
3576 507
3577 2555
3578 1531
3579 3579
3580 1019
3581 3067
3582 2043
3583 4091
3584 7
3585 2055
3586 1031
3587 3079
3588 519
3589 2567
3590 1543
3591 3591
3592 263
3593 2311
3594 1287
3595 3335
3596 775
3597 2823
3598 1799
3599 3847
3600 135
3601 2183
3602 1159
3603 3207
3604 647
3605 2695
3606 1671
3607 3719
3608 391
3609 2439
3610 1415
3611 3463
3612 903
3613 2951
3614 1927
3615 3975
3616 71
3617 2119
3618 1095
3619 3143
3620 583
3621 2631
3622 1607
3623 3655
3624 327
3625 2375
3626 1351
3627 3399
3628 839
3629 2887
3630 1863
3631 3911
3632 199
3633 2247
3634 1223
3635 3271
3636 711
3637 2759
3638 1735
3639 3783
3640 455
3641 2503
3642 1479
3643 3527
3644 967
3645 3015
3646 1991
3647 4039
3648 39
3649 2087
3650 1063
3651 3111
3652 551
3653 2599
3654 1575
3655 3623
3656 295
3657 2343
3658 1319
3659 3367
3660 807
3661 2855
3662 1831
3663 3879
3664 167
3665 2215
3666 1191
3667 3239
3668 679
3669 2727
3670 1703
3671 3751
3672 423
3673 2471
3674 1447
3675 3495
3676 935
3677 2983
3678 1959
3679 4007
3680 103
3681 2151
3682 1127
3683 3175
3684 615
3685 2663
3686 1639
3687 3687
3688 359
3689 2407
3690 1383
3691 3431
3692 871
3693 2919
3694 1895
3695 3943
3696 231
3697 2279
3698 1255
3699 3303
3700 743
3701 2791
3702 1767
3703 3815
3704 487
3705 2535
3706 1511
3707 3559
3708 999
3709 3047
3710 2023
3711 4071
3712 23
3713 2071
3714 1047
3715 3095
3716 535
3717 2583
3718 1559
3719 3607
3720 279
3721 2327
3722 1303
3723 3351
3724 791
3725 2839
3726 1815
3727 3863
3728 151
3729 2199
3730 1175
3731 3223
3732 663
3733 2711
3734 1687
3735 3735
3736 407
3737 2455
3738 1431
3739 3479
3740 919
3741 2967
3742 1943
3743 3991
3744 87
3745 2135
3746 1111
3747 3159
3748 599
3749 2647
3750 1623
3751 3671
3752 343
3753 2391
3754 1367
3755 3415
3756 855
3757 2903
3758 1879
3759 3927
3760 215
3761 2263
3762 1239
3763 3287
3764 727
3765 2775
3766 1751
3767 3799
3768 471
3769 2519
3770 1495
3771 3543
3772 983
3773 3031
3774 2007
3775 4055
3776 55
3777 2103
3778 1079
3779 3127
3780 567
3781 2615
3782 1591
3783 3639
3784 311
3785 2359
3786 1335
3787 3383
3788 823
3789 2871
3790 1847
3791 3895
3792 183
3793 2231
3794 1207
3795 3255
3796 695
3797 2743
3798 1719
3799 3767
3800 439
3801 2487
3802 1463
3803 3511
3804 951
3805 2999
3806 1975
3807 4023
3808 119
3809 2167
3810 1143
3811 3191
3812 631
3813 2679
3814 1655
3815 3703
3816 375
3817 2423
3818 1399
3819 3447
3820 887
3821 2935
3822 1911
3823 3959
3824 247
3825 2295
3826 1271
3827 3319
3828 759
3829 2807
3830 1783
3831 3831
3832 503
3833 2551
3834 1527
3835 3575
3836 1015
3837 3063
3838 2039
3839 4087
3840 15
3841 2063
3842 1039
3843 3087
3844 527
3845 2575
3846 1551
3847 3599
3848 271
3849 2319
3850 1295
3851 3343
3852 783
3853 2831
3854 1807
3855 3855
3856 143
3857 2191
3858 1167
3859 3215
3860 655
3861 2703
3862 1679
3863 3727
3864 399
3865 2447
3866 1423
3867 3471
3868 911
3869 2959
3870 1935
3871 3983
3872 79
3873 2127
3874 1103
3875 3151
3876 591
3877 2639
3878 1615
3879 3663
3880 335
3881 2383
3882 1359
3883 3407
3884 847
3885 2895
3886 1871
3887 3919
3888 207
3889 2255
3890 1231
3891 3279
3892 719
3893 2767
3894 1743
3895 3791
3896 463
3897 2511
3898 1487
3899 3535
3900 975
3901 3023
3902 1999
3903 4047
3904 47
3905 2095
3906 1071
3907 3119
3908 559
3909 2607
3910 1583
3911 3631
3912 303
3913 2351
3914 1327
3915 3375
3916 815
3917 2863
3918 1839
3919 3887
3920 175
3921 2223
3922 1199
3923 3247
3924 687
3925 2735
3926 1711
3927 3759
3928 431
3929 2479
3930 1455
3931 3503
3932 943
3933 2991
3934 1967
3935 4015
3936 111
3937 2159
3938 1135
3939 3183
3940 623
3941 2671
3942 1647
3943 3695
3944 367
3945 2415
3946 1391
3947 3439
3948 879
3949 2927
3950 1903
3951 3951
3952 239
3953 2287
3954 1263
3955 3311
3956 751
3957 2799
3958 1775
3959 3823
3960 495
3961 2543
3962 1519
3963 3567
3964 1007
3965 3055
3966 2031
3967 4079
3968 31
3969 2079
3970 1055
3971 3103
3972 543
3973 2591
3974 1567
3975 3615
3976 287
3977 2335
3978 1311
3979 3359
3980 799
3981 2847
3982 1823
3983 3871
3984 159
3985 2207
3986 1183
3987 3231
3988 671
3989 2719
3990 1695
3991 3743
3992 415
3993 2463
3994 1439
3995 3487
3996 927
3997 2975
3998 1951
3999 3999
4000 95
4001 2143
4002 1119
4003 3167
4004 607
4005 2655
4006 1631
4007 3679
4008 351
4009 2399
4010 1375
4011 3423
4012 863
4013 2911
4014 1887
4015 3935
4016 223
4017 2271
4018 1247
4019 3295
4020 735
4021 2783
4022 1759
4023 3807
4024 479
4025 2527
4026 1503
4027 3551
4028 991
4029 3039
4030 2015
4031 4063
4032 63
4033 2111
4034 1087
4035 3135
4036 575
4037 2623
4038 1599
4039 3647
4040 319
4041 2367
4042 1343
4043 3391
4044 831
4045 2879
4046 1855
4047 3903
4048 191
4049 2239
4050 1215
4051 3263
4052 703
4053 2751
4054 1727
4055 3775
4056 447
4057 2495
4058 1471
4059 3519
4060 959
4061 3007
4062 1983
4063 4031
4064 127
4065 2175
4066 1151
4067 3199
4068 639
4069 2687
4070 1663
4071 3711
4072 383
4073 2431
4074 1407
4075 3455
4076 895
4077 2943
4078 1919
4079 3967
4080 255
4081 2303
4082 1279
4083 3327
4084 767
4085 2815
4086 1791
4087 3839
4088 511
4089 2559
4090 1535
4091 3583
4092 1023
4093 3071
4094 2047
4095 4095
4096 1
4097 4097
4098 2049
4099 6145
4100 1025
4101 5121
4102 3073
4103 7169
4104 513
4105 4609
4106 2561
4107 6657
4108 1537
4109 5633
4110 3585
4111 7681
4112 257
4113 4353
4114 2305
4115 6401
4116 1281
4117 5377
4118 3329
4119 7425
4120 769
4121 4865
4122 2817
4123 6913
4124 1793
4125 5889
4126 3841
4127 7937
4128 129
4129 4225
4130 2177
4131 6273
4132 1153
4133 5249
4134 3201
4135 7297
4136 641
4137 4737
4138 2689
4139 6785
4140 1665
4141 5761
4142 3713
4143 7809
4144 385
4145 4481
4146 2433
4147 6529
4148 1409
4149 5505
4150 3457
4151 7553
4152 897
4153 4993
4154 2945
4155 7041
4156 1921
4157 6017
4158 3969
4159 8065
4160 65
4161 4161
4162 2113
4163 6209
4164 1089
4165 5185
4166 3137
4167 7233
4168 577
4169 4673
4170 2625
4171 6721
4172 1601
4173 5697
4174 3649
4175 7745
4176 321
4177 4417
4178 2369
4179 6465
4180 1345
4181 5441
4182 3393
4183 7489
4184 833
4185 4929
4186 2881
4187 6977
4188 1857
4189 5953
4190 3905
4191 8001
4192 193
4193 4289
4194 2241
4195 6337
4196 1217
4197 5313
4198 3265
4199 7361
4200 705
4201 4801
4202 2753
4203 6849
4204 1729
4205 5825
4206 3777
4207 7873
4208 449
4209 4545
4210 2497
4211 6593
4212 1473
4213 5569
4214 3521
4215 7617
4216 961
4217 5057
4218 3009
4219 7105
4220 1985
4221 6081
4222 4033
4223 8129
4224 33
4225 4129
4226 2081
4227 6177
4228 1057
4229 5153
4230 3105
4231 7201
4232 545
4233 4641
4234 2593
4235 6689
4236 1569
4237 5665
4238 3617
4239 7713
4240 289
4241 4385
4242 2337
4243 6433
4244 1313
4245 5409
4246 3361
4247 7457
4248 801
4249 4897
4250 2849
4251 6945
4252 1825
4253 5921
4254 3873
4255 7969
4256 161
4257 4257
4258 2209
4259 6305
4260 1185
4261 5281
4262 3233
4263 7329
4264 673
4265 4769
4266 2721
4267 6817
4268 1697
4269 5793
4270 3745
4271 7841
4272 417
4273 4513
4274 2465
4275 6561
4276 1441
4277 5537
4278 3489
4279 7585
4280 929
4281 5025
4282 2977
4283 7073
4284 1953
4285 6049
4286 4001
4287 8097
4288 97
4289 4193
4290 2145
4291 6241
4292 1121
4293 5217
4294 3169
4295 7265
4296 609
4297 4705
4298 2657
4299 6753
4300 1633
4301 5729
4302 3681
4303 7777
4304 353
4305 4449
4306 2401
4307 6497
4308 1377
4309 5473
4310 3425
4311 7521
4312 865
4313 4961
4314 2913
4315 7009
4316 1889
4317 5985
4318 3937
4319 8033
4320 225
4321 4321
4322 2273
4323 6369
4324 1249
4325 5345
4326 3297
4327 7393
4328 737
4329 4833
4330 2785
4331 6881
4332 1761
4333 5857
4334 3809
4335 7905
4336 481
4337 4577
4338 2529
4339 6625
4340 1505
4341 5601
4342 3553
4343 7649
4344 993
4345 5089
4346 3041
4347 7137
4348 2017
4349 6113
4350 4065
4351 8161
4352 17
4353 4113
4354 2065
4355 6161
4356 1041
4357 5137
4358 3089
4359 7185
4360 529
4361 4625
4362 2577
4363 6673
4364 1553
4365 5649
4366 3601
4367 7697
4368 273
4369 4369
4370 2321
4371 6417
4372 1297
4373 5393
4374 3345
4375 7441
4376 785
4377 4881
4378 2833
4379 6929
4380 1809
4381 5905
4382 3857
4383 7953
4384 145
4385 4241
4386 2193
4387 6289
4388 1169
4389 5265
4390 3217
4391 7313
4392 657
4393 4753
4394 2705
4395 6801
4396 1681
4397 5777
4398 3729
4399 7825
4400 401
4401 4497
4402 2449
4403 6545
4404 1425
4405 5521
4406 3473
4407 7569
4408 913
4409 5009
4410 2961
4411 7057
4412 1937
4413 6033
4414 3985
4415 8081
4416 81
4417 4177
4418 2129
4419 6225
4420 1105
4421 5201
4422 3153
4423 7249
4424 593
4425 4689
4426 2641
4427 6737
4428 1617
4429 5713
4430 3665
4431 7761
4432 337
4433 4433
4434 2385
4435 6481
4436 1361
4437 5457
4438 3409
4439 7505
4440 849
4441 4945
4442 2897
4443 6993
4444 1873
4445 5969
4446 3921
4447 8017
4448 209
4449 4305
4450 2257
4451 6353
4452 1233
4453 5329
4454 3281
4455 7377
4456 721
4457 4817
4458 2769
4459 6865
4460 1745
4461 5841
4462 3793
4463 7889
4464 465
4465 4561
4466 2513
4467 6609
4468 1489
4469 5585
4470 3537
4471 7633
4472 977
4473 5073
4474 3025
4475 7121
4476 2001
4477 6097
4478 4049
4479 8145
4480 49
4481 4145
4482 2097
4483 6193
4484 1073
4485 5169
4486 3121
4487 7217
4488 561
4489 4657
4490 2609
4491 6705
4492 1585
4493 5681
4494 3633
4495 7729
4496 305
4497 4401
4498 2353
4499 6449
4500 1329
4501 5425
4502 3377
4503 7473
4504 817
4505 4913
4506 2865
4507 6961
4508 1841
4509 5937
4510 3889
4511 7985
4512 177
4513 4273
4514 2225
4515 6321
4516 1201
4517 5297
4518 3249
4519 7345
4520 689
4521 4785
4522 2737
4523 6833
4524 1713
4525 5809
4526 3761
4527 7857
4528 433
4529 4529
4530 2481
4531 6577
4532 1457
4533 5553
4534 3505
4535 7601
4536 945
4537 5041
4538 2993
4539 7089
4540 1969
4541 6065
4542 4017
4543 8113
4544 113
4545 4209
4546 2161
4547 6257
4548 1137
4549 5233
4550 3185
4551 7281
4552 625
4553 4721
4554 2673
4555 6769
4556 1649
4557 5745
4558 3697
4559 7793
4560 369
4561 4465
4562 2417
4563 6513
4564 1393
4565 5489
4566 3441
4567 7537
4568 881
4569 4977
4570 2929
4571 7025
4572 1905
4573 6001
4574 3953
4575 8049
4576 241
4577 4337
4578 2289
4579 6385
4580 1265
4581 5361
4582 3313
4583 7409
4584 753
4585 4849
4586 2801
4587 6897
4588 1777
4589 5873
4590 3825
4591 7921
4592 497
4593 4593
4594 2545
4595 6641
4596 1521
4597 5617
4598 3569
4599 7665
4600 1009
4601 5105
4602 3057
4603 7153
4604 2033
4605 6129
4606 4081
4607 8177
4608 9
4609 4105
4610 2057
4611 6153
4612 1033
4613 5129
4614 3081
4615 7177
4616 521
4617 4617
4618 2569
4619 6665
4620 1545
4621 5641
4622 3593
4623 7689
4624 265
4625 4361
4626 2313
4627 6409
4628 1289
4629 5385
4630 3337
4631 7433
4632 777
4633 4873
4634 2825
4635 6921
4636 1801
4637 5897
4638 3849
4639 7945
4640 137
4641 4233
4642 2185
4643 6281
4644 1161
4645 5257
4646 3209
4647 7305
4648 649
4649 4745
4650 2697
4651 6793
4652 1673
4653 5769
4654 3721
4655 7817
4656 393
4657 4489
4658 2441
4659 6537
4660 1417
4661 5513
4662 3465
4663 7561
4664 905
4665 5001
4666 2953
4667 7049
4668 1929
4669 6025
4670 3977
4671 8073
4672 73
4673 4169
4674 2121
4675 6217
4676 1097
4677 5193
4678 3145
4679 7241
4680 585
4681 4681
4682 2633
4683 6729
4684 1609
4685 5705
4686 3657
4687 7753
4688 329
4689 4425
4690 2377
4691 6473
4692 1353
4693 5449
4694 3401
4695 7497
4696 841
4697 4937
4698 2889
4699 6985
4700 1865
4701 5961
4702 3913
4703 8009
4704 201
4705 4297
4706 2249
4707 6345
4708 1225
4709 5321
4710 3273
4711 7369
4712 713
4713 4809
4714 2761
4715 6857
4716 1737
4717 5833
4718 3785
4719 7881
4720 457
4721 4553
4722 2505
4723 6601
4724 1481
4725 5577
4726 3529
4727 7625
4728 969
4729 5065
4730 3017
4731 7113
4732 1993
4733 6089
4734 4041
4735 8137
4736 41
4737 4137
4738 2089
4739 6185
4740 1065
4741 5161
4742 3113
4743 7209
4744 553
4745 4649
4746 2601
4747 6697
4748 1577
4749 5673
4750 3625
4751 7721
4752 297
4753 4393
4754 2345
4755 6441
4756 1321
4757 5417
4758 3369
4759 7465
4760 809
4761 4905
4762 2857
4763 6953
4764 1833
4765 5929
4766 3881
4767 7977
4768 169
4769 4265
4770 2217
4771 6313
4772 1193
4773 5289
4774 3241
4775 7337
4776 681
4777 4777
4778 2729
4779 6825
4780 1705
4781 5801
4782 3753
4783 7849
4784 425
4785 4521
4786 2473
4787 6569
4788 1449
4789 5545
4790 3497
4791 7593
4792 937
4793 5033
4794 2985
4795 7081
4796 1961
4797 6057
4798 4009
4799 8105
4800 105
4801 4201
4802 2153
4803 6249
4804 1129
4805 5225
4806 3177
4807 7273
4808 617
4809 4713
4810 2665
4811 6761
4812 1641
4813 5737
4814 3689
4815 7785
4816 361
4817 4457
4818 2409
4819 6505
4820 1385
4821 5481
4822 3433
4823 7529
4824 873
4825 4969
4826 2921
4827 7017
4828 1897
4829 5993
4830 3945
4831 8041
4832 233
4833 4329
4834 2281
4835 6377
4836 1257
4837 5353
4838 3305
4839 7401
4840 745
4841 4841
4842 2793
4843 6889
4844 1769
4845 5865
4846 3817
4847 7913
4848 489
4849 4585
4850 2537
4851 6633
4852 1513
4853 5609
4854 3561
4855 7657
4856 1001
4857 5097
4858 3049
4859 7145
4860 2025
4861 6121
4862 4073
4863 8169
4864 25
4865 4121
4866 2073
4867 6169
4868 1049
4869 5145
4870 3097
4871 7193
4872 537
4873 4633
4874 2585
4875 6681
4876 1561
4877 5657
4878 3609
4879 7705
4880 281
4881 4377
4882 2329
4883 6425
4884 1305
4885 5401
4886 3353
4887 7449
4888 793
4889 4889
4890 2841
4891 6937
4892 1817
4893 5913
4894 3865
4895 7961
4896 153
4897 4249
4898 2201
4899 6297
4900 1177
4901 5273
4902 3225
4903 7321
4904 665
4905 4761
4906 2713
4907 6809
4908 1689
4909 5785
4910 3737
4911 7833
4912 409
4913 4505
4914 2457
4915 6553
4916 1433
4917 5529
4918 3481
4919 7577
4920 921
4921 5017
4922 2969
4923 7065
4924 1945
4925 6041
4926 3993
4927 8089
4928 89
4929 4185
4930 2137
4931 6233
4932 1113
4933 5209
4934 3161
4935 7257
4936 601
4937 4697
4938 2649
4939 6745
4940 1625
4941 5721
4942 3673
4943 7769
4944 345
4945 4441
4946 2393
4947 6489
4948 1369
4949 5465
4950 3417
4951 7513
4952 857
4953 4953
4954 2905
4955 7001
4956 1881
4957 5977
4958 3929
4959 8025
4960 217
4961 4313
4962 2265
4963 6361
4964 1241
4965 5337
4966 3289
4967 7385
4968 729
4969 4825
4970 2777
4971 6873
4972 1753
4973 5849
4974 3801
4975 7897
4976 473
4977 4569
4978 2521
4979 6617
4980 1497
4981 5593
4982 3545
4983 7641
4984 985
4985 5081
4986 3033
4987 7129
4988 2009
4989 6105
4990 4057
4991 8153
4992 57
4993 4153
4994 2105
4995 6201
4996 1081
4997 5177
4998 3129
4999 7225
5000 569
5001 4665
5002 2617
5003 6713
5004 1593
5005 5689
5006 3641
5007 7737
5008 313
5009 4409
5010 2361
5011 6457
5012 1337
5013 5433
5014 3385
5015 7481
5016 825
5017 4921
5018 2873
5019 6969
5020 1849
5021 5945
5022 3897
5023 7993
5024 185
5025 4281
5026 2233
5027 6329
5028 1209
5029 5305
5030 3257
5031 7353
5032 697
5033 4793
5034 2745
5035 6841
5036 1721
5037 5817
5038 3769
5039 7865
5040 441
5041 4537
5042 2489
5043 6585
5044 1465
5045 5561
5046 3513
5047 7609
5048 953
5049 5049
5050 3001
5051 7097
5052 1977
5053 6073
5054 4025
5055 8121
5056 121
5057 4217
5058 2169
5059 6265
5060 1145
5061 5241
5062 3193
5063 7289
5064 633
5065 4729
5066 2681
5067 6777
5068 1657
5069 5753
5070 3705
5071 7801
5072 377
5073 4473
5074 2425
5075 6521
5076 1401
5077 5497
5078 3449
5079 7545
5080 889
5081 4985
5082 2937
5083 7033
5084 1913
5085 6009
5086 3961
5087 8057
5088 249
5089 4345
5090 2297
5091 6393
5092 1273
5093 5369
5094 3321
5095 7417
5096 761
5097 4857
5098 2809
5099 6905
5100 1785
5101 5881
5102 3833
5103 7929
5104 505
5105 4601
5106 2553
5107 6649
5108 1529
5109 5625
5110 3577
5111 7673
5112 1017
5113 5113
5114 3065
5115 7161
5116 2041
5117 6137
5118 4089
5119 8185
5120 5
5121 4101
5122 2053
5123 6149
5124 1029
5125 5125
5126 3077
5127 7173
5128 517
5129 4613
5130 2565
5131 6661
5132 1541
5133 5637
5134 3589
5135 7685
5136 261
5137 4357
5138 2309
5139 6405
5140 1285
5141 5381
5142 3333
5143 7429
5144 773
5145 4869
5146 2821
5147 6917
5148 1797
5149 5893
5150 3845
5151 7941
5152 133
5153 4229
5154 2181
5155 6277
5156 1157
5157 5253
5158 3205
5159 7301
5160 645
5161 4741
5162 2693
5163 6789
5164 1669
5165 5765
5166 3717
5167 7813
5168 389
5169 4485
5170 2437
5171 6533
5172 1413
5173 5509
5174 3461
5175 7557
5176 901
5177 4997
5178 2949
5179 7045
5180 1925
5181 6021
5182 3973
5183 8069
5184 69
5185 4165
5186 2117
5187 6213
5188 1093
5189 5189
5190 3141
5191 7237
5192 581
5193 4677
5194 2629
5195 6725
5196 1605
5197 5701
5198 3653
5199 7749
5200 325
5201 4421
5202 2373
5203 6469
5204 1349
5205 5445
5206 3397
5207 7493
5208 837
5209 4933
5210 2885
5211 6981
5212 1861
5213 5957
5214 3909
5215 8005
5216 197
5217 4293
5218 2245
5219 6341
5220 1221
5221 5317
5222 3269
5223 7365
5224 709
5225 4805
5226 2757
5227 6853
5228 1733
5229 5829
5230 3781
5231 7877
5232 453
5233 4549
5234 2501
5235 6597
5236 1477
5237 5573
5238 3525
5239 7621
5240 965
5241 5061
5242 3013
5243 7109
5244 1989
5245 6085
5246 4037
5247 8133
5248 37
5249 4133
5250 2085
5251 6181
5252 1061
5253 5157
5254 3109
5255 7205
5256 549
5257 4645
5258 2597
5259 6693
5260 1573
5261 5669
5262 3621
5263 7717
5264 293
5265 4389
5266 2341
5267 6437
5268 1317
5269 5413
5270 3365
5271 7461
5272 805
5273 4901
5274 2853
5275 6949
5276 1829
5277 5925
5278 3877
5279 7973
5280 165
5281 4261
5282 2213
5283 6309
5284 1189
5285 5285
5286 3237
5287 7333
5288 677
5289 4773
5290 2725
5291 6821
5292 1701
5293 5797
5294 3749
5295 7845
5296 421
5297 4517
5298 2469
5299 6565
5300 1445
5301 5541
5302 3493
5303 7589
5304 933
5305 5029
5306 2981
5307 7077
5308 1957
5309 6053
5310 4005
5311 8101
5312 101
5313 4197
5314 2149
5315 6245
5316 1125
5317 5221
5318 3173
5319 7269
5320 613
5321 4709
5322 2661
5323 6757
5324 1637
5325 5733
5326 3685
5327 7781
5328 357
5329 4453
5330 2405
5331 6501
5332 1381
5333 5477
5334 3429
5335 7525
5336 869
5337 4965
5338 2917
5339 7013
5340 1893
5341 5989
5342 3941
5343 8037
5344 229
5345 4325
5346 2277
5347 6373
5348 1253
5349 5349
5350 3301
5351 7397
5352 741
5353 4837
5354 2789
5355 6885
5356 1765
5357 5861
5358 3813
5359 7909
5360 485
5361 4581
5362 2533
5363 6629
5364 1509
5365 5605
5366 3557
5367 7653
5368 997
5369 5093
5370 3045
5371 7141
5372 2021
5373 6117
5374 4069
5375 8165
5376 21
5377 4117
5378 2069
5379 6165
5380 1045
5381 5141
5382 3093
5383 7189
5384 533
5385 4629
5386 2581
5387 6677
5388 1557
5389 5653
5390 3605
5391 7701
5392 277
5393 4373
5394 2325
5395 6421
5396 1301
5397 5397
5398 3349
5399 7445
5400 789
5401 4885
5402 2837
5403 6933
5404 1813
5405 5909
5406 3861
5407 7957
5408 149
5409 4245
5410 2197
5411 6293
5412 1173
5413 5269
5414 3221
5415 7317
5416 661
5417 4757
5418 2709
5419 6805
5420 1685
5421 5781
5422 3733
5423 7829
5424 405
5425 4501
5426 2453
5427 6549
5428 1429
5429 5525
5430 3477
5431 7573
5432 917
5433 5013
5434 2965
5435 7061
5436 1941
5437 6037
5438 3989
5439 8085
5440 85
5441 4181
5442 2133
5443 6229
5444 1109
5445 5205
5446 3157
5447 7253
5448 597
5449 4693
5450 2645
5451 6741
5452 1621
5453 5717
5454 3669
5455 7765
5456 341
5457 4437
5458 2389
5459 6485
5460 1365
5461 5461
5462 3413
5463 7509
5464 853
5465 4949
5466 2901
5467 6997
5468 1877
5469 5973
5470 3925
5471 8021
5472 213
5473 4309
5474 2261
5475 6357
5476 1237
5477 5333
5478 3285
5479 7381
5480 725
5481 4821
5482 2773
5483 6869
5484 1749
5485 5845
5486 3797
5487 7893
5488 469
5489 4565
5490 2517
5491 6613
5492 1493
5493 5589
5494 3541
5495 7637
5496 981
5497 5077
5498 3029
5499 7125
5500 2005
5501 6101
5502 4053
5503 8149
5504 53
5505 4149
5506 2101
5507 6197
5508 1077
5509 5173
5510 3125
5511 7221
5512 565
5513 4661
5514 2613
5515 6709
5516 1589
5517 5685
5518 3637
5519 7733
5520 309
5521 4405
5522 2357
5523 6453
5524 1333
5525 5429
5526 3381
5527 7477
5528 821
5529 4917
5530 2869
5531 6965
5532 1845
5533 5941
5534 3893
5535 7989
5536 181
5537 4277
5538 2229
5539 6325
5540 1205
5541 5301
5542 3253
5543 7349
5544 693
5545 4789
5546 2741
5547 6837
5548 1717
5549 5813
5550 3765
5551 7861
5552 437
5553 4533
5554 2485
5555 6581
5556 1461
5557 5557
5558 3509
5559 7605
5560 949
5561 5045
5562 2997
5563 7093
5564 1973
5565 6069
5566 4021
5567 8117
5568 117
5569 4213
5570 2165
5571 6261
5572 1141
5573 5237
5574 3189
5575 7285
5576 629
5577 4725
5578 2677
5579 6773
5580 1653
5581 5749
5582 3701
5583 7797
5584 373
5585 4469
5586 2421
5587 6517
5588 1397
5589 5493
5590 3445
5591 7541
5592 885
5593 4981
5594 2933
5595 7029
5596 1909
5597 6005
5598 3957
5599 8053
5600 245
5601 4341
5602 2293
5603 6389
5604 1269
5605 5365
5606 3317
5607 7413
5608 757
5609 4853
5610 2805
5611 6901
5612 1781
5613 5877
5614 3829
5615 7925
5616 501
5617 4597
5618 2549
5619 6645
5620 1525
5621 5621
5622 3573
5623 7669
5624 1013
5625 5109
5626 3061
5627 7157
5628 2037
5629 6133
5630 4085
5631 8181
5632 13
5633 4109
5634 2061
5635 6157
5636 1037
5637 5133
5638 3085
5639 7181
5640 525
5641 4621
5642 2573
5643 6669
5644 1549
5645 5645
5646 3597
5647 7693
5648 269
5649 4365
5650 2317
5651 6413
5652 1293
5653 5389
5654 3341
5655 7437
5656 781
5657 4877
5658 2829
5659 6925
5660 1805
5661 5901
5662 3853
5663 7949
5664 141
5665 4237
5666 2189
5667 6285
5668 1165
5669 5261
5670 3213
5671 7309
5672 653
5673 4749
5674 2701
5675 6797
5676 1677
5677 5773
5678 3725
5679 7821
5680 397
5681 4493
5682 2445
5683 6541
5684 1421
5685 5517
5686 3469
5687 7565
5688 909
5689 5005
5690 2957
5691 7053
5692 1933
5693 6029
5694 3981
5695 8077
5696 77
5697 4173
5698 2125
5699 6221
5700 1101
5701 5197
5702 3149
5703 7245
5704 589
5705 4685
5706 2637
5707 6733
5708 1613
5709 5709
5710 3661
5711 7757
5712 333
5713 4429
5714 2381
5715 6477
5716 1357
5717 5453
5718 3405
5719 7501
5720 845
5721 4941
5722 2893
5723 6989
5724 1869
5725 5965
5726 3917
5727 8013
5728 205
5729 4301
5730 2253
5731 6349
5732 1229
5733 5325
5734 3277
5735 7373
5736 717
5737 4813
5738 2765
5739 6861
5740 1741
5741 5837
5742 3789
5743 7885
5744 461
5745 4557
5746 2509
5747 6605
5748 1485
5749 5581
5750 3533
5751 7629
5752 973
5753 5069
5754 3021
5755 7117
5756 1997
5757 6093
5758 4045
5759 8141
5760 45
5761 4141
5762 2093
5763 6189
5764 1069
5765 5165
5766 3117
5767 7213
5768 557
5769 4653
5770 2605
5771 6701
5772 1581
5773 5677
5774 3629
5775 7725
5776 301
5777 4397
5778 2349
5779 6445
5780 1325
5781 5421
5782 3373
5783 7469
5784 813
5785 4909
5786 2861
5787 6957
5788 1837
5789 5933
5790 3885
5791 7981
5792 173
5793 4269
5794 2221
5795 6317
5796 1197
5797 5293
5798 3245
5799 7341
5800 685
5801 4781
5802 2733
5803 6829
5804 1709
5805 5805
5806 3757
5807 7853
5808 429
5809 4525
5810 2477
5811 6573
5812 1453
5813 5549
5814 3501
5815 7597
5816 941
5817 5037
5818 2989
5819 7085
5820 1965
5821 6061
5822 4013
5823 8109
5824 109
5825 4205
5826 2157
5827 6253
5828 1133
5829 5229
5830 3181
5831 7277
5832 621
5833 4717
5834 2669
5835 6765
5836 1645
5837 5741
5838 3693
5839 7789
5840 365
5841 4461
5842 2413
5843 6509
5844 1389
5845 5485
5846 3437
5847 7533
5848 877
5849 4973
5850 2925
5851 7021
5852 1901
5853 5997
5854 3949
5855 8045
5856 237
5857 4333
5858 2285
5859 6381
5860 1261
5861 5357
5862 3309
5863 7405
5864 749
5865 4845
5866 2797
5867 6893
5868 1773
5869 5869
5870 3821
5871 7917
5872 493
5873 4589
5874 2541
5875 6637
5876 1517
5877 5613
5878 3565
5879 7661
5880 1005
5881 5101
5882 3053
5883 7149
5884 2029
5885 6125
5886 4077
5887 8173
5888 29
5889 4125
5890 2077
5891 6173
5892 1053
5893 5149
5894 3101
5895 7197
5896 541
5897 4637
5898 2589
5899 6685
5900 1565
5901 5661
5902 3613
5903 7709
5904 285
5905 4381
5906 2333
5907 6429
5908 1309
5909 5405
5910 3357
5911 7453
5912 797
5913 4893
5914 2845
5915 6941
5916 1821
5917 5917
5918 3869
5919 7965
5920 157
5921 4253
5922 2205
5923 6301
5924 1181
5925 5277
5926 3229
5927 7325
5928 669
5929 4765
5930 2717
5931 6813
5932 1693
5933 5789
5934 3741
5935 7837
5936 413
5937 4509
5938 2461
5939 6557
5940 1437
5941 5533
5942 3485
5943 7581
5944 925
5945 5021
5946 2973
5947 7069
5948 1949
5949 6045
5950 3997
5951 8093
5952 93
5953 4189
5954 2141
5955 6237
5956 1117
5957 5213
5958 3165
5959 7261
5960 605
5961 4701
5962 2653
5963 6749
5964 1629
5965 5725
5966 3677
5967 7773
5968 349
5969 4445
5970 2397
5971 6493
5972 1373
5973 5469
5974 3421
5975 7517
5976 861
5977 4957
5978 2909
5979 7005
5980 1885
5981 5981
5982 3933
5983 8029
5984 221
5985 4317
5986 2269
5987 6365
5988 1245
5989 5341
5990 3293
5991 7389
5992 733
5993 4829
5994 2781
5995 6877
5996 1757
5997 5853
5998 3805
5999 7901
6000 477
6001 4573
6002 2525
6003 6621
6004 1501
6005 5597
6006 3549
6007 7645
6008 989
6009 5085
6010 3037
6011 7133
6012 2013
6013 6109
6014 4061
6015 8157
6016 61
6017 4157
6018 2109
6019 6205
6020 1085
6021 5181
6022 3133
6023 7229
6024 573
6025 4669
6026 2621
6027 6717
6028 1597
6029 5693
6030 3645
6031 7741
6032 317
6033 4413
6034 2365
6035 6461
6036 1341
6037 5437
6038 3389
6039 7485
6040 829
6041 4925
6042 2877
6043 6973
6044 1853
6045 5949
6046 3901
6047 7997
6048 189
6049 4285
6050 2237
6051 6333
6052 1213
6053 5309
6054 3261
6055 7357
6056 701
6057 4797
6058 2749
6059 6845
6060 1725
6061 5821
6062 3773
6063 7869
6064 445
6065 4541
6066 2493
6067 6589
6068 1469
6069 5565
6070 3517
6071 7613
6072 957
6073 5053
6074 3005
6075 7101
6076 1981
6077 6077
6078 4029
6079 8125
6080 125
6081 4221
6082 2173
6083 6269
6084 1149
6085 5245
6086 3197
6087 7293
6088 637
6089 4733
6090 2685
6091 6781
6092 1661
6093 5757
6094 3709
6095 7805
6096 381
6097 4477
6098 2429
6099 6525
6100 1405
6101 5501
6102 3453
6103 7549
6104 893
6105 4989
6106 2941
6107 7037
6108 1917
6109 6013
6110 3965
6111 8061
6112 253
6113 4349
6114 2301
6115 6397
6116 1277
6117 5373
6118 3325
6119 7421
6120 765
6121 4861
6122 2813
6123 6909
6124 1789
6125 5885
6126 3837
6127 7933
6128 509
6129 4605
6130 2557
6131 6653
6132 1533
6133 5629
6134 3581
6135 7677
6136 1021
6137 5117
6138 3069
6139 7165
6140 2045
6141 6141
6142 4093
6143 8189
6144 3
6145 4099
6146 2051
6147 6147
6148 1027
6149 5123
6150 3075
6151 7171
6152 515
6153 4611
6154 2563
6155 6659
6156 1539
6157 5635
6158 3587
6159 7683
6160 259
6161 4355
6162 2307
6163 6403
6164 1283
6165 5379
6166 3331
6167 7427
6168 771
6169 4867
6170 2819
6171 6915
6172 1795
6173 5891
6174 3843
6175 7939
6176 131
6177 4227
6178 2179
6179 6275
6180 1155
6181 5251
6182 3203
6183 7299
6184 643
6185 4739
6186 2691
6187 6787
6188 1667
6189 5763
6190 3715
6191 7811
6192 387
6193 4483
6194 2435
6195 6531
6196 1411
6197 5507
6198 3459
6199 7555
6200 899
6201 4995
6202 2947
6203 7043
6204 1923
6205 6019
6206 3971
6207 8067
6208 67
6209 4163
6210 2115
6211 6211
6212 1091
6213 5187
6214 3139
6215 7235
6216 579
6217 4675
6218 2627
6219 6723
6220 1603
6221 5699
6222 3651
6223 7747
6224 323
6225 4419
6226 2371
6227 6467
6228 1347
6229 5443
6230 3395
6231 7491
6232 835
6233 4931
6234 2883
6235 6979
6236 1859
6237 5955
6238 3907
6239 8003
6240 195
6241 4291
6242 2243
6243 6339
6244 1219
6245 5315
6246 3267
6247 7363
6248 707
6249 4803
6250 2755
6251 6851
6252 1731
6253 5827
6254 3779
6255 7875
6256 451
6257 4547
6258 2499
6259 6595
6260 1475
6261 5571
6262 3523
6263 7619
6264 963
6265 5059
6266 3011
6267 7107
6268 1987
6269 6083
6270 4035
6271 8131
6272 35
6273 4131
6274 2083
6275 6179
6276 1059
6277 5155
6278 3107
6279 7203
6280 547
6281 4643
6282 2595
6283 6691
6284 1571
6285 5667
6286 3619
6287 7715
6288 291
6289 4387
6290 2339
6291 6435
6292 1315
6293 5411
6294 3363
6295 7459
6296 803
6297 4899
6298 2851
6299 6947
6300 1827
6301 5923
6302 3875
6303 7971
6304 163
6305 4259
6306 2211
6307 6307
6308 1187
6309 5283
6310 3235
6311 7331
6312 675
6313 4771
6314 2723
6315 6819
6316 1699
6317 5795
6318 3747
6319 7843
6320 419
6321 4515
6322 2467
6323 6563
6324 1443
6325 5539
6326 3491
6327 7587
6328 931
6329 5027
6330 2979
6331 7075
6332 1955
6333 6051
6334 4003
6335 8099
6336 99
6337 4195
6338 2147
6339 6243
6340 1123
6341 5219
6342 3171
6343 7267
6344 611
6345 4707
6346 2659
6347 6755
6348 1635
6349 5731
6350 3683
6351 7779
6352 355
6353 4451
6354 2403
6355 6499
6356 1379
6357 5475
6358 3427
6359 7523
6360 867
6361 4963
6362 2915
6363 7011
6364 1891
6365 5987
6366 3939
6367 8035
6368 227
6369 4323
6370 2275
6371 6371
6372 1251
6373 5347
6374 3299
6375 7395
6376 739
6377 4835
6378 2787
6379 6883
6380 1763
6381 5859
6382 3811
6383 7907
6384 483
6385 4579
6386 2531
6387 6627
6388 1507
6389 5603
6390 3555
6391 7651
6392 995
6393 5091
6394 3043
6395 7139
6396 2019
6397 6115
6398 4067
6399 8163
6400 19
6401 4115
6402 2067
6403 6163
6404 1043
6405 5139
6406 3091
6407 7187
6408 531
6409 4627
6410 2579
6411 6675
6412 1555
6413 5651
6414 3603
6415 7699
6416 275
6417 4371
6418 2323
6419 6419
6420 1299
6421 5395
6422 3347
6423 7443
6424 787
6425 4883
6426 2835
6427 6931
6428 1811
6429 5907
6430 3859
6431 7955
6432 147
6433 4243
6434 2195
6435 6291
6436 1171
6437 5267
6438 3219
6439 7315
6440 659
6441 4755
6442 2707
6443 6803
6444 1683
6445 5779
6446 3731
6447 7827
6448 403
6449 4499
6450 2451
6451 6547
6452 1427
6453 5523
6454 3475
6455 7571
6456 915
6457 5011
6458 2963
6459 7059
6460 1939
6461 6035
6462 3987
6463 8083
6464 83
6465 4179
6466 2131
6467 6227
6468 1107
6469 5203
6470 3155
6471 7251
6472 595
6473 4691
6474 2643
6475 6739
6476 1619
6477 5715
6478 3667
6479 7763
6480 339
6481 4435
6482 2387
6483 6483
6484 1363
6485 5459
6486 3411
6487 7507
6488 851
6489 4947
6490 2899
6491 6995
6492 1875
6493 5971
6494 3923
6495 8019
6496 211
6497 4307
6498 2259
6499 6355
6500 1235
6501 5331
6502 3283
6503 7379
6504 723
6505 4819
6506 2771
6507 6867
6508 1747
6509 5843
6510 3795
6511 7891
6512 467
6513 4563
6514 2515
6515 6611
6516 1491
6517 5587
6518 3539
6519 7635
6520 979
6521 5075
6522 3027
6523 7123
6524 2003
6525 6099
6526 4051
6527 8147
6528 51
6529 4147
6530 2099
6531 6195
6532 1075
6533 5171
6534 3123
6535 7219
6536 563
6537 4659
6538 2611
6539 6707
6540 1587
6541 5683
6542 3635
6543 7731
6544 307
6545 4403
6546 2355
6547 6451
6548 1331
6549 5427
6550 3379
6551 7475
6552 819
6553 4915
6554 2867
6555 6963
6556 1843
6557 5939
6558 3891
6559 7987
6560 179
6561 4275
6562 2227
6563 6323
6564 1203
6565 5299
6566 3251
6567 7347
6568 691
6569 4787
6570 2739
6571 6835
6572 1715
6573 5811
6574 3763
6575 7859
6576 435
6577 4531
6578 2483
6579 6579
6580 1459
6581 5555
6582 3507
6583 7603
6584 947
6585 5043
6586 2995
6587 7091
6588 1971
6589 6067
6590 4019
6591 8115
6592 115
6593 4211
6594 2163
6595 6259
6596 1139
6597 5235
6598 3187
6599 7283
6600 627
6601 4723
6602 2675
6603 6771
6604 1651
6605 5747
6606 3699
6607 7795
6608 371
6609 4467
6610 2419
6611 6515
6612 1395
6613 5491
6614 3443
6615 7539
6616 883
6617 4979
6618 2931
6619 7027
6620 1907
6621 6003
6622 3955
6623 8051
6624 243
6625 4339
6626 2291
6627 6387
6628 1267
6629 5363
6630 3315
6631 7411
6632 755
6633 4851
6634 2803
6635 6899
6636 1779
6637 5875
6638 3827
6639 7923
6640 499
6641 4595
6642 2547
6643 6643
6644 1523
6645 5619
6646 3571
6647 7667
6648 1011
6649 5107
6650 3059
6651 7155
6652 2035
6653 6131
6654 4083
6655 8179
6656 11
6657 4107
6658 2059
6659 6155
6660 1035
6661 5131
6662 3083
6663 7179
6664 523
6665 4619
6666 2571
6667 6667
6668 1547
6669 5643
6670 3595
6671 7691
6672 267
6673 4363
6674 2315
6675 6411
6676 1291
6677 5387
6678 3339
6679 7435
6680 779
6681 4875
6682 2827
6683 6923
6684 1803
6685 5899
6686 3851
6687 7947
6688 139
6689 4235
6690 2187
6691 6283
6692 1163
6693 5259
6694 3211
6695 7307
6696 651
6697 4747
6698 2699
6699 6795
6700 1675
6701 5771
6702 3723
6703 7819
6704 395
6705 4491
6706 2443
6707 6539
6708 1419
6709 5515
6710 3467
6711 7563
6712 907
6713 5003
6714 2955
6715 7051
6716 1931
6717 6027
6718 3979
6719 8075
6720 75
6721 4171
6722 2123
6723 6219
6724 1099
6725 5195
6726 3147
6727 7243
6728 587
6729 4683
6730 2635
6731 6731
6732 1611
6733 5707
6734 3659
6735 7755
6736 331
6737 4427
6738 2379
6739 6475
6740 1355
6741 5451
6742 3403
6743 7499
6744 843
6745 4939
6746 2891
6747 6987
6748 1867
6749 5963
6750 3915
6751 8011
6752 203
6753 4299
6754 2251
6755 6347
6756 1227
6757 5323
6758 3275
6759 7371
6760 715
6761 4811
6762 2763
6763 6859
6764 1739
6765 5835
6766 3787
6767 7883
6768 459
6769 4555
6770 2507
6771 6603
6772 1483
6773 5579
6774 3531
6775 7627
6776 971
6777 5067
6778 3019
6779 7115
6780 1995
6781 6091
6782 4043
6783 8139
6784 43
6785 4139
6786 2091
6787 6187
6788 1067
6789 5163
6790 3115
6791 7211
6792 555
6793 4651
6794 2603
6795 6699
6796 1579
6797 5675
6798 3627
6799 7723
6800 299
6801 4395
6802 2347
6803 6443
6804 1323
6805 5419
6806 3371
6807 7467
6808 811
6809 4907
6810 2859
6811 6955
6812 1835
6813 5931
6814 3883
6815 7979
6816 171
6817 4267
6818 2219
6819 6315
6820 1195
6821 5291
6822 3243
6823 7339
6824 683
6825 4779
6826 2731
6827 6827
6828 1707
6829 5803
6830 3755
6831 7851
6832 427
6833 4523
6834 2475
6835 6571
6836 1451
6837 5547
6838 3499
6839 7595
6840 939
6841 5035
6842 2987
6843 7083
6844 1963
6845 6059
6846 4011
6847 8107
6848 107
6849 4203
6850 2155
6851 6251
6852 1131
6853 5227
6854 3179
6855 7275
6856 619
6857 4715
6858 2667
6859 6763
6860 1643
6861 5739
6862 3691
6863 7787
6864 363
6865 4459
6866 2411
6867 6507
6868 1387
6869 5483
6870 3435
6871 7531
6872 875
6873 4971
6874 2923
6875 7019
6876 1899
6877 5995
6878 3947
6879 8043
6880 235
6881 4331
6882 2283
6883 6379
6884 1259
6885 5355
6886 3307
6887 7403
6888 747
6889 4843
6890 2795
6891 6891
6892 1771
6893 5867
6894 3819
6895 7915
6896 491
6897 4587
6898 2539
6899 6635
6900 1515
6901 5611
6902 3563
6903 7659
6904 1003
6905 5099
6906 3051
6907 7147
6908 2027
6909 6123
6910 4075
6911 8171
6912 27
6913 4123
6914 2075
6915 6171
6916 1051
6917 5147
6918 3099
6919 7195
6920 539
6921 4635
6922 2587
6923 6683
6924 1563
6925 5659
6926 3611
6927 7707
6928 283
6929 4379
6930 2331
6931 6427
6932 1307
6933 5403
6934 3355
6935 7451
6936 795
6937 4891
6938 2843
6939 6939
6940 1819
6941 5915
6942 3867
6943 7963
6944 155
6945 4251
6946 2203
6947 6299
6948 1179
6949 5275
6950 3227
6951 7323
6952 667
6953 4763
6954 2715
6955 6811
6956 1691
6957 5787
6958 3739
6959 7835
6960 411
6961 4507
6962 2459
6963 6555
6964 1435
6965 5531
6966 3483
6967 7579
6968 923
6969 5019
6970 2971
6971 7067
6972 1947
6973 6043
6974 3995
6975 8091
6976 91
6977 4187
6978 2139
6979 6235
6980 1115
6981 5211
6982 3163
6983 7259
6984 603
6985 4699
6986 2651
6987 6747
6988 1627
6989 5723
6990 3675
6991 7771
6992 347
6993 4443
6994 2395
6995 6491
6996 1371
6997 5467
6998 3419
6999 7515
7000 859
7001 4955
7002 2907
7003 7003
7004 1883
7005 5979
7006 3931
7007 8027
7008 219
7009 4315
7010 2267
7011 6363
7012 1243
7013 5339
7014 3291
7015 7387
7016 731
7017 4827
7018 2779
7019 6875
7020 1755
7021 5851
7022 3803
7023 7899
7024 475
7025 4571
7026 2523
7027 6619
7028 1499
7029 5595
7030 3547
7031 7643
7032 987
7033 5083
7034 3035
7035 7131
7036 2011
7037 6107
7038 4059
7039 8155
7040 59
7041 4155
7042 2107
7043 6203
7044 1083
7045 5179
7046 3131
7047 7227
7048 571
7049 4667
7050 2619
7051 6715
7052 1595
7053 5691
7054 3643
7055 7739
7056 315
7057 4411
7058 2363
7059 6459
7060 1339
7061 5435
7062 3387
7063 7483
7064 827
7065 4923
7066 2875
7067 6971
7068 1851
7069 5947
7070 3899
7071 7995
7072 187
7073 4283
7074 2235
7075 6331
7076 1211
7077 5307
7078 3259
7079 7355
7080 699
7081 4795
7082 2747
7083 6843
7084 1723
7085 5819
7086 3771
7087 7867
7088 443
7089 4539
7090 2491
7091 6587
7092 1467
7093 5563
7094 3515
7095 7611
7096 955
7097 5051
7098 3003
7099 7099
7100 1979
7101 6075
7102 4027
7103 8123
7104 123
7105 4219
7106 2171
7107 6267
7108 1147
7109 5243
7110 3195
7111 7291
7112 635
7113 4731
7114 2683
7115 6779
7116 1659
7117 5755
7118 3707
7119 7803
7120 379
7121 4475
7122 2427
7123 6523
7124 1403
7125 5499
7126 3451
7127 7547
7128 891
7129 4987
7130 2939
7131 7035
7132 1915
7133 6011
7134 3963
7135 8059
7136 251
7137 4347
7138 2299
7139 6395
7140 1275
7141 5371
7142 3323
7143 7419
7144 763
7145 4859
7146 2811
7147 6907
7148 1787
7149 5883
7150 3835
7151 7931
7152 507
7153 4603
7154 2555
7155 6651
7156 1531
7157 5627
7158 3579
7159 7675
7160 1019
7161 5115
7162 3067
7163 7163
7164 2043
7165 6139
7166 4091
7167 8187
7168 7
7169 4103
7170 2055
7171 6151
7172 1031
7173 5127
7174 3079
7175 7175
7176 519
7177 4615
7178 2567
7179 6663
7180 1543
7181 5639
7182 3591
7183 7687
7184 263
7185 4359
7186 2311
7187 6407
7188 1287
7189 5383
7190 3335
7191 7431
7192 775
7193 4871
7194 2823
7195 6919
7196 1799
7197 5895
7198 3847
7199 7943
7200 135
7201 4231
7202 2183
7203 6279
7204 1159
7205 5255
7206 3207
7207 7303
7208 647
7209 4743
7210 2695
7211 6791
7212 1671
7213 5767
7214 3719
7215 7815
7216 391
7217 4487
7218 2439
7219 6535
7220 1415
7221 5511
7222 3463
7223 7559
7224 903
7225 4999
7226 2951
7227 7047
7228 1927
7229 6023
7230 3975
7231 8071
7232 71
7233 4167
7234 2119
7235 6215
7236 1095
7237 5191
7238 3143
7239 7239
7240 583
7241 4679
7242 2631
7243 6727
7244 1607
7245 5703
7246 3655
7247 7751
7248 327
7249 4423
7250 2375
7251 6471
7252 1351
7253 5447
7254 3399
7255 7495
7256 839
7257 4935
7258 2887
7259 6983
7260 1863
7261 5959
7262 3911
7263 8007
7264 199
7265 4295
7266 2247
7267 6343
7268 1223
7269 5319
7270 3271
7271 7367
7272 711
7273 4807
7274 2759
7275 6855
7276 1735
7277 5831
7278 3783
7279 7879
7280 455
7281 4551
7282 2503
7283 6599
7284 1479
7285 5575
7286 3527
7287 7623
7288 967
7289 5063
7290 3015
7291 7111
7292 1991
7293 6087
7294 4039
7295 8135
7296 39
7297 4135
7298 2087
7299 6183
7300 1063
7301 5159
7302 3111
7303 7207
7304 551
7305 4647
7306 2599
7307 6695
7308 1575
7309 5671
7310 3623
7311 7719
7312 295
7313 4391
7314 2343
7315 6439
7316 1319
7317 5415
7318 3367
7319 7463
7320 807
7321 4903
7322 2855
7323 6951
7324 1831
7325 5927
7326 3879
7327 7975
7328 167
7329 4263
7330 2215
7331 6311
7332 1191
7333 5287
7334 3239
7335 7335
7336 679
7337 4775
7338 2727
7339 6823
7340 1703
7341 5799
7342 3751
7343 7847
7344 423
7345 4519
7346 2471
7347 6567
7348 1447
7349 5543
7350 3495
7351 7591
7352 935
7353 5031
7354 2983
7355 7079
7356 1959
7357 6055
7358 4007
7359 8103
7360 103
7361 4199
7362 2151
7363 6247
7364 1127
7365 5223
7366 3175
7367 7271
7368 615
7369 4711
7370 2663
7371 6759
7372 1639
7373 5735
7374 3687
7375 7783
7376 359
7377 4455
7378 2407
7379 6503
7380 1383
7381 5479
7382 3431
7383 7527
7384 871
7385 4967
7386 2919
7387 7015
7388 1895
7389 5991
7390 3943
7391 8039
7392 231
7393 4327
7394 2279
7395 6375
7396 1255
7397 5351
7398 3303
7399 7399
7400 743
7401 4839
7402 2791
7403 6887
7404 1767
7405 5863
7406 3815
7407 7911
7408 487
7409 4583
7410 2535
7411 6631
7412 1511
7413 5607
7414 3559
7415 7655
7416 999
7417 5095
7418 3047
7419 7143
7420 2023
7421 6119
7422 4071
7423 8167
7424 23
7425 4119
7426 2071
7427 6167
7428 1047
7429 5143
7430 3095
7431 7191
7432 535
7433 4631
7434 2583
7435 6679
7436 1559
7437 5655
7438 3607
7439 7703
7440 279
7441 4375
7442 2327
7443 6423
7444 1303
7445 5399
7446 3351
7447 7447
7448 791
7449 4887
7450 2839
7451 6935
7452 1815
7453 5911
7454 3863
7455 7959
7456 151
7457 4247
7458 2199
7459 6295
7460 1175
7461 5271
7462 3223
7463 7319
7464 663
7465 4759
7466 2711
7467 6807
7468 1687
7469 5783
7470 3735
7471 7831
7472 407
7473 4503
7474 2455
7475 6551
7476 1431
7477 5527
7478 3479
7479 7575
7480 919
7481 5015
7482 2967
7483 7063
7484 1943
7485 6039
7486 3991
7487 8087
7488 87
7489 4183
7490 2135
7491 6231
7492 1111
7493 5207
7494 3159
7495 7255
7496 599
7497 4695
7498 2647
7499 6743
7500 1623
7501 5719
7502 3671
7503 7767
7504 343
7505 4439
7506 2391
7507 6487
7508 1367
7509 5463
7510 3415
7511 7511
7512 855
7513 4951
7514 2903
7515 6999
7516 1879
7517 5975
7518 3927
7519 8023
7520 215
7521 4311
7522 2263
7523 6359
7524 1239
7525 5335
7526 3287
7527 7383
7528 727
7529 4823
7530 2775
7531 6871
7532 1751
7533 5847
7534 3799
7535 7895
7536 471
7537 4567
7538 2519
7539 6615
7540 1495
7541 5591
7542 3543
7543 7639
7544 983
7545 5079
7546 3031
7547 7127
7548 2007
7549 6103
7550 4055
7551 8151
7552 55
7553 4151
7554 2103
7555 6199
7556 1079
7557 5175
7558 3127
7559 7223
7560 567
7561 4663
7562 2615
7563 6711
7564 1591
7565 5687
7566 3639
7567 7735
7568 311
7569 4407
7570 2359
7571 6455
7572 1335
7573 5431
7574 3383
7575 7479
7576 823
7577 4919
7578 2871
7579 6967
7580 1847
7581 5943
7582 3895
7583 7991
7584 183
7585 4279
7586 2231
7587 6327
7588 1207
7589 5303
7590 3255
7591 7351
7592 695
7593 4791
7594 2743
7595 6839
7596 1719
7597 5815
7598 3767
7599 7863
7600 439
7601 4535
7602 2487
7603 6583
7604 1463
7605 5559
7606 3511
7607 7607
7608 951
7609 5047
7610 2999
7611 7095
7612 1975
7613 6071
7614 4023
7615 8119
7616 119
7617 4215
7618 2167
7619 6263
7620 1143
7621 5239
7622 3191
7623 7287
7624 631
7625 4727
7626 2679
7627 6775
7628 1655
7629 5751
7630 3703
7631 7799
7632 375
7633 4471
7634 2423
7635 6519
7636 1399
7637 5495
7638 3447
7639 7543
7640 887
7641 4983
7642 2935
7643 7031
7644 1911
7645 6007
7646 3959
7647 8055
7648 247
7649 4343
7650 2295
7651 6391
7652 1271
7653 5367
7654 3319
7655 7415
7656 759
7657 4855
7658 2807
7659 6903
7660 1783
7661 5879
7662 3831
7663 7927
7664 503
7665 4599
7666 2551
7667 6647
7668 1527
7669 5623
7670 3575
7671 7671
7672 1015
7673 5111
7674 3063
7675 7159
7676 2039
7677 6135
7678 4087
7679 8183
7680 15
7681 4111
7682 2063
7683 6159
7684 1039
7685 5135
7686 3087
7687 7183
7688 527
7689 4623
7690 2575
7691 6671
7692 1551
7693 5647
7694 3599
7695 7695
7696 271
7697 4367
7698 2319
7699 6415
7700 1295
7701 5391
7702 3343
7703 7439
7704 783
7705 4879
7706 2831
7707 6927
7708 1807
7709 5903
7710 3855
7711 7951
7712 143
7713 4239
7714 2191
7715 6287
7716 1167
7717 5263
7718 3215
7719 7311
7720 655
7721 4751
7722 2703
7723 6799
7724 1679
7725 5775
7726 3727
7727 7823
7728 399
7729 4495
7730 2447
7731 6543
7732 1423
7733 5519
7734 3471
7735 7567
7736 911
7737 5007
7738 2959
7739 7055
7740 1935
7741 6031
7742 3983
7743 8079
7744 79
7745 4175
7746 2127
7747 6223
7748 1103
7749 5199
7750 3151
7751 7247
7752 591
7753 4687
7754 2639
7755 6735
7756 1615
7757 5711
7758 3663
7759 7759
7760 335
7761 4431
7762 2383
7763 6479
7764 1359
7765 5455
7766 3407
7767 7503
7768 847
7769 4943
7770 2895
7771 6991
7772 1871
7773 5967
7774 3919
7775 8015
7776 207
7777 4303
7778 2255
7779 6351
7780 1231
7781 5327
7782 3279
7783 7375
7784 719
7785 4815
7786 2767
7787 6863
7788 1743
7789 5839
7790 3791
7791 7887
7792 463
7793 4559
7794 2511
7795 6607
7796 1487
7797 5583
7798 3535
7799 7631
7800 975
7801 5071
7802 3023
7803 7119
7804 1999
7805 6095
7806 4047
7807 8143
7808 47
7809 4143
7810 2095
7811 6191
7812 1071
7813 5167
7814 3119
7815 7215
7816 559
7817 4655
7818 2607
7819 6703
7820 1583
7821 5679
7822 3631
7823 7727
7824 303
7825 4399
7826 2351
7827 6447
7828 1327
7829 5423
7830 3375
7831 7471
7832 815
7833 4911
7834 2863
7835 6959
7836 1839
7837 5935
7838 3887
7839 7983
7840 175
7841 4271
7842 2223
7843 6319
7844 1199
7845 5295
7846 3247
7847 7343
7848 687
7849 4783
7850 2735
7851 6831
7852 1711
7853 5807
7854 3759
7855 7855
7856 431
7857 4527
7858 2479
7859 6575
7860 1455
7861 5551
7862 3503
7863 7599
7864 943
7865 5039
7866 2991
7867 7087
7868 1967
7869 6063
7870 4015
7871 8111
7872 111
7873 4207
7874 2159
7875 6255
7876 1135
7877 5231
7878 3183
7879 7279
7880 623
7881 4719
7882 2671
7883 6767
7884 1647
7885 5743
7886 3695
7887 7791
7888 367
7889 4463
7890 2415
7891 6511
7892 1391
7893 5487
7894 3439
7895 7535
7896 879
7897 4975
7898 2927
7899 7023
7900 1903
7901 5999
7902 3951
7903 8047
7904 239
7905 4335
7906 2287
7907 6383
7908 1263
7909 5359
7910 3311
7911 7407
7912 751
7913 4847
7914 2799
7915 6895
7916 1775
7917 5871
7918 3823
7919 7919
7920 495
7921 4591
7922 2543
7923 6639
7924 1519
7925 5615
7926 3567
7927 7663
7928 1007
7929 5103
7930 3055
7931 7151
7932 2031
7933 6127
7934 4079
7935 8175
7936 31
7937 4127
7938 2079
7939 6175
7940 1055
7941 5151
7942 3103
7943 7199
7944 543
7945 4639
7946 2591
7947 6687
7948 1567
7949 5663
7950 3615
7951 7711
7952 287
7953 4383
7954 2335
7955 6431
7956 1311
7957 5407
7958 3359
7959 7455
7960 799
7961 4895
7962 2847
7963 6943
7964 1823
7965 5919
7966 3871
7967 7967
7968 159
7969 4255
7970 2207
7971 6303
7972 1183
7973 5279
7974 3231
7975 7327
7976 671
7977 4767
7978 2719
7979 6815
7980 1695
7981 5791
7982 3743
7983 7839
7984 415
7985 4511
7986 2463
7987 6559
7988 1439
7989 5535
7990 3487
7991 7583
7992 927
7993 5023
7994 2975
7995 7071
7996 1951
7997 6047
7998 3999
7999 8095
8000 95
8001 4191
8002 2143
8003 6239
8004 1119
8005 5215
8006 3167
8007 7263
8008 607
8009 4703
8010 2655
8011 6751
8012 1631
8013 5727
8014 3679
8015 7775
8016 351
8017 4447
8018 2399
8019 6495
8020 1375
8021 5471
8022 3423
8023 7519
8024 863
8025 4959
8026 2911
8027 7007
8028 1887
8029 5983
8030 3935
8031 8031
8032 223
8033 4319
8034 2271
8035 6367
8036 1247
8037 5343
8038 3295
8039 7391
8040 735
8041 4831
8042 2783
8043 6879
8044 1759
8045 5855
8046 3807
8047 7903
8048 479
8049 4575
8050 2527
8051 6623
8052 1503
8053 5599
8054 3551
8055 7647
8056 991
8057 5087
8058 3039
8059 7135
8060 2015
8061 6111
8062 4063
8063 8159
8064 63
8065 4159
8066 2111
8067 6207
8068 1087
8069 5183
8070 3135
8071 7231
8072 575
8073 4671
8074 2623
8075 6719
8076 1599
8077 5695
8078 3647
8079 7743
8080 319
8081 4415
8082 2367
8083 6463
8084 1343
8085 5439
8086 3391
8087 7487
8088 831
8089 4927
8090 2879
8091 6975
8092 1855
8093 5951
8094 3903
8095 7999
8096 191
8097 4287
8098 2239
8099 6335
8100 1215
8101 5311
8102 3263
8103 7359
8104 703
8105 4799
8106 2751
8107 6847
8108 1727
8109 5823
8110 3775
8111 7871
8112 447
8113 4543
8114 2495
8115 6591
8116 1471
8117 5567
8118 3519
8119 7615
8120 959
8121 5055
8122 3007
8123 7103
8124 1983
8125 6079
8126 4031
8127 8127
8128 127
8129 4223
8130 2175
8131 6271
8132 1151
8133 5247
8134 3199
8135 7295
8136 639
8137 4735
8138 2687
8139 6783
8140 1663
8141 5759
8142 3711
8143 7807
8144 383
8145 4479
8146 2431
8147 6527
8148 1407
8149 5503
8150 3455
8151 7551
8152 895
8153 4991
8154 2943
8155 7039
8156 1919
8157 6015
8158 3967
8159 8063
8160 255
8161 4351
8162 2303
8163 6399
8164 1279
8165 5375
8166 3327
8167 7423
8168 767
8169 4863
8170 2815
8171 6911
8172 1791
8173 5887
8174 3839
8175 7935
8176 511
8177 4607
8178 2559
8179 6655
8180 1535
8181 5631
8182 3583
8183 7679
8184 1023
8185 5119
8186 3071
8187 7167
8188 2047
8189 6143
8190 4095
8191 8191
8192 1
8193 8193
8194 4097
8195 12289
8196 2049
8197 10241
8198 6145
8199 14337
8200 1025
8201 9217
8202 5121
8203 13313
8204 3073
8205 11265
8206 7169
8207 15361
8208 513
8209 8705
8210 4609
8211 12801
8212 2561
8213 10753
8214 6657
8215 14849
8216 1537
8217 9729
8218 5633
8219 13825
8220 3585
8221 11777
8222 7681
8223 15873
8224 257
8225 8449
8226 4353
8227 12545
8228 2305
8229 10497
8230 6401
8231 14593
8232 1281
8233 9473
8234 5377
8235 13569
8236 3329
8237 11521
8238 7425
8239 15617
8240 769
8241 8961
8242 4865
8243 13057
8244 2817
8245 11009
8246 6913
8247 15105
8248 1793
8249 9985
8250 5889
8251 14081
8252 3841
8253 12033
8254 7937
8255 16129
8256 129
8257 8321
8258 4225
8259 12417
8260 2177
8261 10369
8262 6273
8263 14465
8264 1153
8265 9345
8266 5249
8267 13441
8268 3201
8269 11393
8270 7297
8271 15489
8272 641
8273 8833
8274 4737
8275 12929
8276 2689
8277 10881
8278 6785
8279 14977
8280 1665
8281 9857
8282 5761
8283 13953
8284 3713
8285 11905
8286 7809
8287 16001
8288 385
8289 8577
8290 4481
8291 12673
8292 2433
8293 10625
8294 6529
8295 14721
8296 1409
8297 9601
8298 5505
8299 13697
8300 3457
8301 11649
8302 7553
8303 15745
8304 897
8305 9089
8306 4993
8307 13185
8308 2945
8309 11137
8310 7041
8311 15233
8312 1921
8313 10113
8314 6017
8315 14209
8316 3969
8317 12161
8318 8065
8319 16257
8320 65
8321 8257
8322 4161
8323 12353
8324 2113
8325 10305
8326 6209
8327 14401
8328 1089
8329 9281
8330 5185
8331 13377
8332 3137
8333 11329
8334 7233
8335 15425
8336 577
8337 8769
8338 4673
8339 12865
8340 2625
8341 10817
8342 6721
8343 14913
8344 1601
8345 9793
8346 5697
8347 13889
8348 3649
8349 11841
8350 7745
8351 15937
8352 321
8353 8513
8354 4417
8355 12609
8356 2369
8357 10561
8358 6465
8359 14657
8360 1345
8361 9537
8362 5441
8363 13633
8364 3393
8365 11585
8366 7489
8367 15681
8368 833
8369 9025
8370 4929
8371 13121
8372 2881
8373 11073
8374 6977
8375 15169
8376 1857
8377 10049
8378 5953
8379 14145
8380 3905
8381 12097
8382 8001
8383 16193
8384 193
8385 8385
8386 4289
8387 12481
8388 2241
8389 10433
8390 6337
8391 14529
8392 1217
8393 9409
8394 5313
8395 13505
8396 3265
8397 11457
8398 7361
8399 15553
8400 705
8401 8897
8402 4801
8403 12993
8404 2753
8405 10945
8406 6849
8407 15041
8408 1729
8409 9921
8410 5825
8411 14017
8412 3777
8413 11969
8414 7873
8415 16065
8416 449
8417 8641
8418 4545
8419 12737
8420 2497
8421 10689
8422 6593
8423 14785
8424 1473
8425 9665
8426 5569
8427 13761
8428 3521
8429 11713
8430 7617
8431 15809
8432 961
8433 9153
8434 5057
8435 13249
8436 3009
8437 11201
8438 7105
8439 15297
8440 1985
8441 10177
8442 6081
8443 14273
8444 4033
8445 12225
8446 8129
8447 16321
8448 33
8449 8225
8450 4129
8451 12321
8452 2081
8453 10273
8454 6177
8455 14369
8456 1057
8457 9249
8458 5153
8459 13345
8460 3105
8461 11297
8462 7201
8463 15393
8464 545
8465 8737
8466 4641
8467 12833
8468 2593
8469 10785
8470 6689
8471 14881
8472 1569
8473 9761
8474 5665
8475 13857
8476 3617
8477 11809
8478 7713
8479 15905
8480 289
8481 8481
8482 4385
8483 12577
8484 2337
8485 10529
8486 6433
8487 14625
8488 1313
8489 9505
8490 5409
8491 13601
8492 3361
8493 11553
8494 7457
8495 15649
8496 801
8497 8993
8498 4897
8499 13089
8500 2849
8501 11041
8502 6945
8503 15137
8504 1825
8505 10017
8506 5921
8507 14113
8508 3873
8509 12065
8510 7969
8511 16161
8512 161
8513 8353
8514 4257
8515 12449
8516 2209
8517 10401
8518 6305
8519 14497
8520 1185
8521 9377
8522 5281
8523 13473
8524 3233
8525 11425
8526 7329
8527 15521
8528 673
8529 8865
8530 4769
8531 12961
8532 2721
8533 10913
8534 6817
8535 15009
8536 1697
8537 9889
8538 5793
8539 13985
8540 3745
8541 11937
8542 7841
8543 16033
8544 417
8545 8609
8546 4513
8547 12705
8548 2465
8549 10657
8550 6561
8551 14753
8552 1441
8553 9633
8554 5537
8555 13729
8556 3489
8557 11681
8558 7585
8559 15777
8560 929
8561 9121
8562 5025
8563 13217
8564 2977
8565 11169
8566 7073
8567 15265
8568 1953
8569 10145
8570 6049
8571 14241
8572 4001
8573 12193
8574 8097
8575 16289
8576 97
8577 8289
8578 4193
8579 12385
8580 2145
8581 10337
8582 6241
8583 14433
8584 1121
8585 9313
8586 5217
8587 13409
8588 3169
8589 11361
8590 7265
8591 15457
8592 609
8593 8801
8594 4705
8595 12897
8596 2657
8597 10849
8598 6753
8599 14945
8600 1633
8601 9825
8602 5729
8603 13921
8604 3681
8605 11873
8606 7777
8607 15969
8608 353
8609 8545
8610 4449
8611 12641
8612 2401
8613 10593
8614 6497
8615 14689
8616 1377
8617 9569
8618 5473
8619 13665
8620 3425
8621 11617
8622 7521
8623 15713
8624 865
8625 9057
8626 4961
8627 13153
8628 2913
8629 11105
8630 7009
8631 15201
8632 1889
8633 10081
8634 5985
8635 14177
8636 3937
8637 12129
8638 8033
8639 16225
8640 225
8641 8417
8642 4321
8643 12513
8644 2273
8645 10465
8646 6369
8647 14561
8648 1249
8649 9441
8650 5345
8651 13537
8652 3297
8653 11489
8654 7393
8655 15585
8656 737
8657 8929
8658 4833
8659 13025
8660 2785
8661 10977
8662 6881
8663 15073
8664 1761
8665 9953
8666 5857
8667 14049
8668 3809
8669 12001
8670 7905
8671 16097
8672 481
8673 8673
8674 4577
8675 12769
8676 2529
8677 10721
8678 6625
8679 14817
8680 1505
8681 9697
8682 5601
8683 13793
8684 3553
8685 11745
8686 7649
8687 15841
8688 993
8689 9185
8690 5089
8691 13281
8692 3041
8693 11233
8694 7137
8695 15329
8696 2017
8697 10209
8698 6113
8699 14305
8700 4065
8701 12257
8702 8161
8703 16353
8704 17
8705 8209
8706 4113
8707 12305
8708 2065
8709 10257
8710 6161
8711 14353
8712 1041
8713 9233
8714 5137
8715 13329
8716 3089
8717 11281
8718 7185
8719 15377
8720 529
8721 8721
8722 4625
8723 12817
8724 2577
8725 10769
8726 6673
8727 14865
8728 1553
8729 9745
8730 5649
8731 13841
8732 3601
8733 11793
8734 7697
8735 15889
8736 273
8737 8465
8738 4369
8739 12561
8740 2321
8741 10513
8742 6417
8743 14609
8744 1297
8745 9489
8746 5393
8747 13585
8748 3345
8749 11537
8750 7441
8751 15633
8752 785
8753 8977
8754 4881
8755 13073
8756 2833
8757 11025
8758 6929
8759 15121
8760 1809
8761 10001
8762 5905
8763 14097
8764 3857
8765 12049
8766 7953
8767 16145
8768 145
8769 8337
8770 4241
8771 12433
8772 2193
8773 10385
8774 6289
8775 14481
8776 1169
8777 9361
8778 5265
8779 13457
8780 3217
8781 11409
8782 7313
8783 15505
8784 657
8785 8849
8786 4753
8787 12945
8788 2705
8789 10897
8790 6801
8791 14993
8792 1681
8793 9873
8794 5777
8795 13969
8796 3729
8797 11921
8798 7825
8799 16017
8800 401
8801 8593
8802 4497
8803 12689
8804 2449
8805 10641
8806 6545
8807 14737
8808 1425
8809 9617
8810 5521
8811 13713
8812 3473
8813 11665
8814 7569
8815 15761
8816 913
8817 9105
8818 5009
8819 13201
8820 2961
8821 11153
8822 7057
8823 15249
8824 1937
8825 10129
8826 6033
8827 14225
8828 3985
8829 12177
8830 8081
8831 16273
8832 81
8833 8273
8834 4177
8835 12369
8836 2129
8837 10321
8838 6225
8839 14417
8840 1105
8841 9297
8842 5201
8843 13393
8844 3153
8845 11345
8846 7249
8847 15441
8848 593
8849 8785
8850 4689
8851 12881
8852 2641
8853 10833
8854 6737
8855 14929
8856 1617
8857 9809
8858 5713
8859 13905
8860 3665
8861 11857
8862 7761
8863 15953
8864 337
8865 8529
8866 4433
8867 12625
8868 2385
8869 10577
8870 6481
8871 14673
8872 1361
8873 9553
8874 5457
8875 13649
8876 3409
8877 11601
8878 7505
8879 15697
8880 849
8881 9041
8882 4945
8883 13137
8884 2897
8885 11089
8886 6993
8887 15185
8888 1873
8889 10065
8890 5969
8891 14161
8892 3921
8893 12113
8894 8017
8895 16209
8896 209
8897 8401
8898 4305
8899 12497
8900 2257
8901 10449
8902 6353
8903 14545
8904 1233
8905 9425
8906 5329
8907 13521
8908 3281
8909 11473
8910 7377
8911 15569
8912 721
8913 8913
8914 4817
8915 13009
8916 2769
8917 10961
8918 6865
8919 15057
8920 1745
8921 9937
8922 5841
8923 14033
8924 3793
8925 11985
8926 7889
8927 16081
8928 465
8929 8657
8930 4561
8931 12753
8932 2513
8933 10705
8934 6609
8935 14801
8936 1489
8937 9681
8938 5585
8939 13777
8940 3537
8941 11729
8942 7633
8943 15825
8944 977
8945 9169
8946 5073
8947 13265
8948 3025
8949 11217
8950 7121
8951 15313
8952 2001
8953 10193
8954 6097
8955 14289
8956 4049
8957 12241
8958 8145
8959 16337
8960 49
8961 8241
8962 4145
8963 12337
8964 2097
8965 10289
8966 6193
8967 14385
8968 1073
8969 9265
8970 5169
8971 13361
8972 3121
8973 11313
8974 7217
8975 15409
8976 561
8977 8753
8978 4657
8979 12849
8980 2609
8981 10801
8982 6705
8983 14897
8984 1585
8985 9777
8986 5681
8987 13873
8988 3633
8989 11825
8990 7729
8991 15921
8992 305
8993 8497
8994 4401
8995 12593
8996 2353
8997 10545
8998 6449
8999 14641
9000 1329
9001 9521
9002 5425
9003 13617
9004 3377
9005 11569
9006 7473
9007 15665
9008 817
9009 9009
9010 4913
9011 13105
9012 2865
9013 11057
9014 6961
9015 15153
9016 1841
9017 10033
9018 5937
9019 14129
9020 3889
9021 12081
9022 7985
9023 16177
9024 177
9025 8369
9026 4273
9027 12465
9028 2225
9029 10417
9030 6321
9031 14513
9032 1201
9033 9393
9034 5297
9035 13489
9036 3249
9037 11441
9038 7345
9039 15537
9040 689
9041 8881
9042 4785
9043 12977
9044 2737
9045 10929
9046 6833
9047 15025
9048 1713
9049 9905
9050 5809
9051 14001
9052 3761
9053 11953
9054 7857
9055 16049
9056 433
9057 8625
9058 4529
9059 12721
9060 2481
9061 10673
9062 6577
9063 14769
9064 1457
9065 9649
9066 5553
9067 13745
9068 3505
9069 11697
9070 7601
9071 15793
9072 945
9073 9137
9074 5041
9075 13233
9076 2993
9077 11185
9078 7089
9079 15281
9080 1969
9081 10161
9082 6065
9083 14257
9084 4017
9085 12209
9086 8113
9087 16305
9088 113
9089 8305
9090 4209
9091 12401
9092 2161
9093 10353
9094 6257
9095 14449
9096 1137
9097 9329
9098 5233
9099 13425
9100 3185
9101 11377
9102 7281
9103 15473
9104 625
9105 8817
9106 4721
9107 12913
9108 2673
9109 10865
9110 6769
9111 14961
9112 1649
9113 9841
9114 5745
9115 13937
9116 3697
9117 11889
9118 7793
9119 15985
9120 369
9121 8561
9122 4465
9123 12657
9124 2417
9125 10609
9126 6513
9127 14705
9128 1393
9129 9585
9130 5489
9131 13681
9132 3441
9133 11633
9134 7537
9135 15729
9136 881
9137 9073
9138 4977
9139 13169
9140 2929
9141 11121
9142 7025
9143 15217
9144 1905
9145 10097
9146 6001
9147 14193
9148 3953
9149 12145
9150 8049
9151 16241
9152 241
9153 8433
9154 4337
9155 12529
9156 2289
9157 10481
9158 6385
9159 14577
9160 1265
9161 9457
9162 5361
9163 13553
9164 3313
9165 11505
9166 7409
9167 15601
9168 753
9169 8945
9170 4849
9171 13041
9172 2801
9173 10993
9174 6897
9175 15089
9176 1777
9177 9969
9178 5873
9179 14065
9180 3825
9181 12017
9182 7921
9183 16113
9184 497
9185 8689
9186 4593
9187 12785
9188 2545
9189 10737
9190 6641
9191 14833
9192 1521
9193 9713
9194 5617
9195 13809
9196 3569
9197 11761
9198 7665
9199 15857
9200 1009
9201 9201
9202 5105
9203 13297
9204 3057
9205 11249
9206 7153
9207 15345
9208 2033
9209 10225
9210 6129
9211 14321
9212 4081
9213 12273
9214 8177
9215 16369
9216 9
9217 8201
9218 4105
9219 12297
9220 2057
9221 10249
9222 6153
9223 14345
9224 1033
9225 9225
9226 5129
9227 13321
9228 3081
9229 11273
9230 7177
9231 15369
9232 521
9233 8713
9234 4617
9235 12809
9236 2569
9237 10761
9238 6665
9239 14857
9240 1545
9241 9737
9242 5641
9243 13833
9244 3593
9245 11785
9246 7689
9247 15881
9248 265
9249 8457
9250 4361
9251 12553
9252 2313
9253 10505
9254 6409
9255 14601
9256 1289
9257 9481
9258 5385
9259 13577
9260 3337
9261 11529
9262 7433
9263 15625
9264 777
9265 8969
9266 4873
9267 13065
9268 2825
9269 11017
9270 6921
9271 15113
9272 1801
9273 9993
9274 5897
9275 14089
9276 3849
9277 12041
9278 7945
9279 16137
9280 137
9281 8329
9282 4233
9283 12425
9284 2185
9285 10377
9286 6281
9287 14473
9288 1161
9289 9353
9290 5257
9291 13449
9292 3209
9293 11401
9294 7305
9295 15497
9296 649
9297 8841
9298 4745
9299 12937
9300 2697
9301 10889
9302 6793
9303 14985
9304 1673
9305 9865
9306 5769
9307 13961
9308 3721
9309 11913
9310 7817
9311 16009
9312 393
9313 8585
9314 4489
9315 12681
9316 2441
9317 10633
9318 6537
9319 14729
9320 1417
9321 9609
9322 5513
9323 13705
9324 3465
9325 11657
9326 7561
9327 15753
9328 905
9329 9097
9330 5001
9331 13193
9332 2953
9333 11145
9334 7049
9335 15241
9336 1929
9337 10121
9338 6025
9339 14217
9340 3977
9341 12169
9342 8073
9343 16265
9344 73
9345 8265
9346 4169
9347 12361
9348 2121
9349 10313
9350 6217
9351 14409
9352 1097
9353 9289
9354 5193
9355 13385
9356 3145
9357 11337
9358 7241
9359 15433
9360 585
9361 8777
9362 4681
9363 12873
9364 2633
9365 10825
9366 6729
9367 14921
9368 1609
9369 9801
9370 5705
9371 13897
9372 3657
9373 11849
9374 7753
9375 15945
9376 329
9377 8521
9378 4425
9379 12617
9380 2377
9381 10569
9382 6473
9383 14665
9384 1353
9385 9545
9386 5449
9387 13641
9388 3401
9389 11593
9390 7497
9391 15689
9392 841
9393 9033
9394 4937
9395 13129
9396 2889
9397 11081
9398 6985
9399 15177
9400 1865
9401 10057
9402 5961
9403 14153
9404 3913
9405 12105
9406 8009
9407 16201
9408 201
9409 8393
9410 4297
9411 12489
9412 2249
9413 10441
9414 6345
9415 14537
9416 1225
9417 9417
9418 5321
9419 13513
9420 3273
9421 11465
9422 7369
9423 15561
9424 713
9425 8905
9426 4809
9427 13001
9428 2761
9429 10953
9430 6857
9431 15049
9432 1737
9433 9929
9434 5833
9435 14025
9436 3785
9437 11977
9438 7881
9439 16073
9440 457
9441 8649
9442 4553
9443 12745
9444 2505
9445 10697
9446 6601
9447 14793
9448 1481
9449 9673
9450 5577
9451 13769
9452 3529
9453 11721
9454 7625
9455 15817
9456 969
9457 9161
9458 5065
9459 13257
9460 3017
9461 11209
9462 7113
9463 15305
9464 1993
9465 10185
9466 6089
9467 14281
9468 4041
9469 12233
9470 8137
9471 16329
9472 41
9473 8233
9474 4137
9475 12329
9476 2089
9477 10281
9478 6185
9479 14377
9480 1065
9481 9257
9482 5161
9483 13353
9484 3113
9485 11305
9486 7209
9487 15401
9488 553
9489 8745
9490 4649
9491 12841
9492 2601
9493 10793
9494 6697
9495 14889
9496 1577
9497 9769
9498 5673
9499 13865
9500 3625
9501 11817
9502 7721
9503 15913
9504 297
9505 8489
9506 4393
9507 12585
9508 2345
9509 10537
9510 6441
9511 14633
9512 1321
9513 9513
9514 5417
9515 13609
9516 3369
9517 11561
9518 7465
9519 15657
9520 809
9521 9001
9522 4905
9523 13097
9524 2857
9525 11049
9526 6953
9527 15145
9528 1833
9529 10025
9530 5929
9531 14121
9532 3881
9533 12073
9534 7977
9535 16169
9536 169
9537 8361
9538 4265
9539 12457
9540 2217
9541 10409
9542 6313
9543 14505
9544 1193
9545 9385
9546 5289
9547 13481
9548 3241
9549 11433
9550 7337
9551 15529
9552 681
9553 8873
9554 4777
9555 12969
9556 2729
9557 10921
9558 6825
9559 15017
9560 1705
9561 9897
9562 5801
9563 13993
9564 3753
9565 11945
9566 7849
9567 16041
9568 425
9569 8617
9570 4521
9571 12713
9572 2473
9573 10665
9574 6569
9575 14761
9576 1449
9577 9641
9578 5545
9579 13737
9580 3497
9581 11689
9582 7593
9583 15785
9584 937
9585 9129
9586 5033
9587 13225
9588 2985
9589 11177
9590 7081
9591 15273
9592 1961
9593 10153
9594 6057
9595 14249
9596 4009
9597 12201
9598 8105
9599 16297
9600 105
9601 8297
9602 4201
9603 12393
9604 2153
9605 10345
9606 6249
9607 14441
9608 1129
9609 9321
9610 5225
9611 13417
9612 3177
9613 11369
9614 7273
9615 15465
9616 617
9617 8809
9618 4713
9619 12905
9620 2665
9621 10857
9622 6761
9623 14953
9624 1641
9625 9833
9626 5737
9627 13929
9628 3689
9629 11881
9630 7785
9631 15977
9632 361
9633 8553
9634 4457
9635 12649
9636 2409
9637 10601
9638 6505
9639 14697
9640 1385
9641 9577
9642 5481
9643 13673
9644 3433
9645 11625
9646 7529
9647 15721
9648 873
9649 9065
9650 4969
9651 13161
9652 2921
9653 11113
9654 7017
9655 15209
9656 1897
9657 10089
9658 5993
9659 14185
9660 3945
9661 12137
9662 8041
9663 16233
9664 233
9665 8425
9666 4329
9667 12521
9668 2281
9669 10473
9670 6377
9671 14569
9672 1257
9673 9449
9674 5353
9675 13545
9676 3305
9677 11497
9678 7401
9679 15593
9680 745
9681 8937
9682 4841
9683 13033
9684 2793
9685 10985
9686 6889
9687 15081
9688 1769
9689 9961
9690 5865
9691 14057
9692 3817
9693 12009
9694 7913
9695 16105
9696 489
9697 8681
9698 4585
9699 12777
9700 2537
9701 10729
9702 6633
9703 14825
9704 1513
9705 9705
9706 5609
9707 13801
9708 3561
9709 11753
9710 7657
9711 15849
9712 1001
9713 9193
9714 5097
9715 13289
9716 3049
9717 11241
9718 7145
9719 15337
9720 2025
9721 10217
9722 6121
9723 14313
9724 4073
9725 12265
9726 8169
9727 16361
9728 25
9729 8217
9730 4121
9731 12313
9732 2073
9733 10265
9734 6169
9735 14361
9736 1049
9737 9241
9738 5145
9739 13337
9740 3097
9741 11289
9742 7193
9743 15385
9744 537
9745 8729
9746 4633
9747 12825
9748 2585
9749 10777
9750 6681
9751 14873
9752 1561
9753 9753
9754 5657
9755 13849
9756 3609
9757 11801
9758 7705
9759 15897
9760 281
9761 8473
9762 4377
9763 12569
9764 2329
9765 10521
9766 6425
9767 14617
9768 1305
9769 9497
9770 5401
9771 13593
9772 3353
9773 11545
9774 7449
9775 15641
9776 793
9777 8985
9778 4889
9779 13081
9780 2841
9781 11033
9782 6937
9783 15129
9784 1817
9785 10009
9786 5913
9787 14105
9788 3865
9789 12057
9790 7961
9791 16153
9792 153
9793 8345
9794 4249
9795 12441
9796 2201
9797 10393
9798 6297
9799 14489
9800 1177
9801 9369
9802 5273
9803 13465
9804 3225
9805 11417
9806 7321
9807 15513
9808 665
9809 8857
9810 4761
9811 12953
9812 2713
9813 10905
9814 6809
9815 15001
9816 1689
9817 9881
9818 5785
9819 13977
9820 3737
9821 11929
9822 7833
9823 16025
9824 409
9825 8601
9826 4505
9827 12697
9828 2457
9829 10649
9830 6553
9831 14745
9832 1433
9833 9625
9834 5529
9835 13721
9836 3481
9837 11673
9838 7577
9839 15769
9840 921
9841 9113
9842 5017
9843 13209
9844 2969
9845 11161
9846 7065
9847 15257
9848 1945
9849 10137
9850 6041
9851 14233
9852 3993
9853 12185
9854 8089
9855 16281
9856 89
9857 8281
9858 4185
9859 12377
9860 2137
9861 10329
9862 6233
9863 14425
9864 1113
9865 9305
9866 5209
9867 13401
9868 3161
9869 11353
9870 7257
9871 15449
9872 601
9873 8793
9874 4697
9875 12889
9876 2649
9877 10841
9878 6745
9879 14937
9880 1625
9881 9817
9882 5721
9883 13913
9884 3673
9885 11865
9886 7769
9887 15961
9888 345
9889 8537
9890 4441
9891 12633
9892 2393
9893 10585
9894 6489
9895 14681
9896 1369
9897 9561
9898 5465
9899 13657
9900 3417
9901 11609
9902 7513
9903 15705
9904 857
9905 9049
9906 4953
9907 13145
9908 2905
9909 11097
9910 7001
9911 15193
9912 1881
9913 10073
9914 5977
9915 14169
9916 3929
9917 12121
9918 8025
9919 16217
9920 217
9921 8409
9922 4313
9923 12505
9924 2265
9925 10457
9926 6361
9927 14553
9928 1241
9929 9433
9930 5337
9931 13529
9932 3289
9933 11481
9934 7385
9935 15577
9936 729
9937 8921
9938 4825
9939 13017
9940 2777
9941 10969
9942 6873
9943 15065
9944 1753
9945 9945
9946 5849
9947 14041
9948 3801
9949 11993
9950 7897
9951 16089
9952 473
9953 8665
9954 4569
9955 12761
9956 2521
9957 10713
9958 6617
9959 14809
9960 1497
9961 9689
9962 5593
9963 13785
9964 3545
9965 11737
9966 7641
9967 15833
9968 985
9969 9177
9970 5081
9971 13273
9972 3033
9973 11225
9974 7129
9975 15321
9976 2009
9977 10201
9978 6105
9979 14297
9980 4057
9981 12249
9982 8153
9983 16345
9984 57
9985 8249
9986 4153
9987 12345
9988 2105
9989 10297
9990 6201
9991 14393
9992 1081
9993 9273
9994 5177
9995 13369
9996 3129
9997 11321
9998 7225
9999 15417
10000 569







