0 0
1 1
2 2
3 3
4 4
5 5
6 6
7 7
8 8
9 9
10 1
11 1
12 2
13 3
14 4
15 5
16 6
17 7
18 8
19 9
20 2
21 2
22 2
23 3
24 4
25 5
26 6
27 7
28 8
29 9
30 3
31 3
32 3
33 3
34 4
35 5
36 6
37 7
38 8
39 9
40 4
41 4
42 4
43 4
44 4
45 5
46 6
47 7
48 8
49 9
50 5
51 5
52 5
53 5
54 5
55 5
56 6
57 7
58 8
59 9
60 6
61 6
62 6
63 6
64 6
65 6
66 6
67 7
68 8
69 9
70 7
71 7
72 7
73 7
74 7
75 7
76 7
77 7
78 8
79 9
80 8
81 8
82 8
83 8
84 8
85 8
86 8
87 8
88 8
89 9
90 9
91 9
92 9
93 9
94 9
95 9
96 9
97 9
98 9
99 9
100 1
101 1
102 2
103 3
104 4
105 5
106 6
107 7
108 8
109 9
110 1
111 1
112 2
113 3
114 4
115 5
116 6
117 7
118 8
119 9
120 2
121 2
122 2
123 3
124 4
125 5
126 6
127 7
128 8
129 9
130 3
131 3
132 3
133 3
134 4
135 5
136 6
137 7
138 8
139 9
140 4
141 4
142 4
143 4
144 4
145 5
146 6
147 7
148 8
149 9
150 5
151 5
152 5
153 5
154 5
155 5
156 6
157 7
158 8
159 9
160 6
161 6
162 6
163 6
164 6
165 6
166 6
167 7
168 8
169 9
170 7
171 7
172 7
173 7
174 7
175 7
176 7
177 7
178 8
179 9
180 8
181 8
182 8
183 8
184 8
185 8
186 8
187 8
188 8
189 9
190 9
191 9
192 9
193 9
194 9
195 9
196 9
197 9
198 9
199 9
200 2
201 2
202 2
203 3
204 4
205 5
206 6
207 7
208 8
209 9
210 2
211 2
212 2
213 3
214 4
215 5
216 6
217 7
218 8
219 9
220 2
221 2
222 2
223 3
224 4
225 5
226 6
227 7
228 8
229 9
230 3
231 3
232 3
233 3
234 4
235 5
236 6
237 7
238 8
239 9
240 4
241 4
242 4
243 4
244 4
245 5
246 6
247 7
248 8
249 9
250 5
251 5
252 5
253 5
254 5
255 5
256 6
257 7
258 8
259 9
260 6
261 6
262 6
263 6
264 6
265 6
266 6
267 7
268 8
269 9
270 7
271 7
272 7
273 7
274 7
275 7
276 7
277 7
278 8
279 9
280 8
281 8
282 8
283 8
284 8
285 8
286 8
287 8
288 8
289 9
290 9
291 9
292 9
293 9
294 9
295 9
296 9
297 9
298 9
299 9
300 3
301 3
302 3
303 3
304 4
305 5
306 6
307 7
308 8
309 9
310 3
311 3
312 3
313 3
314 4
315 5
316 6
317 7
318 8
319 9
320 3
321 3
322 3
323 3
324 4
325 5
326 6
327 7
328 8
329 9
330 3
331 3
332 3
333 3
334 4
335 5
336 6
337 7
338 8
339 9
340 4
341 4
342 4
343 4
344 4
345 5
346 6
347 7
348 8
349 9
350 5
351 5
352 5
353 5
354 5
355 5
356 6
357 7
358 8
359 9
360 6
361 6
362 6
363 6
364 6
365 6
366 6
367 7
368 8
369 9
370 7
371 7
372 7
373 7
374 7
375 7
376 7
377 7
378 8
379 9
380 8
381 8
382 8
383 8
384 8
385 8
386 8
387 8
388 8
389 9
390 9
391 9
392 9
393 9
394 9
395 9
396 9
397 9
398 9
399 9
400 4
401 4
402 4
403 4
404 4
405 5
406 6
407 7
408 8
409 9
410 4
411 4
412 4
413 4
414 4
415 5
416 6
417 7
418 8
419 9
420 4
421 4
422 4
423 4
424 4
425 5
426 6
427 7
428 8
429 9
430 4
431 4
432 4
433 4
434 4
435 5
436 6
437 7
438 8
439 9
440 4
441 4
442 4
443 4
444 4
445 5
446 6
447 7
448 8
449 9
450 5
451 5
452 5
453 5
454 5
455 5
456 6
457 7
458 8
459 9
460 6
461 6
462 6
463 6
464 6
465 6
466 6
467 7
468 8
469 9
470 7
471 7
472 7
473 7
474 7
475 7
476 7
477 7
478 8
479 9
480 8
481 8
482 8
483 8
484 8
485 8
486 8
487 8
488 8
489 9
490 9
491 9
492 9
493 9
494 9
495 9
496 9
497 9
498 9
499 9
500 5
501 5
502 5
503 5
504 5
505 5
506 6
507 7
508 8
509 9
510 5
511 5
512 5
513 5
514 5
515 5
516 6
517 7
518 8
519 9
520 5
521 5
522 5
523 5
524 5
525 5
526 6
527 7
528 8
529 9
530 5
531 5
532 5
533 5
534 5
535 5
536 6
537 7
538 8
539 9
540 5
541 5
542 5
543 5
544 5
545 5
546 6
547 7
548 8
549 9
550 5
551 5
552 5
553 5
554 5
555 5
556 6
557 7
558 8
559 9
560 6
561 6
562 6
563 6
564 6
565 6
566 6
567 7
568 8
569 9
570 7
571 7
572 7
573 7
574 7
575 7
576 7
577 7
578 8
579 9
580 8
581 8
582 8
583 8
584 8
585 8
586 8
587 8
588 8
589 9
590 9
591 9
592 9
593 9
594 9
595 9
596 9
597 9
598 9
599 9
600 6
601 6
602 6
603 6
604 6
605 6
606 6
607 7
608 8
609 9
610 6
611 6
612 6
613 6
614 6
615 6
616 6
617 7
618 8
619 9
620 6
621 6
622 6
623 6
624 6
625 6
626 6
627 7
628 8
629 9
630 6
631 6
632 6
633 6
634 6
635 6
636 6
637 7
638 8
639 9
640 6
641 6
642 6
643 6
644 6
645 6
646 6
647 7
648 8
649 9
650 6
651 6
652 6
653 6
654 6
655 6
656 6
657 7
658 8
659 9
660 6
661 6
662 6
663 6
664 6
665 6
666 6
667 7
668 8
669 9
670 7
671 7
672 7
673 7
674 7
675 7
676 7
677 7
678 8
679 9
680 8
681 8
682 8
683 8
684 8
685 8
686 8
687 8
688 8
689 9
690 9
691 9
692 9
693 9
694 9
695 9
696 9
697 9
698 9
699 9
700 7
701 7
702 7
703 7
704 7
705 7
706 7
707 7
708 8
709 9
710 7
711 7
712 7
713 7
714 7
715 7
716 7
717 7
718 8
719 9
720 7
721 7
722 7
723 7
724 7
725 7
726 7
727 7
728 8
729 9
730 7
731 7
732 7
733 7
734 7
735 7
736 7
737 7
738 8
739 9
740 7
741 7
742 7
743 7
744 7
745 7
746 7
747 7
748 8
749 9
750 7
751 7
752 7
753 7
754 7
755 7
756 7
757 7
758 8
759 9
760 7
761 7
762 7
763 7
764 7
765 7
766 7
767 7
768 8
769 9
770 7
771 7
772 7
773 7
774 7
775 7
776 7
777 7
778 8
779 9
780 8
781 8
782 8
783 8
784 8
785 8
786 8
787 8
788 8
789 9
790 9
791 9
792 9
793 9
794 9
795 9
796 9
797 9
798 9
799 9
800 8
801 8
802 8
803 8
804 8
805 8
806 8
807 8
808 8
809 9
810 8
811 8
812 8
813 8
814 8
815 8
816 8
817 8
818 8
819 9
820 8
821 8
822 8
823 8
824 8
825 8
826 8
827 8
828 8
829 9
830 8
831 8
832 8
833 8
834 8
835 8
836 8
837 8
838 8
839 9
840 8
841 8
842 8
843 8
844 8
845 8
846 8
847 8
848 8
849 9
850 8
851 8
852 8
853 8
854 8
855 8
856 8
857 8
858 8
859 9
860 8
861 8
862 8
863 8
864 8
865 8
866 8
867 8
868 8
869 9
870 8
871 8
872 8
873 8
874 8
875 8
876 8
877 8
878 8
879 9
880 8
881 8
882 8
883 8
884 8
885 8
886 8
887 8
888 8
889 9
890 9
891 9
892 9
893 9
894 9
895 9
896 9
897 9
898 9
899 9
900 9
901 9
902 9
903 9
904 9
905 9
906 9
907 9
908 9
909 9
910 9
911 9
912 9
913 9
914 9
915 9
916 9
917 9
918 9
919 9
920 9
921 9
922 9
923 9
924 9
925 9
926 9
927 9
928 9
929 9
930 9
931 9
932 9
933 9
934 9
935 9
936 9
937 9
938 9
939 9
940 9
941 9
942 9
943 9
944 9
945 9
946 9
947 9
948 9
949 9
950 9
951 9
952 9
953 9
954 9
955 9
956 9
957 9
958 9
959 9
960 9
961 9
962 9
963 9
964 9
965 9
966 9
967 9
968 9
969 9
970 9
971 9
972 9
973 9
974 9
975 9
976 9
977 9
978 9
979 9
980 9
981 9
982 9
983 9
984 9
985 9
986 9
987 9
988 9
989 9
990 9
991 9
992 9
993 9
994 9
995 9
996 9
997 9
998 9
999 9
1000 1
1001 1
1002 2
1003 3
1004 4
1005 5
1006 6
1007 7
1008 8
1009 9
1010 1
1011 1
1012 2
1013 3
1014 4
1015 5
1016 6
1017 7
1018 8
1019 9
1020 2
1021 2
1022 2
1023 3
1024 4
1025 5
1026 6
1027 7
1028 8
1029 9
1030 3
1031 3
1032 3
1033 3
1034 4
1035 5
1036 6
1037 7
1038 8
1039 9
1040 4
1041 4
1042 4
1043 4
1044 4
1045 5
1046 6
1047 7
1048 8
1049 9
1050 5
1051 5
1052 5
1053 5
1054 5
1055 5
1056 6
1057 7
1058 8
1059 9
1060 6
1061 6
1062 6
1063 6
1064 6
1065 6
1066 6
1067 7
1068 8
1069 9
1070 7
1071 7
1072 7
1073 7
1074 7
1075 7
1076 7
1077 7
1078 8
1079 9
1080 8
1081 8
1082 8
1083 8
1084 8
1085 8
1086 8
1087 8
1088 8
1089 9
1090 9
1091 9
1092 9
1093 9
1094 9
1095 9
1096 9
1097 9
1098 9
1099 9
1100 1
1101 1
1102 2
1103 3
1104 4
1105 5
1106 6
1107 7
1108 8
1109 9
1110 1
1111 1
1112 2
1113 3
1114 4
1115 5
1116 6
1117 7
1118 8
1119 9
1120 2
1121 2
1122 2
1123 3
1124 4
1125 5
1126 6
1127 7
1128 8
1129 9
1130 3
1131 3
1132 3
1133 3
1134 4
1135 5
1136 6
1137 7
1138 8
1139 9
1140 4
1141 4
1142 4
1143 4
1144 4
1145 5
1146 6
1147 7
1148 8
1149 9
1150 5
1151 5
1152 5
1153 5
1154 5
1155 5
1156 6
1157 7
1158 8
1159 9
1160 6
1161 6
1162 6
1163 6
1164 6
1165 6
1166 6
1167 7
1168 8
1169 9
1170 7
1171 7
1172 7
1173 7
1174 7
1175 7
1176 7
1177 7
1178 8
1179 9
1180 8
1181 8
1182 8
1183 8
1184 8
1185 8
1186 8
1187 8
1188 8
1189 9
1190 9
1191 9
1192 9
1193 9
1194 9
1195 9
1196 9
1197 9
1198 9
1199 9
1200 2
1201 2
1202 2
1203 3
1204 4
1205 5
1206 6
1207 7
1208 8
1209 9
1210 2
1211 2
1212 2
1213 3
1214 4
1215 5
1216 6
1217 7
1218 8
1219 9
1220 2
1221 2
1222 2
1223 3
1224 4
1225 5
1226 6
1227 7
1228 8
1229 9
1230 3
1231 3
1232 3
1233 3
1234 4
1235 5
1236 6
1237 7
1238 8
1239 9
1240 4
1241 4
1242 4
1243 4
1244 4
1245 5
1246 6
1247 7
1248 8
1249 9
1250 5
1251 5
1252 5
1253 5
1254 5
1255 5
1256 6
1257 7
1258 8
1259 9
1260 6
1261 6
1262 6
1263 6
1264 6
1265 6
1266 6
1267 7
1268 8
1269 9
1270 7
1271 7
1272 7
1273 7
1274 7
1275 7
1276 7
1277 7
1278 8
1279 9
1280 8
1281 8
1282 8
1283 8
1284 8
1285 8
1286 8
1287 8
1288 8
1289 9
1290 9
1291 9
1292 9
1293 9
1294 9
1295 9
1296 9
1297 9
1298 9
1299 9
1300 3
1301 3
1302 3
1303 3
1304 4
1305 5
1306 6
1307 7
1308 8
1309 9
1310 3
1311 3
1312 3
1313 3
1314 4
1315 5
1316 6
1317 7
1318 8
1319 9
1320 3
1321 3
1322 3
1323 3
1324 4
1325 5
1326 6
1327 7
1328 8
1329 9
1330 3
1331 3
1332 3
1333 3
1334 4
1335 5
1336 6
1337 7
1338 8
1339 9
1340 4
1341 4
1342 4
1343 4
1344 4
1345 5
1346 6
1347 7
1348 8
1349 9
1350 5
1351 5
1352 5
1353 5
1354 5
1355 5
1356 6
1357 7
1358 8
1359 9
1360 6
1361 6
1362 6
1363 6
1364 6
1365 6
1366 6
1367 7
1368 8
1369 9
1370 7
1371 7
1372 7
1373 7
1374 7
1375 7
1376 7
1377 7
1378 8
1379 9
1380 8
1381 8
1382 8
1383 8
1384 8
1385 8
1386 8
1387 8
1388 8
1389 9
1390 9
1391 9
1392 9
1393 9
1394 9
1395 9
1396 9
1397 9
1398 9
1399 9
1400 4
1401 4
1402 4
1403 4
1404 4
1405 5
1406 6
1407 7
1408 8
1409 9
1410 4
1411 4
1412 4
1413 4
1414 4
1415 5
1416 6
1417 7
1418 8
1419 9
1420 4
1421 4
1422 4
1423 4
1424 4
1425 5
1426 6
1427 7
1428 8
1429 9
1430 4
1431 4
1432 4
1433 4
1434 4
1435 5
1436 6
1437 7
1438 8
1439 9
1440 4
1441 4
1442 4
1443 4
1444 4
1445 5
1446 6
1447 7
1448 8
1449 9
1450 5
1451 5
1452 5
1453 5
1454 5
1455 5
1456 6
1457 7
1458 8
1459 9
1460 6
1461 6
1462 6
1463 6
1464 6
1465 6
1466 6
1467 7
1468 8
1469 9
1470 7
1471 7
1472 7
1473 7
1474 7
1475 7
1476 7
1477 7
1478 8
1479 9
1480 8
1481 8
1482 8
1483 8
1484 8
1485 8
1486 8
1487 8
1488 8
1489 9
1490 9
1491 9
1492 9
1493 9
1494 9
1495 9
1496 9
1497 9
1498 9
1499 9
1500 5
1501 5
1502 5
1503 5
1504 5
1505 5
1506 6
1507 7
1508 8
1509 9
1510 5
1511 5
1512 5
1513 5
1514 5
1515 5
1516 6
1517 7
1518 8
1519 9
1520 5
1521 5
1522 5
1523 5
1524 5
1525 5
1526 6
1527 7
1528 8
1529 9
1530 5
1531 5
1532 5
1533 5
1534 5
1535 5
1536 6
1537 7
1538 8
1539 9
1540 5
1541 5
1542 5
1543 5
1544 5
1545 5
1546 6
1547 7
1548 8
1549 9
1550 5
1551 5
1552 5
1553 5
1554 5
1555 5
1556 6
1557 7
1558 8
1559 9
1560 6
1561 6
1562 6
1563 6
1564 6
1565 6
1566 6
1567 7
1568 8
1569 9
1570 7
1571 7
1572 7
1573 7
1574 7
1575 7
1576 7
1577 7
1578 8
1579 9
1580 8
1581 8
1582 8
1583 8
1584 8
1585 8
1586 8
1587 8
1588 8
1589 9
1590 9
1591 9
1592 9
1593 9
1594 9
1595 9
1596 9
1597 9
1598 9
1599 9
1600 6
1601 6
1602 6
1603 6
1604 6
1605 6
1606 6
1607 7
1608 8
1609 9
1610 6
1611 6
1612 6
1613 6
1614 6
1615 6
1616 6
1617 7
1618 8
1619 9
1620 6
1621 6
1622 6
1623 6
1624 6
1625 6
1626 6
1627 7
1628 8
1629 9
1630 6
1631 6
1632 6
1633 6
1634 6
1635 6
1636 6
1637 7
1638 8
1639 9
1640 6
1641 6
1642 6
1643 6
1644 6
1645 6
1646 6
1647 7
1648 8
1649 9
1650 6
1651 6
1652 6
1653 6
1654 6
1655 6
1656 6
1657 7
1658 8
1659 9
1660 6
1661 6
1662 6
1663 6
1664 6
1665 6
1666 6
1667 7
1668 8
1669 9
1670 7
1671 7
1672 7
1673 7
1674 7
1675 7
1676 7
1677 7
1678 8
1679 9
1680 8
1681 8
1682 8
1683 8
1684 8
1685 8
1686 8
1687 8
1688 8
1689 9
1690 9
1691 9
1692 9
1693 9
1694 9
1695 9
1696 9
1697 9
1698 9
1699 9
1700 7
1701 7
1702 7
1703 7
1704 7
1705 7
1706 7
1707 7
1708 8
1709 9
1710 7
1711 7
1712 7
1713 7
1714 7
1715 7
1716 7
1717 7
1718 8
1719 9
1720 7
1721 7
1722 7
1723 7
1724 7
1725 7
1726 7
1727 7
1728 8
1729 9
1730 7
1731 7
1732 7
1733 7
1734 7
1735 7
1736 7
1737 7
1738 8
1739 9
1740 7
1741 7
1742 7
1743 7
1744 7
1745 7
1746 7
1747 7
1748 8
1749 9
1750 7
1751 7
1752 7
1753 7
1754 7
1755 7
1756 7
1757 7
1758 8
1759 9
1760 7
1761 7
1762 7
1763 7
1764 7
1765 7
1766 7
1767 7
1768 8
1769 9
1770 7
1771 7
1772 7
1773 7
1774 7
1775 7
1776 7
1777 7
1778 8
1779 9
1780 8
1781 8
1782 8
1783 8
1784 8
1785 8
1786 8
1787 8
1788 8
1789 9
1790 9
1791 9
1792 9
1793 9
1794 9
1795 9
1796 9
1797 9
1798 9
1799 9
1800 8
1801 8
1802 8
1803 8
1804 8
1805 8
1806 8
1807 8
1808 8
1809 9
1810 8
1811 8
1812 8
1813 8
1814 8
1815 8
1816 8
1817 8
1818 8
1819 9
1820 8
1821 8
1822 8
1823 8
1824 8
1825 8
1826 8
1827 8
1828 8
1829 9
1830 8
1831 8
1832 8
1833 8
1834 8
1835 8
1836 8
1837 8
1838 8
1839 9
1840 8
1841 8
1842 8
1843 8
1844 8
1845 8
1846 8
1847 8
1848 8
1849 9
1850 8
1851 8
1852 8
1853 8
1854 8
1855 8
1856 8
1857 8
1858 8
1859 9
1860 8
1861 8
1862 8
1863 8
1864 8
1865 8
1866 8
1867 8
1868 8
1869 9
1870 8
1871 8
1872 8
1873 8
1874 8
1875 8
1876 8
1877 8
1878 8
1879 9
1880 8
1881 8
1882 8
1883 8
1884 8
1885 8
1886 8
1887 8
1888 8
1889 9
1890 9
1891 9
1892 9
1893 9
1894 9
1895 9
1896 9
1897 9
1898 9
1899 9
1900 9
1901 9
1902 9
1903 9
1904 9
1905 9
1906 9
1907 9
1908 9
1909 9
1910 9
1911 9
1912 9
1913 9
1914 9
1915 9
1916 9
1917 9
1918 9
1919 9
1920 9
1921 9
1922 9
1923 9
1924 9
1925 9
1926 9
1927 9
1928 9
1929 9
1930 9
1931 9
1932 9
1933 9
1934 9
1935 9
1936 9
1937 9
1938 9
1939 9
1940 9
1941 9
1942 9
1943 9
1944 9
1945 9
1946 9
1947 9
1948 9
1949 9
1950 9
1951 9
1952 9
1953 9
1954 9
1955 9
1956 9
1957 9
1958 9
1959 9
1960 9
1961 9
1962 9
1963 9
1964 9
1965 9
1966 9
1967 9
1968 9
1969 9
1970 9
1971 9
1972 9
1973 9
1974 9
1975 9
1976 9
1977 9
1978 9
1979 9
1980 9
1981 9
1982 9
1983 9
1984 9
1985 9
1986 9
1987 9
1988 9
1989 9
1990 9
1991 9
1992 9
1993 9
1994 9
1995 9
1996 9
1997 9
1998 9
1999 9
2000 2
2001 2
2002 2
2003 3
2004 4
2005 5
2006 6
2007 7
2008 8
2009 9
2010 2
2011 2
2012 2
2013 3
2014 4
2015 5
2016 6
2017 7
2018 8
2019 9
2020 2
2021 2
2022 2
2023 3
2024 4
2025 5
2026 6
2027 7
2028 8
2029 9
2030 3
2031 3
2032 3
2033 3
2034 4
2035 5
2036 6
2037 7
2038 8
2039 9
2040 4
2041 4
2042 4
2043 4
2044 4
2045 5
2046 6
2047 7
2048 8
2049 9
2050 5
2051 5
2052 5
2053 5
2054 5
2055 5
2056 6
2057 7
2058 8
2059 9
2060 6
2061 6
2062 6
2063 6
2064 6
2065 6
2066 6
2067 7
2068 8
2069 9
2070 7
2071 7
2072 7
2073 7
2074 7
2075 7
2076 7
2077 7
2078 8
2079 9
2080 8
2081 8
2082 8
2083 8
2084 8
2085 8
2086 8
2087 8
2088 8
2089 9
2090 9
2091 9
2092 9
2093 9
2094 9
2095 9
2096 9
2097 9
2098 9
2099 9
2100 2
2101 2
2102 2
2103 3
2104 4
2105 5
2106 6
2107 7
2108 8
2109 9
2110 2
2111 2
2112 2
2113 3
2114 4
2115 5
2116 6
2117 7
2118 8
2119 9
2120 2
2121 2
2122 2
2123 3
2124 4
2125 5
2126 6
2127 7
2128 8
2129 9
2130 3
2131 3
2132 3
2133 3
2134 4
2135 5
2136 6
2137 7
2138 8
2139 9
2140 4
2141 4
2142 4
2143 4
2144 4
2145 5
2146 6
2147 7
2148 8
2149 9
2150 5
2151 5
2152 5
2153 5
2154 5
2155 5
2156 6
2157 7
2158 8
2159 9
2160 6
2161 6
2162 6
2163 6
2164 6
2165 6
2166 6
2167 7
2168 8
2169 9
2170 7
2171 7
2172 7
2173 7
2174 7
2175 7
2176 7
2177 7
2178 8
2179 9
2180 8
2181 8
2182 8
2183 8
2184 8
2185 8
2186 8
2187 8
2188 8
2189 9
2190 9
2191 9
2192 9
2193 9
2194 9
2195 9
2196 9
2197 9
2198 9
2199 9
2200 2
2201 2
2202 2
2203 3
2204 4
2205 5
2206 6
2207 7
2208 8
2209 9
2210 2
2211 2
2212 2
2213 3
2214 4
2215 5
2216 6
2217 7
2218 8
2219 9
2220 2
2221 2
2222 2
2223 3
2224 4
2225 5
2226 6
2227 7
2228 8
2229 9
2230 3
2231 3
2232 3
2233 3
2234 4
2235 5
2236 6
2237 7
2238 8
2239 9
2240 4
2241 4
2242 4
2243 4
2244 4
2245 5
2246 6
2247 7
2248 8
2249 9
2250 5
2251 5
2252 5
2253 5
2254 5
2255 5
2256 6
2257 7
2258 8
2259 9
2260 6
2261 6
2262 6
2263 6
2264 6
2265 6
2266 6
2267 7
2268 8
2269 9
2270 7
2271 7
2272 7
2273 7
2274 7
2275 7
2276 7
2277 7
2278 8
2279 9
2280 8
2281 8
2282 8
2283 8
2284 8
2285 8
2286 8
2287 8
2288 8
2289 9
2290 9
2291 9
2292 9
2293 9
2294 9
2295 9
2296 9
2297 9
2298 9
2299 9
2300 3
2301 3
2302 3
2303 3
2304 4
2305 5
2306 6
2307 7
2308 8
2309 9
2310 3
2311 3
2312 3
2313 3
2314 4
2315 5
2316 6
2317 7
2318 8
2319 9
2320 3
2321 3
2322 3
2323 3
2324 4
2325 5
2326 6
2327 7
2328 8
2329 9
2330 3
2331 3
2332 3
2333 3
2334 4
2335 5
2336 6
2337 7
2338 8
2339 9
2340 4
2341 4
2342 4
2343 4
2344 4
2345 5
2346 6
2347 7
2348 8
2349 9
2350 5
2351 5
2352 5
2353 5
2354 5
2355 5
2356 6
2357 7
2358 8
2359 9
2360 6
2361 6
2362 6
2363 6
2364 6
2365 6
2366 6
2367 7
2368 8
2369 9
2370 7
2371 7
2372 7
2373 7
2374 7
2375 7
2376 7
2377 7
2378 8
2379 9
2380 8
2381 8
2382 8
2383 8
2384 8
2385 8
2386 8
2387 8
2388 8
2389 9
2390 9
2391 9
2392 9
2393 9
2394 9
2395 9
2396 9
2397 9
2398 9
2399 9
2400 4
2401 4
2402 4
2403 4
2404 4
2405 5
2406 6
2407 7
2408 8
2409 9
2410 4
2411 4
2412 4
2413 4
2414 4
2415 5
2416 6
2417 7
2418 8
2419 9
2420 4
2421 4
2422 4
2423 4
2424 4
2425 5
2426 6
2427 7
2428 8
2429 9
2430 4
2431 4
2432 4
2433 4
2434 4
2435 5
2436 6
2437 7
2438 8
2439 9
2440 4
2441 4
2442 4
2443 4
2444 4
2445 5
2446 6
2447 7
2448 8
2449 9
2450 5
2451 5
2452 5
2453 5
2454 5
2455 5
2456 6
2457 7
2458 8
2459 9
2460 6
2461 6
2462 6
2463 6
2464 6
2465 6
2466 6
2467 7
2468 8
2469 9
2470 7
2471 7
2472 7
2473 7
2474 7
2475 7
2476 7
2477 7
2478 8
2479 9
2480 8
2481 8
2482 8
2483 8
2484 8
2485 8
2486 8
2487 8
2488 8
2489 9
2490 9
2491 9
2492 9
2493 9
2494 9
2495 9
2496 9
2497 9
2498 9
2499 9
2500 5
2501 5
2502 5
2503 5
2504 5
2505 5
2506 6
2507 7
2508 8
2509 9
2510 5
2511 5
2512 5
2513 5
2514 5
2515 5
2516 6
2517 7
2518 8
2519 9
2520 5
2521 5
2522 5
2523 5
2524 5
2525 5
2526 6
2527 7
2528 8
2529 9
2530 5
2531 5
2532 5
2533 5
2534 5
2535 5
2536 6
2537 7
2538 8
2539 9
2540 5
2541 5
2542 5
2543 5
2544 5
2545 5
2546 6
2547 7
2548 8
2549 9
2550 5
2551 5
2552 5
2553 5
2554 5
2555 5
2556 6
2557 7
2558 8
2559 9
2560 6
2561 6
2562 6
2563 6
2564 6
2565 6
2566 6
2567 7
2568 8
2569 9
2570 7
2571 7
2572 7
2573 7
2574 7
2575 7
2576 7
2577 7
2578 8
2579 9
2580 8
2581 8
2582 8
2583 8
2584 8
2585 8
2586 8
2587 8
2588 8
2589 9
2590 9
2591 9
2592 9
2593 9
2594 9
2595 9
2596 9
2597 9
2598 9
2599 9
2600 6
2601 6
2602 6
2603 6
2604 6
2605 6
2606 6
2607 7
2608 8
2609 9
2610 6
2611 6
2612 6
2613 6
2614 6
2615 6
2616 6
2617 7
2618 8
2619 9
2620 6
2621 6
2622 6
2623 6
2624 6
2625 6
2626 6
2627 7
2628 8
2629 9
2630 6
2631 6
2632 6
2633 6
2634 6
2635 6
2636 6
2637 7
2638 8
2639 9
2640 6
2641 6
2642 6
2643 6
2644 6
2645 6
2646 6
2647 7
2648 8
2649 9
2650 6
2651 6
2652 6
2653 6
2654 6
2655 6
2656 6
2657 7
2658 8
2659 9
2660 6
2661 6
2662 6
2663 6
2664 6
2665 6
2666 6
2667 7
2668 8
2669 9
2670 7
2671 7
2672 7
2673 7
2674 7
2675 7
2676 7
2677 7
2678 8
2679 9
2680 8
2681 8
2682 8
2683 8
2684 8
2685 8
2686 8
2687 8
2688 8
2689 9
2690 9
2691 9
2692 9
2693 9
2694 9
2695 9
2696 9
2697 9
2698 9
2699 9
2700 7
2701 7
2702 7
2703 7
2704 7
2705 7
2706 7
2707 7
2708 8
2709 9
2710 7
2711 7
2712 7
2713 7
2714 7
2715 7
2716 7
2717 7
2718 8
2719 9
2720 7
2721 7
2722 7
2723 7
2724 7
2725 7
2726 7
2727 7
2728 8
2729 9
2730 7
2731 7
2732 7
2733 7
2734 7
2735 7
2736 7
2737 7
2738 8
2739 9
2740 7
2741 7
2742 7
2743 7
2744 7
2745 7
2746 7
2747 7
2748 8
2749 9
2750 7
2751 7
2752 7
2753 7
2754 7
2755 7
2756 7
2757 7
2758 8
2759 9
2760 7
2761 7
2762 7
2763 7
2764 7
2765 7
2766 7
2767 7
2768 8
2769 9
2770 7
2771 7
2772 7
2773 7
2774 7
2775 7
2776 7
2777 7
2778 8
2779 9
2780 8
2781 8
2782 8
2783 8
2784 8
2785 8
2786 8
2787 8
2788 8
2789 9
2790 9
2791 9
2792 9
2793 9
2794 9
2795 9
2796 9
2797 9
2798 9
2799 9
2800 8
2801 8
2802 8
2803 8
2804 8
2805 8
2806 8
2807 8
2808 8
2809 9
2810 8
2811 8
2812 8
2813 8
2814 8
2815 8
2816 8
2817 8
2818 8
2819 9
2820 8
2821 8
2822 8
2823 8
2824 8
2825 8
2826 8
2827 8
2828 8
2829 9
2830 8
2831 8
2832 8
2833 8
2834 8
2835 8
2836 8
2837 8
2838 8
2839 9
2840 8
2841 8
2842 8
2843 8
2844 8
2845 8
2846 8
2847 8
2848 8
2849 9
2850 8
2851 8
2852 8
2853 8
2854 8
2855 8
2856 8
2857 8
2858 8
2859 9
2860 8
2861 8
2862 8
2863 8
2864 8
2865 8
2866 8
2867 8
2868 8
2869 9
2870 8
2871 8
2872 8
2873 8
2874 8
2875 8
2876 8
2877 8
2878 8
2879 9
2880 8
2881 8
2882 8
2883 8
2884 8
2885 8
2886 8
2887 8
2888 8
2889 9
2890 9
2891 9
2892 9
2893 9
2894 9
2895 9
2896 9
2897 9
2898 9
2899 9
2900 9
2901 9
2902 9
2903 9
2904 9
2905 9
2906 9
2907 9
2908 9
2909 9
2910 9
2911 9
2912 9
2913 9
2914 9
2915 9
2916 9
2917 9
2918 9
2919 9
2920 9
2921 9
2922 9
2923 9
2924 9
2925 9
2926 9
2927 9
2928 9
2929 9
2930 9
2931 9
2932 9
2933 9
2934 9
2935 9
2936 9
2937 9
2938 9
2939 9
2940 9
2941 9
2942 9
2943 9
2944 9
2945 9
2946 9
2947 9
2948 9
2949 9
2950 9
2951 9
2952 9
2953 9
2954 9
2955 9
2956 9
2957 9
2958 9
2959 9
2960 9
2961 9
2962 9
2963 9
2964 9
2965 9
2966 9
2967 9
2968 9
2969 9
2970 9
2971 9
2972 9
2973 9
2974 9
2975 9
2976 9
2977 9
2978 9
2979 9
2980 9
2981 9
2982 9
2983 9
2984 9
2985 9
2986 9
2987 9
2988 9
2989 9
2990 9
2991 9
2992 9
2993 9
2994 9
2995 9
2996 9
2997 9
2998 9
2999 9
3000 3
3001 3
3002 3
3003 3
3004 4
3005 5
3006 6
3007 7
3008 8
3009 9
3010 3
3011 3
3012 3
3013 3
3014 4
3015 5
3016 6
3017 7
3018 8
3019 9
3020 3
3021 3
3022 3
3023 3
3024 4
3025 5
3026 6
3027 7
3028 8
3029 9
3030 3
3031 3
3032 3
3033 3
3034 4
3035 5
3036 6
3037 7
3038 8
3039 9
3040 4
3041 4
3042 4
3043 4
3044 4
3045 5
3046 6
3047 7
3048 8
3049 9
3050 5
3051 5
3052 5
3053 5
3054 5
3055 5
3056 6
3057 7
3058 8
3059 9
3060 6
3061 6
3062 6
3063 6
3064 6
3065 6
3066 6
3067 7
3068 8
3069 9
3070 7
3071 7
3072 7
3073 7
3074 7
3075 7
3076 7
3077 7
3078 8
3079 9
3080 8
3081 8
3082 8
3083 8
3084 8
3085 8
3086 8
3087 8
3088 8
3089 9
3090 9
3091 9
3092 9
3093 9
3094 9
3095 9
3096 9
3097 9
3098 9
3099 9
3100 3
3101 3
3102 3
3103 3
3104 4
3105 5
3106 6
3107 7
3108 8
3109 9
3110 3
3111 3
3112 3
3113 3
3114 4
3115 5
3116 6
3117 7
3118 8
3119 9
3120 3
3121 3
3122 3
3123 3
3124 4
3125 5
3126 6
3127 7
3128 8
3129 9
3130 3
3131 3
3132 3
3133 3
3134 4
3135 5
3136 6
3137 7
3138 8
3139 9
3140 4
3141 4
3142 4
3143 4
3144 4
3145 5
3146 6
3147 7
3148 8
3149 9
3150 5
3151 5
3152 5
3153 5
3154 5
3155 5
3156 6
3157 7
3158 8
3159 9
3160 6
3161 6
3162 6
3163 6
3164 6
3165 6
3166 6
3167 7
3168 8
3169 9
3170 7
3171 7
3172 7
3173 7
3174 7
3175 7
3176 7
3177 7
3178 8
3179 9
3180 8
3181 8
3182 8
3183 8
3184 8
3185 8
3186 8
3187 8
3188 8
3189 9
3190 9
3191 9
3192 9
3193 9
3194 9
3195 9
3196 9
3197 9
3198 9
3199 9
3200 3
3201 3
3202 3
3203 3
3204 4
3205 5
3206 6
3207 7
3208 8
3209 9
3210 3
3211 3
3212 3
3213 3
3214 4
3215 5
3216 6
3217 7
3218 8
3219 9
3220 3
3221 3
3222 3
3223 3
3224 4
3225 5
3226 6
3227 7
3228 8
3229 9
3230 3
3231 3
3232 3
3233 3
3234 4
3235 5
3236 6
3237 7
3238 8
3239 9
3240 4
3241 4
3242 4
3243 4
3244 4
3245 5
3246 6
3247 7
3248 8
3249 9
3250 5
3251 5
3252 5
3253 5
3254 5
3255 5
3256 6
3257 7
3258 8
3259 9
3260 6
3261 6
3262 6
3263 6
3264 6
3265 6
3266 6
3267 7
3268 8
3269 9
3270 7
3271 7
3272 7
3273 7
3274 7
3275 7
3276 7
3277 7
3278 8
3279 9
3280 8
3281 8
3282 8
3283 8
3284 8
3285 8
3286 8
3287 8
3288 8
3289 9
3290 9
3291 9
3292 9
3293 9
3294 9
3295 9
3296 9
3297 9
3298 9
3299 9
3300 3
3301 3
3302 3
3303 3
3304 4
3305 5
3306 6
3307 7
3308 8
3309 9
3310 3
3311 3
3312 3
3313 3
3314 4
3315 5
3316 6
3317 7
3318 8
3319 9
3320 3
3321 3
3322 3
3323 3
3324 4
3325 5
3326 6
3327 7
3328 8
3329 9
3330 3
3331 3
3332 3
3333 3
3334 4
3335 5
3336 6
3337 7
3338 8
3339 9
3340 4
3341 4
3342 4
3343 4
3344 4
3345 5
3346 6
3347 7
3348 8
3349 9
3350 5
3351 5
3352 5
3353 5
3354 5
3355 5
3356 6
3357 7
3358 8
3359 9
3360 6
3361 6
3362 6
3363 6
3364 6
3365 6
3366 6
3367 7
3368 8
3369 9
3370 7
3371 7
3372 7
3373 7
3374 7
3375 7
3376 7
3377 7
3378 8
3379 9
3380 8
3381 8
3382 8
3383 8
3384 8
3385 8
3386 8
3387 8
3388 8
3389 9
3390 9
3391 9
3392 9
3393 9
3394 9
3395 9
3396 9
3397 9
3398 9
3399 9
3400 4
3401 4
3402 4
3403 4
3404 4
3405 5
3406 6
3407 7
3408 8
3409 9
3410 4
3411 4
3412 4
3413 4
3414 4
3415 5
3416 6
3417 7
3418 8
3419 9
3420 4
3421 4
3422 4
3423 4
3424 4
3425 5
3426 6
3427 7
3428 8
3429 9
3430 4
3431 4
3432 4
3433 4
3434 4
3435 5
3436 6
3437 7
3438 8
3439 9
3440 4
3441 4
3442 4
3443 4
3444 4
3445 5
3446 6
3447 7
3448 8
3449 9
3450 5
3451 5
3452 5
3453 5
3454 5
3455 5
3456 6
3457 7
3458 8
3459 9
3460 6
3461 6
3462 6
3463 6
3464 6
3465 6
3466 6
3467 7
3468 8
3469 9
3470 7
3471 7
3472 7
3473 7
3474 7
3475 7
3476 7
3477 7
3478 8
3479 9
3480 8
3481 8
3482 8
3483 8
3484 8
3485 8
3486 8
3487 8
3488 8
3489 9
3490 9
3491 9
3492 9
3493 9
3494 9
3495 9
3496 9
3497 9
3498 9
3499 9
3500 5
3501 5
3502 5
3503 5
3504 5
3505 5
3506 6
3507 7
3508 8
3509 9
3510 5
3511 5
3512 5
3513 5
3514 5
3515 5
3516 6
3517 7
3518 8
3519 9
3520 5
3521 5
3522 5
3523 5
3524 5
3525 5
3526 6
3527 7
3528 8
3529 9
3530 5
3531 5
3532 5
3533 5
3534 5
3535 5
3536 6
3537 7
3538 8
3539 9
3540 5
3541 5
3542 5
3543 5
3544 5
3545 5
3546 6
3547 7
3548 8
3549 9
3550 5
3551 5
3552 5
3553 5
3554 5
3555 5
3556 6
3557 7
3558 8
3559 9
3560 6
3561 6
3562 6
3563 6
3564 6
3565 6
3566 6
3567 7
3568 8
3569 9
3570 7
3571 7
3572 7
3573 7
3574 7
3575 7
3576 7
3577 7
3578 8
3579 9
3580 8
3581 8
3582 8
3583 8
3584 8
3585 8
3586 8
3587 8
3588 8
3589 9
3590 9
3591 9
3592 9
3593 9
3594 9
3595 9
3596 9
3597 9
3598 9
3599 9
3600 6
3601 6
3602 6
3603 6
3604 6
3605 6
3606 6
3607 7
3608 8
3609 9
3610 6
3611 6
3612 6
3613 6
3614 6
3615 6
3616 6
3617 7
3618 8
3619 9
3620 6
3621 6
3622 6
3623 6
3624 6
3625 6
3626 6
3627 7
3628 8
3629 9
3630 6
3631 6
3632 6
3633 6
3634 6
3635 6
3636 6
3637 7
3638 8
3639 9
3640 6
3641 6
3642 6
3643 6
3644 6
3645 6
3646 6
3647 7
3648 8
3649 9
3650 6
3651 6
3652 6
3653 6
3654 6
3655 6
3656 6
3657 7
3658 8
3659 9
3660 6
3661 6
3662 6
3663 6
3664 6
3665 6
3666 6
3667 7
3668 8
3669 9
3670 7
3671 7
3672 7
3673 7
3674 7
3675 7
3676 7
3677 7
3678 8
3679 9
3680 8
3681 8
3682 8
3683 8
3684 8
3685 8
3686 8
3687 8
3688 8
3689 9
3690 9
3691 9
3692 9
3693 9
3694 9
3695 9
3696 9
3697 9
3698 9
3699 9
3700 7
3701 7
3702 7
3703 7
3704 7
3705 7
3706 7
3707 7
3708 8
3709 9
3710 7
3711 7
3712 7
3713 7
3714 7
3715 7
3716 7
3717 7
3718 8
3719 9
3720 7
3721 7
3722 7
3723 7
3724 7
3725 7
3726 7
3727 7
3728 8
3729 9
3730 7
3731 7
3732 7
3733 7
3734 7
3735 7
3736 7
3737 7
3738 8
3739 9
3740 7
3741 7
3742 7
3743 7
3744 7
3745 7
3746 7
3747 7
3748 8
3749 9
3750 7
3751 7
3752 7
3753 7
3754 7
3755 7
3756 7
3757 7
3758 8
3759 9
3760 7
3761 7
3762 7
3763 7
3764 7
3765 7
3766 7
3767 7
3768 8
3769 9
3770 7
3771 7
3772 7
3773 7
3774 7
3775 7
3776 7
3777 7
3778 8
3779 9
3780 8
3781 8
3782 8
3783 8
3784 8
3785 8
3786 8
3787 8
3788 8
3789 9
3790 9
3791 9
3792 9
3793 9
3794 9
3795 9
3796 9
3797 9
3798 9
3799 9
3800 8
3801 8
3802 8
3803 8
3804 8
3805 8
3806 8
3807 8
3808 8
3809 9
3810 8
3811 8
3812 8
3813 8
3814 8
3815 8
3816 8
3817 8
3818 8
3819 9
3820 8
3821 8
3822 8
3823 8
3824 8
3825 8
3826 8
3827 8
3828 8
3829 9
3830 8
3831 8
3832 8
3833 8
3834 8
3835 8
3836 8
3837 8
3838 8
3839 9
3840 8
3841 8
3842 8
3843 8
3844 8
3845 8
3846 8
3847 8
3848 8
3849 9
3850 8
3851 8
3852 8
3853 8
3854 8
3855 8
3856 8
3857 8
3858 8
3859 9
3860 8
3861 8
3862 8
3863 8
3864 8
3865 8
3866 8
3867 8
3868 8
3869 9
3870 8
3871 8
3872 8
3873 8
3874 8
3875 8
3876 8
3877 8
3878 8
3879 9
3880 8
3881 8
3882 8
3883 8
3884 8
3885 8
3886 8
3887 8
3888 8
3889 9
3890 9
3891 9
3892 9
3893 9
3894 9
3895 9
3896 9
3897 9
3898 9
3899 9
3900 9
3901 9
3902 9
3903 9
3904 9
3905 9
3906 9
3907 9
3908 9
3909 9
3910 9
3911 9
3912 9
3913 9
3914 9
3915 9
3916 9
3917 9
3918 9
3919 9
3920 9
3921 9
3922 9
3923 9
3924 9
3925 9
3926 9
3927 9
3928 9
3929 9
3930 9
3931 9
3932 9
3933 9
3934 9
3935 9
3936 9
3937 9
3938 9
3939 9
3940 9
3941 9
3942 9
3943 9
3944 9
3945 9
3946 9
3947 9
3948 9
3949 9
3950 9
3951 9
3952 9
3953 9
3954 9
3955 9
3956 9
3957 9
3958 9
3959 9
3960 9
3961 9
3962 9
3963 9
3964 9
3965 9
3966 9
3967 9
3968 9
3969 9
3970 9
3971 9
3972 9
3973 9
3974 9
3975 9
3976 9
3977 9
3978 9
3979 9
3980 9
3981 9
3982 9
3983 9
3984 9
3985 9
3986 9
3987 9
3988 9
3989 9
3990 9
3991 9
3992 9
3993 9
3994 9
3995 9
3996 9
3997 9
3998 9
3999 9
4000 4
4001 4
4002 4
4003 4
4004 4
4005 5
4006 6
4007 7
4008 8
4009 9
4010 4
4011 4
4012 4
4013 4
4014 4
4015 5
4016 6
4017 7
4018 8
4019 9
4020 4
4021 4
4022 4
4023 4
4024 4
4025 5
4026 6
4027 7
4028 8
4029 9
4030 4
4031 4
4032 4
4033 4
4034 4
4035 5
4036 6
4037 7
4038 8
4039 9
4040 4
4041 4
4042 4
4043 4
4044 4
4045 5
4046 6
4047 7
4048 8
4049 9
4050 5
4051 5
4052 5
4053 5
4054 5
4055 5
4056 6
4057 7
4058 8
4059 9
4060 6
4061 6
4062 6
4063 6
4064 6
4065 6
4066 6
4067 7
4068 8
4069 9
4070 7
4071 7
4072 7
4073 7
4074 7
4075 7
4076 7
4077 7
4078 8
4079 9
4080 8
4081 8
4082 8
4083 8
4084 8
4085 8
4086 8
4087 8
4088 8
4089 9
4090 9
4091 9
4092 9
4093 9
4094 9
4095 9
4096 9
4097 9
4098 9
4099 9
4100 4
4101 4
4102 4
4103 4
4104 4
4105 5
4106 6
4107 7
4108 8
4109 9
4110 4
4111 4
4112 4
4113 4
4114 4
4115 5
4116 6
4117 7
4118 8
4119 9
4120 4
4121 4
4122 4
4123 4
4124 4
4125 5
4126 6
4127 7
4128 8
4129 9
4130 4
4131 4
4132 4
4133 4
4134 4
4135 5
4136 6
4137 7
4138 8
4139 9
4140 4
4141 4
4142 4
4143 4
4144 4
4145 5
4146 6
4147 7
4148 8
4149 9
4150 5
4151 5
4152 5
4153 5
4154 5
4155 5
4156 6
4157 7
4158 8
4159 9
4160 6
4161 6
4162 6
4163 6
4164 6
4165 6
4166 6
4167 7
4168 8
4169 9
4170 7
4171 7
4172 7
4173 7
4174 7
4175 7
4176 7
4177 7
4178 8
4179 9
4180 8
4181 8
4182 8
4183 8
4184 8
4185 8
4186 8
4187 8
4188 8
4189 9
4190 9
4191 9
4192 9
4193 9
4194 9
4195 9
4196 9
4197 9
4198 9
4199 9
4200 4
4201 4
4202 4
4203 4
4204 4
4205 5
4206 6
4207 7
4208 8
4209 9
4210 4
4211 4
4212 4
4213 4
4214 4
4215 5
4216 6
4217 7
4218 8
4219 9
4220 4
4221 4
4222 4
4223 4
4224 4
4225 5
4226 6
4227 7
4228 8
4229 9
4230 4
4231 4
4232 4
4233 4
4234 4
4235 5
4236 6
4237 7
4238 8
4239 9
4240 4
4241 4
4242 4
4243 4
4244 4
4245 5
4246 6
4247 7
4248 8
4249 9
4250 5
4251 5
4252 5
4253 5
4254 5
4255 5
4256 6
4257 7
4258 8
4259 9
4260 6
4261 6
4262 6
4263 6
4264 6
4265 6
4266 6
4267 7
4268 8
4269 9
4270 7
4271 7
4272 7
4273 7
4274 7
4275 7
4276 7
4277 7
4278 8
4279 9
4280 8
4281 8
4282 8
4283 8
4284 8
4285 8
4286 8
4287 8
4288 8
4289 9
4290 9
4291 9
4292 9
4293 9
4294 9
4295 9
4296 9
4297 9
4298 9
4299 9
4300 4
4301 4
4302 4
4303 4
4304 4
4305 5
4306 6
4307 7
4308 8
4309 9
4310 4
4311 4
4312 4
4313 4
4314 4
4315 5
4316 6
4317 7
4318 8
4319 9
4320 4
4321 4
4322 4
4323 4
4324 4
4325 5
4326 6
4327 7
4328 8
4329 9
4330 4
4331 4
4332 4
4333 4
4334 4
4335 5
4336 6
4337 7
4338 8
4339 9
4340 4
4341 4
4342 4
4343 4
4344 4
4345 5
4346 6
4347 7
4348 8
4349 9
4350 5
4351 5
4352 5
4353 5
4354 5
4355 5
4356 6
4357 7
4358 8
4359 9
4360 6
4361 6
4362 6
4363 6
4364 6
4365 6
4366 6
4367 7
4368 8
4369 9
4370 7
4371 7
4372 7
4373 7
4374 7
4375 7
4376 7
4377 7
4378 8
4379 9
4380 8
4381 8
4382 8
4383 8
4384 8
4385 8
4386 8
4387 8
4388 8
4389 9
4390 9
4391 9
4392 9
4393 9
4394 9
4395 9
4396 9
4397 9
4398 9
4399 9
4400 4
4401 4
4402 4
4403 4
4404 4
4405 5
4406 6
4407 7
4408 8
4409 9
4410 4
4411 4
4412 4
4413 4
4414 4
4415 5
4416 6
4417 7
4418 8
4419 9
4420 4
4421 4
4422 4
4423 4
4424 4
4425 5
4426 6
4427 7
4428 8
4429 9
4430 4
4431 4
4432 4
4433 4
4434 4
4435 5
4436 6
4437 7
4438 8
4439 9
4440 4
4441 4
4442 4
4443 4
4444 4
4445 5
4446 6
4447 7
4448 8
4449 9
4450 5
4451 5
4452 5
4453 5
4454 5
4455 5
4456 6
4457 7
4458 8
4459 9
4460 6
4461 6
4462 6
4463 6
4464 6
4465 6
4466 6
4467 7
4468 8
4469 9
4470 7
4471 7
4472 7
4473 7
4474 7
4475 7
4476 7
4477 7
4478 8
4479 9
4480 8
4481 8
4482 8
4483 8
4484 8
4485 8
4486 8
4487 8
4488 8
4489 9
4490 9
4491 9
4492 9
4493 9
4494 9
4495 9
4496 9
4497 9
4498 9
4499 9
4500 5
4501 5
4502 5
4503 5
4504 5
4505 5
4506 6
4507 7
4508 8
4509 9
4510 5
4511 5
4512 5
4513 5
4514 5
4515 5
4516 6
4517 7
4518 8
4519 9
4520 5
4521 5
4522 5
4523 5
4524 5
4525 5
4526 6
4527 7
4528 8
4529 9
4530 5
4531 5
4532 5
4533 5
4534 5
4535 5
4536 6
4537 7
4538 8
4539 9
4540 5
4541 5
4542 5
4543 5
4544 5
4545 5
4546 6
4547 7
4548 8
4549 9
4550 5
4551 5
4552 5
4553 5
4554 5
4555 5
4556 6
4557 7
4558 8
4559 9
4560 6
4561 6
4562 6
4563 6
4564 6
4565 6
4566 6
4567 7
4568 8
4569 9
4570 7
4571 7
4572 7
4573 7
4574 7
4575 7
4576 7
4577 7
4578 8
4579 9
4580 8
4581 8
4582 8
4583 8
4584 8
4585 8
4586 8
4587 8
4588 8
4589 9
4590 9
4591 9
4592 9
4593 9
4594 9
4595 9
4596 9
4597 9
4598 9
4599 9
4600 6
4601 6
4602 6
4603 6
4604 6
4605 6
4606 6
4607 7
4608 8
4609 9
4610 6
4611 6
4612 6
4613 6
4614 6
4615 6
4616 6
4617 7
4618 8
4619 9
4620 6
4621 6
4622 6
4623 6
4624 6
4625 6
4626 6
4627 7
4628 8
4629 9
4630 6
4631 6
4632 6
4633 6
4634 6
4635 6
4636 6
4637 7
4638 8
4639 9
4640 6
4641 6
4642 6
4643 6
4644 6
4645 6
4646 6
4647 7
4648 8
4649 9
4650 6
4651 6
4652 6
4653 6
4654 6
4655 6
4656 6
4657 7
4658 8
4659 9
4660 6
4661 6
4662 6
4663 6
4664 6
4665 6
4666 6
4667 7
4668 8
4669 9
4670 7
4671 7
4672 7
4673 7
4674 7
4675 7
4676 7
4677 7
4678 8
4679 9
4680 8
4681 8
4682 8
4683 8
4684 8
4685 8
4686 8
4687 8
4688 8
4689 9
4690 9
4691 9
4692 9
4693 9
4694 9
4695 9
4696 9
4697 9
4698 9
4699 9
4700 7
4701 7
4702 7
4703 7
4704 7
4705 7
4706 7
4707 7
4708 8
4709 9
4710 7
4711 7
4712 7
4713 7
4714 7
4715 7
4716 7
4717 7
4718 8
4719 9
4720 7
4721 7
4722 7
4723 7
4724 7
4725 7
4726 7
4727 7
4728 8
4729 9
4730 7
4731 7
4732 7
4733 7
4734 7
4735 7
4736 7
4737 7
4738 8
4739 9
4740 7
4741 7
4742 7
4743 7
4744 7
4745 7
4746 7
4747 7
4748 8
4749 9
4750 7
4751 7
4752 7
4753 7
4754 7
4755 7
4756 7
4757 7
4758 8
4759 9
4760 7
4761 7
4762 7
4763 7
4764 7
4765 7
4766 7
4767 7
4768 8
4769 9
4770 7
4771 7
4772 7
4773 7
4774 7
4775 7
4776 7
4777 7
4778 8
4779 9
4780 8
4781 8
4782 8
4783 8
4784 8
4785 8
4786 8
4787 8
4788 8
4789 9
4790 9
4791 9
4792 9
4793 9
4794 9
4795 9
4796 9
4797 9
4798 9
4799 9
4800 8
4801 8
4802 8
4803 8
4804 8
4805 8
4806 8
4807 8
4808 8
4809 9
4810 8
4811 8
4812 8
4813 8
4814 8
4815 8
4816 8
4817 8
4818 8
4819 9
4820 8
4821 8
4822 8
4823 8
4824 8
4825 8
4826 8
4827 8
4828 8
4829 9
4830 8
4831 8
4832 8
4833 8
4834 8
4835 8
4836 8
4837 8
4838 8
4839 9
4840 8
4841 8
4842 8
4843 8
4844 8
4845 8
4846 8
4847 8
4848 8
4849 9
4850 8
4851 8
4852 8
4853 8
4854 8
4855 8
4856 8
4857 8
4858 8
4859 9
4860 8
4861 8
4862 8
4863 8
4864 8
4865 8
4866 8
4867 8
4868 8
4869 9
4870 8
4871 8
4872 8
4873 8
4874 8
4875 8
4876 8
4877 8
4878 8
4879 9
4880 8
4881 8
4882 8
4883 8
4884 8
4885 8
4886 8
4887 8
4888 8
4889 9
4890 9
4891 9
4892 9
4893 9
4894 9
4895 9
4896 9
4897 9
4898 9
4899 9
4900 9
4901 9
4902 9
4903 9
4904 9
4905 9
4906 9
4907 9
4908 9
4909 9
4910 9
4911 9
4912 9
4913 9
4914 9
4915 9
4916 9
4917 9
4918 9
4919 9
4920 9
4921 9
4922 9
4923 9
4924 9
4925 9
4926 9
4927 9
4928 9
4929 9
4930 9
4931 9
4932 9
4933 9
4934 9
4935 9
4936 9
4937 9
4938 9
4939 9
4940 9
4941 9
4942 9
4943 9
4944 9
4945 9
4946 9
4947 9
4948 9
4949 9
4950 9
4951 9
4952 9
4953 9
4954 9
4955 9
4956 9
4957 9
4958 9
4959 9
4960 9
4961 9
4962 9
4963 9
4964 9
4965 9
4966 9
4967 9
4968 9
4969 9
4970 9
4971 9
4972 9
4973 9
4974 9
4975 9
4976 9
4977 9
4978 9
4979 9
4980 9
4981 9
4982 9
4983 9
4984 9
4985 9
4986 9
4987 9
4988 9
4989 9
4990 9
4991 9
4992 9
4993 9
4994 9
4995 9
4996 9
4997 9
4998 9
4999 9
5000 5
5001 5
5002 5
5003 5
5004 5
5005 5
5006 6
5007 7
5008 8
5009 9
5010 5
5011 5
5012 5
5013 5
5014 5
5015 5
5016 6
5017 7
5018 8
5019 9
5020 5
5021 5
5022 5
5023 5
5024 5
5025 5
5026 6
5027 7
5028 8
5029 9
5030 5
5031 5
5032 5
5033 5
5034 5
5035 5
5036 6
5037 7
5038 8
5039 9
5040 5
5041 5
5042 5
5043 5
5044 5
5045 5
5046 6
5047 7
5048 8
5049 9
5050 5
5051 5
5052 5
5053 5
5054 5
5055 5
5056 6
5057 7
5058 8
5059 9
5060 6
5061 6
5062 6
5063 6
5064 6
5065 6
5066 6
5067 7
5068 8
5069 9
5070 7
5071 7
5072 7
5073 7
5074 7
5075 7
5076 7
5077 7
5078 8
5079 9
5080 8
5081 8
5082 8
5083 8
5084 8
5085 8
5086 8
5087 8
5088 8
5089 9
5090 9
5091 9
5092 9
5093 9
5094 9
5095 9
5096 9
5097 9
5098 9
5099 9
5100 5
5101 5
5102 5
5103 5
5104 5
5105 5
5106 6
5107 7
5108 8
5109 9
5110 5
5111 5
5112 5
5113 5
5114 5
5115 5
5116 6
5117 7
5118 8
5119 9
5120 5
5121 5
5122 5
5123 5
5124 5
5125 5
5126 6
5127 7
5128 8
5129 9
5130 5
5131 5
5132 5
5133 5
5134 5
5135 5
5136 6
5137 7
5138 8
5139 9
5140 5
5141 5
5142 5
5143 5
5144 5
5145 5
5146 6
5147 7
5148 8
5149 9
5150 5
5151 5
5152 5
5153 5
5154 5
5155 5
5156 6
5157 7
5158 8
5159 9
5160 6
5161 6
5162 6
5163 6
5164 6
5165 6
5166 6
5167 7
5168 8
5169 9
5170 7
5171 7
5172 7
5173 7
5174 7
5175 7
5176 7
5177 7
5178 8
5179 9
5180 8
5181 8
5182 8
5183 8
5184 8
5185 8
5186 8
5187 8
5188 8
5189 9
5190 9
5191 9
5192 9
5193 9
5194 9
5195 9
5196 9
5197 9
5198 9
5199 9
5200 5
5201 5
5202 5
5203 5
5204 5
5205 5
5206 6
5207 7
5208 8
5209 9
5210 5
5211 5
5212 5
5213 5
5214 5
5215 5
5216 6
5217 7
5218 8
5219 9
5220 5
5221 5
5222 5
5223 5
5224 5
5225 5
5226 6
5227 7
5228 8
5229 9
5230 5
5231 5
5232 5
5233 5
5234 5
5235 5
5236 6
5237 7
5238 8
5239 9
5240 5
5241 5
5242 5
5243 5
5244 5
5245 5
5246 6
5247 7
5248 8
5249 9
5250 5
5251 5
5252 5
5253 5
5254 5
5255 5
5256 6
5257 7
5258 8
5259 9
5260 6
5261 6
5262 6
5263 6
5264 6
5265 6
5266 6
5267 7
5268 8
5269 9
5270 7
5271 7
5272 7
5273 7
5274 7
5275 7
5276 7
5277 7
5278 8
5279 9
5280 8
5281 8
5282 8
5283 8
5284 8
5285 8
5286 8
5287 8
5288 8
5289 9
5290 9
5291 9
5292 9
5293 9
5294 9
5295 9
5296 9
5297 9
5298 9
5299 9
5300 5
5301 5
5302 5
5303 5
5304 5
5305 5
5306 6
5307 7
5308 8
5309 9
5310 5
5311 5
5312 5
5313 5
5314 5
5315 5
5316 6
5317 7
5318 8
5319 9
5320 5
5321 5
5322 5
5323 5
5324 5
5325 5
5326 6
5327 7
5328 8
5329 9
5330 5
5331 5
5332 5
5333 5
5334 5
5335 5
5336 6
5337 7
5338 8
5339 9
5340 5
5341 5
5342 5
5343 5
5344 5
5345 5
5346 6
5347 7
5348 8
5349 9
5350 5
5351 5
5352 5
5353 5
5354 5
5355 5
5356 6
5357 7
5358 8
5359 9
5360 6
5361 6
5362 6
5363 6
5364 6
5365 6
5366 6
5367 7
5368 8
5369 9
5370 7
5371 7
5372 7
5373 7
5374 7
5375 7
5376 7
5377 7
5378 8
5379 9
5380 8
5381 8
5382 8
5383 8
5384 8
5385 8
5386 8
5387 8
5388 8
5389 9
5390 9
5391 9
5392 9
5393 9
5394 9
5395 9
5396 9
5397 9
5398 9
5399 9
5400 5
5401 5
5402 5
5403 5
5404 5
5405 5
5406 6
5407 7
5408 8
5409 9
5410 5
5411 5
5412 5
5413 5
5414 5
5415 5
5416 6
5417 7
5418 8
5419 9
5420 5
5421 5
5422 5
5423 5
5424 5
5425 5
5426 6
5427 7
5428 8
5429 9
5430 5
5431 5
5432 5
5433 5
5434 5
5435 5
5436 6
5437 7
5438 8
5439 9
5440 5
5441 5
5442 5
5443 5
5444 5
5445 5
5446 6
5447 7
5448 8
5449 9
5450 5
5451 5
5452 5
5453 5
5454 5
5455 5
5456 6
5457 7
5458 8
5459 9
5460 6
5461 6
5462 6
5463 6
5464 6
5465 6
5466 6
5467 7
5468 8
5469 9
5470 7
5471 7
5472 7
5473 7
5474 7
5475 7
5476 7
5477 7
5478 8
5479 9
5480 8
5481 8
5482 8
5483 8
5484 8
5485 8
5486 8
5487 8
5488 8
5489 9
5490 9
5491 9
5492 9
5493 9
5494 9
5495 9
5496 9
5497 9
5498 9
5499 9
5500 5
5501 5
5502 5
5503 5
5504 5
5505 5
5506 6
5507 7
5508 8
5509 9
5510 5
5511 5
5512 5
5513 5
5514 5
5515 5
5516 6
5517 7
5518 8
5519 9
5520 5
5521 5
5522 5
5523 5
5524 5
5525 5
5526 6
5527 7
5528 8
5529 9
5530 5
5531 5
5532 5
5533 5
5534 5
5535 5
5536 6
5537 7
5538 8
5539 9
5540 5
5541 5
5542 5
5543 5
5544 5
5545 5
5546 6
5547 7
5548 8
5549 9
5550 5
5551 5
5552 5
5553 5
5554 5
5555 5
5556 6
5557 7
5558 8
5559 9
5560 6
5561 6
5562 6
5563 6
5564 6
5565 6
5566 6
5567 7
5568 8
5569 9
5570 7
5571 7
5572 7
5573 7
5574 7
5575 7
5576 7
5577 7
5578 8
5579 9
5580 8
5581 8
5582 8
5583 8
5584 8
5585 8
5586 8
5587 8
5588 8
5589 9
5590 9
5591 9
5592 9
5593 9
5594 9
5595 9
5596 9
5597 9
5598 9
5599 9
5600 6
5601 6
5602 6
5603 6
5604 6
5605 6
5606 6
5607 7
5608 8
5609 9
5610 6
5611 6
5612 6
5613 6
5614 6
5615 6
5616 6
5617 7
5618 8
5619 9
5620 6
5621 6
5622 6
5623 6
5624 6
5625 6
5626 6
5627 7
5628 8
5629 9
5630 6
5631 6
5632 6
5633 6
5634 6
5635 6
5636 6
5637 7
5638 8
5639 9
5640 6
5641 6
5642 6
5643 6
5644 6
5645 6
5646 6
5647 7
5648 8
5649 9
5650 6
5651 6
5652 6
5653 6
5654 6
5655 6
5656 6
5657 7
5658 8
5659 9
5660 6
5661 6
5662 6
5663 6
5664 6
5665 6
5666 6
5667 7
5668 8
5669 9
5670 7
5671 7
5672 7
5673 7
5674 7
5675 7
5676 7
5677 7
5678 8
5679 9
5680 8
5681 8
5682 8
5683 8
5684 8
5685 8
5686 8
5687 8
5688 8
5689 9
5690 9
5691 9
5692 9
5693 9
5694 9
5695 9
5696 9
5697 9
5698 9
5699 9
5700 7
5701 7
5702 7
5703 7
5704 7
5705 7
5706 7
5707 7
5708 8
5709 9
5710 7
5711 7
5712 7
5713 7
5714 7
5715 7
5716 7
5717 7
5718 8
5719 9
5720 7
5721 7
5722 7
5723 7
5724 7
5725 7
5726 7
5727 7
5728 8
5729 9
5730 7
5731 7
5732 7
5733 7
5734 7
5735 7
5736 7
5737 7
5738 8
5739 9
5740 7
5741 7
5742 7
5743 7
5744 7
5745 7
5746 7
5747 7
5748 8
5749 9
5750 7
5751 7
5752 7
5753 7
5754 7
5755 7
5756 7
5757 7
5758 8
5759 9
5760 7
5761 7
5762 7
5763 7
5764 7
5765 7
5766 7
5767 7
5768 8
5769 9
5770 7
5771 7
5772 7
5773 7
5774 7
5775 7
5776 7
5777 7
5778 8
5779 9
5780 8
5781 8
5782 8
5783 8
5784 8
5785 8
5786 8
5787 8
5788 8
5789 9
5790 9
5791 9
5792 9
5793 9
5794 9
5795 9
5796 9
5797 9
5798 9
5799 9
5800 8
5801 8
5802 8
5803 8
5804 8
5805 8
5806 8
5807 8
5808 8
5809 9
5810 8
5811 8
5812 8
5813 8
5814 8
5815 8
5816 8
5817 8
5818 8
5819 9
5820 8
5821 8
5822 8
5823 8
5824 8
5825 8
5826 8
5827 8
5828 8
5829 9
5830 8
5831 8
5832 8
5833 8
5834 8
5835 8
5836 8
5837 8
5838 8
5839 9
5840 8
5841 8
5842 8
5843 8
5844 8
5845 8
5846 8
5847 8
5848 8
5849 9
5850 8
5851 8
5852 8
5853 8
5854 8
5855 8
5856 8
5857 8
5858 8
5859 9
5860 8
5861 8
5862 8
5863 8
5864 8
5865 8
5866 8
5867 8
5868 8
5869 9
5870 8
5871 8
5872 8
5873 8
5874 8
5875 8
5876 8
5877 8
5878 8
5879 9
5880 8
5881 8
5882 8
5883 8
5884 8
5885 8
5886 8
5887 8
5888 8
5889 9
5890 9
5891 9
5892 9
5893 9
5894 9
5895 9
5896 9
5897 9
5898 9
5899 9
5900 9
5901 9
5902 9
5903 9
5904 9
5905 9
5906 9
5907 9
5908 9
5909 9
5910 9
5911 9
5912 9
5913 9
5914 9
5915 9
5916 9
5917 9
5918 9
5919 9
5920 9
5921 9
5922 9
5923 9
5924 9
5925 9
5926 9
5927 9
5928 9
5929 9
5930 9
5931 9
5932 9
5933 9
5934 9
5935 9
5936 9
5937 9
5938 9
5939 9
5940 9
5941 9
5942 9
5943 9
5944 9
5945 9
5946 9
5947 9
5948 9
5949 9
5950 9
5951 9
5952 9
5953 9
5954 9
5955 9
5956 9
5957 9
5958 9
5959 9
5960 9
5961 9
5962 9
5963 9
5964 9
5965 9
5966 9
5967 9
5968 9
5969 9
5970 9
5971 9
5972 9
5973 9
5974 9
5975 9
5976 9
5977 9
5978 9
5979 9
5980 9
5981 9
5982 9
5983 9
5984 9
5985 9
5986 9
5987 9
5988 9
5989 9
5990 9
5991 9
5992 9
5993 9
5994 9
5995 9
5996 9
5997 9
5998 9
5999 9
6000 6
6001 6
6002 6
6003 6
6004 6
6005 6
6006 6
6007 7
6008 8
6009 9
6010 6
6011 6
6012 6
6013 6
6014 6
6015 6
6016 6
6017 7
6018 8
6019 9
6020 6
6021 6
6022 6
6023 6
6024 6
6025 6
6026 6
6027 7
6028 8
6029 9
6030 6
6031 6
6032 6
6033 6
6034 6
6035 6
6036 6
6037 7
6038 8
6039 9
6040 6
6041 6
6042 6
6043 6
6044 6
6045 6
6046 6
6047 7
6048 8
6049 9
6050 6
6051 6
6052 6
6053 6
6054 6
6055 6
6056 6
6057 7
6058 8
6059 9
6060 6
6061 6
6062 6
6063 6
6064 6
6065 6
6066 6
6067 7
6068 8
6069 9
6070 7
6071 7
6072 7
6073 7
6074 7
6075 7
6076 7
6077 7
6078 8
6079 9
6080 8
6081 8
6082 8
6083 8
6084 8
6085 8
6086 8
6087 8
6088 8
6089 9
6090 9
6091 9
6092 9
6093 9
6094 9
6095 9
6096 9
6097 9
6098 9
6099 9
6100 6
6101 6
6102 6
6103 6
6104 6
6105 6
6106 6
6107 7
6108 8
6109 9
6110 6
6111 6
6112 6
6113 6
6114 6
6115 6
6116 6
6117 7
6118 8
6119 9
6120 6
6121 6
6122 6
6123 6
6124 6
6125 6
6126 6
6127 7
6128 8
6129 9
6130 6
6131 6
6132 6
6133 6
6134 6
6135 6
6136 6
6137 7
6138 8
6139 9
6140 6
6141 6
6142 6
6143 6
6144 6
6145 6
6146 6
6147 7
6148 8
6149 9
6150 6
6151 6
6152 6
6153 6
6154 6
6155 6
6156 6
6157 7
6158 8
6159 9
6160 6
6161 6
6162 6
6163 6
6164 6
6165 6
6166 6
6167 7
6168 8
6169 9
6170 7
6171 7
6172 7
6173 7
6174 7
6175 7
6176 7
6177 7
6178 8
6179 9
6180 8
6181 8
6182 8
6183 8
6184 8
6185 8
6186 8
6187 8
6188 8
6189 9
6190 9
6191 9
6192 9
6193 9
6194 9
6195 9
6196 9
6197 9
6198 9
6199 9
6200 6
6201 6
6202 6
6203 6
6204 6
6205 6
6206 6
6207 7
6208 8
6209 9
6210 6
6211 6
6212 6
6213 6
6214 6
6215 6
6216 6
6217 7
6218 8
6219 9
6220 6
6221 6
6222 6
6223 6
6224 6
6225 6
6226 6
6227 7
6228 8
6229 9
6230 6
6231 6
6232 6
6233 6
6234 6
6235 6
6236 6
6237 7
6238 8
6239 9
6240 6
6241 6
6242 6
6243 6
6244 6
6245 6
6246 6
6247 7
6248 8
6249 9
6250 6
6251 6
6252 6
6253 6
6254 6
6255 6
6256 6
6257 7
6258 8
6259 9
6260 6
6261 6
6262 6
6263 6
6264 6
6265 6
6266 6
6267 7
6268 8
6269 9
6270 7
6271 7
6272 7
6273 7
6274 7
6275 7
6276 7
6277 7
6278 8
6279 9
6280 8
6281 8
6282 8
6283 8
6284 8
6285 8
6286 8
6287 8
6288 8
6289 9
6290 9
6291 9
6292 9
6293 9
6294 9
6295 9
6296 9
6297 9
6298 9
6299 9
6300 6
6301 6
6302 6
6303 6
6304 6
6305 6
6306 6
6307 7
6308 8
6309 9
6310 6
6311 6
6312 6
6313 6
6314 6
6315 6
6316 6
6317 7
6318 8
6319 9
6320 6
6321 6
6322 6
6323 6
6324 6
6325 6
6326 6
6327 7
6328 8
6329 9
6330 6
6331 6
6332 6
6333 6
6334 6
6335 6
6336 6
6337 7
6338 8
6339 9
6340 6
6341 6
6342 6
6343 6
6344 6
6345 6
6346 6
6347 7
6348 8
6349 9
6350 6
6351 6
6352 6
6353 6
6354 6
6355 6
6356 6
6357 7
6358 8
6359 9
6360 6
6361 6
6362 6
6363 6
6364 6
6365 6
6366 6
6367 7
6368 8
6369 9
6370 7
6371 7
6372 7
6373 7
6374 7
6375 7
6376 7
6377 7
6378 8
6379 9
6380 8
6381 8
6382 8
6383 8
6384 8
6385 8
6386 8
6387 8
6388 8
6389 9
6390 9
6391 9
6392 9
6393 9
6394 9
6395 9
6396 9
6397 9
6398 9
6399 9
6400 6
6401 6
6402 6
6403 6
6404 6
6405 6
6406 6
6407 7
6408 8
6409 9
6410 6
6411 6
6412 6
6413 6
6414 6
6415 6
6416 6
6417 7
6418 8
6419 9
6420 6
6421 6
6422 6
6423 6
6424 6
6425 6
6426 6
6427 7
6428 8
6429 9
6430 6
6431 6
6432 6
6433 6
6434 6
6435 6
6436 6
6437 7
6438 8
6439 9
6440 6
6441 6
6442 6
6443 6
6444 6
6445 6
6446 6
6447 7
6448 8
6449 9
6450 6
6451 6
6452 6
6453 6
6454 6
6455 6
6456 6
6457 7
6458 8
6459 9
6460 6
6461 6
6462 6
6463 6
6464 6
6465 6
6466 6
6467 7
6468 8
6469 9
6470 7
6471 7
6472 7
6473 7
6474 7
6475 7
6476 7
6477 7
6478 8
6479 9
6480 8
6481 8
6482 8
6483 8
6484 8
6485 8
6486 8
6487 8
6488 8
6489 9
6490 9
6491 9
6492 9
6493 9
6494 9
6495 9
6496 9
6497 9
6498 9
6499 9
6500 6
6501 6
6502 6
6503 6
6504 6
6505 6
6506 6
6507 7
6508 8
6509 9
6510 6
6511 6
6512 6
6513 6
6514 6
6515 6
6516 6
6517 7
6518 8
6519 9
6520 6
6521 6
6522 6
6523 6
6524 6
6525 6
6526 6
6527 7
6528 8
6529 9
6530 6
6531 6
6532 6
6533 6
6534 6
6535 6
6536 6
6537 7
6538 8
6539 9
6540 6
6541 6
6542 6
6543 6
6544 6
6545 6
6546 6
6547 7
6548 8
6549 9
6550 6
6551 6
6552 6
6553 6
6554 6
6555 6
6556 6
6557 7
6558 8
6559 9
6560 6
6561 6
6562 6
6563 6
6564 6
6565 6
6566 6
6567 7
6568 8
6569 9
6570 7
6571 7
6572 7
6573 7
6574 7
6575 7
6576 7
6577 7
6578 8
6579 9
6580 8
6581 8
6582 8
6583 8
6584 8
6585 8
6586 8
6587 8
6588 8
6589 9
6590 9
6591 9
6592 9
6593 9
6594 9
6595 9
6596 9
6597 9
6598 9
6599 9
6600 6
6601 6
6602 6
6603 6
6604 6
6605 6
6606 6
6607 7
6608 8
6609 9
6610 6
6611 6
6612 6
6613 6
6614 6
6615 6
6616 6
6617 7
6618 8
6619 9
6620 6
6621 6
6622 6
6623 6
6624 6
6625 6
6626 6
6627 7
6628 8
6629 9
6630 6
6631 6
6632 6
6633 6
6634 6
6635 6
6636 6
6637 7
6638 8
6639 9
6640 6
6641 6
6642 6
6643 6
6644 6
6645 6
6646 6
6647 7
6648 8
6649 9
6650 6
6651 6
6652 6
6653 6
6654 6
6655 6
6656 6
6657 7
6658 8
6659 9
6660 6
6661 6
6662 6
6663 6
6664 6
6665 6
6666 6
6667 7
6668 8
6669 9
6670 7
6671 7
6672 7
6673 7
6674 7
6675 7
6676 7
6677 7
6678 8
6679 9
6680 8
6681 8
6682 8
6683 8
6684 8
6685 8
6686 8
6687 8
6688 8
6689 9
6690 9
6691 9
6692 9
6693 9
6694 9
6695 9
6696 9
6697 9
6698 9
6699 9
6700 7
6701 7
6702 7
6703 7
6704 7
6705 7
6706 7
6707 7
6708 8
6709 9
6710 7
6711 7
6712 7
6713 7
6714 7
6715 7
6716 7
6717 7
6718 8
6719 9
6720 7
6721 7
6722 7
6723 7
6724 7
6725 7
6726 7
6727 7
6728 8
6729 9
6730 7
6731 7
6732 7
6733 7
6734 7
6735 7
6736 7
6737 7
6738 8
6739 9
6740 7
6741 7
6742 7
6743 7
6744 7
6745 7
6746 7
6747 7
6748 8
6749 9
6750 7
6751 7
6752 7
6753 7
6754 7
6755 7
6756 7
6757 7
6758 8
6759 9
6760 7
6761 7
6762 7
6763 7
6764 7
6765 7
6766 7
6767 7
6768 8
6769 9
6770 7
6771 7
6772 7
6773 7
6774 7
6775 7
6776 7
6777 7
6778 8
6779 9
6780 8
6781 8
6782 8
6783 8
6784 8
6785 8
6786 8
6787 8
6788 8
6789 9
6790 9
6791 9
6792 9
6793 9
6794 9
6795 9
6796 9
6797 9
6798 9
6799 9
6800 8
6801 8
6802 8
6803 8
6804 8
6805 8
6806 8
6807 8
6808 8
6809 9
6810 8
6811 8
6812 8
6813 8
6814 8
6815 8
6816 8
6817 8
6818 8
6819 9
6820 8
6821 8
6822 8
6823 8
6824 8
6825 8
6826 8
6827 8
6828 8
6829 9
6830 8
6831 8
6832 8
6833 8
6834 8
6835 8
6836 8
6837 8
6838 8
6839 9
6840 8
6841 8
6842 8
6843 8
6844 8
6845 8
6846 8
6847 8
6848 8
6849 9
6850 8
6851 8
6852 8
6853 8
6854 8
6855 8
6856 8
6857 8
6858 8
6859 9
6860 8
6861 8
6862 8
6863 8
6864 8
6865 8
6866 8
6867 8
6868 8
6869 9
6870 8
6871 8
6872 8
6873 8
6874 8
6875 8
6876 8
6877 8
6878 8
6879 9
6880 8
6881 8
6882 8
6883 8
6884 8
6885 8
6886 8
6887 8
6888 8
6889 9
6890 9
6891 9
6892 9
6893 9
6894 9
6895 9
6896 9
6897 9
6898 9
6899 9
6900 9
6901 9
6902 9
6903 9
6904 9
6905 9
6906 9
6907 9
6908 9
6909 9
6910 9
6911 9
6912 9
6913 9
6914 9
6915 9
6916 9
6917 9
6918 9
6919 9
6920 9
6921 9
6922 9
6923 9
6924 9
6925 9
6926 9
6927 9
6928 9
6929 9
6930 9
6931 9
6932 9
6933 9
6934 9
6935 9
6936 9
6937 9
6938 9
6939 9
6940 9
6941 9
6942 9
6943 9
6944 9
6945 9
6946 9
6947 9
6948 9
6949 9
6950 9
6951 9
6952 9
6953 9
6954 9
6955 9
6956 9
6957 9
6958 9
6959 9
6960 9
6961 9
6962 9
6963 9
6964 9
6965 9
6966 9
6967 9
6968 9
6969 9
6970 9
6971 9
6972 9
6973 9
6974 9
6975 9
6976 9
6977 9
6978 9
6979 9
6980 9
6981 9
6982 9
6983 9
6984 9
6985 9
6986 9
6987 9
6988 9
6989 9
6990 9
6991 9
6992 9
6993 9
6994 9
6995 9
6996 9
6997 9
6998 9
6999 9
7000 7
7001 7
7002 7
7003 7
7004 7
7005 7
7006 7
7007 7
7008 8
7009 9
7010 7
7011 7
7012 7
7013 7
7014 7
7015 7
7016 7
7017 7
7018 8
7019 9
7020 7
7021 7
7022 7
7023 7
7024 7
7025 7
7026 7
7027 7
7028 8
7029 9
7030 7
7031 7
7032 7
7033 7
7034 7
7035 7
7036 7
7037 7
7038 8
7039 9
7040 7
7041 7
7042 7
7043 7
7044 7
7045 7
7046 7
7047 7
7048 8
7049 9
7050 7
7051 7
7052 7
7053 7
7054 7
7055 7
7056 7
7057 7
7058 8
7059 9
7060 7
7061 7
7062 7
7063 7
7064 7
7065 7
7066 7
7067 7
7068 8
7069 9
7070 7
7071 7
7072 7
7073 7
7074 7
7075 7
7076 7
7077 7
7078 8
7079 9
7080 8
7081 8
7082 8
7083 8
7084 8
7085 8
7086 8
7087 8
7088 8
7089 9
7090 9
7091 9
7092 9
7093 9
7094 9
7095 9
7096 9
7097 9
7098 9
7099 9
7100 7
7101 7
7102 7
7103 7
7104 7
7105 7
7106 7
7107 7
7108 8
7109 9
7110 7
7111 7
7112 7
7113 7
7114 7
7115 7
7116 7
7117 7
7118 8
7119 9
7120 7
7121 7
7122 7
7123 7
7124 7
7125 7
7126 7
7127 7
7128 8
7129 9
7130 7
7131 7
7132 7
7133 7
7134 7
7135 7
7136 7
7137 7
7138 8
7139 9
7140 7
7141 7
7142 7
7143 7
7144 7
7145 7
7146 7
7147 7
7148 8
7149 9
7150 7
7151 7
7152 7
7153 7
7154 7
7155 7
7156 7
7157 7
7158 8
7159 9
7160 7
7161 7
7162 7
7163 7
7164 7
7165 7
7166 7
7167 7
7168 8
7169 9
7170 7
7171 7
7172 7
7173 7
7174 7
7175 7
7176 7
7177 7
7178 8
7179 9
7180 8
7181 8
7182 8
7183 8
7184 8
7185 8
7186 8
7187 8
7188 8
7189 9
7190 9
7191 9
7192 9
7193 9
7194 9
7195 9
7196 9
7197 9
7198 9
7199 9
7200 7
7201 7
7202 7
7203 7
7204 7
7205 7
7206 7
7207 7
7208 8
7209 9
7210 7
7211 7
7212 7
7213 7
7214 7
7215 7
7216 7
7217 7
7218 8
7219 9
7220 7
7221 7
7222 7
7223 7
7224 7
7225 7
7226 7
7227 7
7228 8
7229 9
7230 7
7231 7
7232 7
7233 7
7234 7
7235 7
7236 7
7237 7
7238 8
7239 9
7240 7
7241 7
7242 7
7243 7
7244 7
7245 7
7246 7
7247 7
7248 8
7249 9
7250 7
7251 7
7252 7
7253 7
7254 7
7255 7
7256 7
7257 7
7258 8
7259 9
7260 7
7261 7
7262 7
7263 7
7264 7
7265 7
7266 7
7267 7
7268 8
7269 9
7270 7
7271 7
7272 7
7273 7
7274 7
7275 7
7276 7
7277 7
7278 8
7279 9
7280 8
7281 8
7282 8
7283 8
7284 8
7285 8
7286 8
7287 8
7288 8
7289 9
7290 9
7291 9
7292 9
7293 9
7294 9
7295 9
7296 9
7297 9
7298 9
7299 9
7300 7
7301 7
7302 7
7303 7
7304 7
7305 7
7306 7
7307 7
7308 8
7309 9
7310 7
7311 7
7312 7
7313 7
7314 7
7315 7
7316 7
7317 7
7318 8
7319 9
7320 7
7321 7
7322 7
7323 7
7324 7
7325 7
7326 7
7327 7
7328 8
7329 9
7330 7
7331 7
7332 7
7333 7
7334 7
7335 7
7336 7
7337 7
7338 8
7339 9
7340 7
7341 7
7342 7
7343 7
7344 7
7345 7
7346 7
7347 7
7348 8
7349 9
7350 7
7351 7
7352 7
7353 7
7354 7
7355 7
7356 7
7357 7
7358 8
7359 9
7360 7
7361 7
7362 7
7363 7
7364 7
7365 7
7366 7
7367 7
7368 8
7369 9
7370 7
7371 7
7372 7
7373 7
7374 7
7375 7
7376 7
7377 7
7378 8
7379 9
7380 8
7381 8
7382 8
7383 8
7384 8
7385 8
7386 8
7387 8
7388 8
7389 9
7390 9
7391 9
7392 9
7393 9
7394 9
7395 9
7396 9
7397 9
7398 9
7399 9
7400 7
7401 7
7402 7
7403 7
7404 7
7405 7
7406 7
7407 7
7408 8
7409 9
7410 7
7411 7
7412 7
7413 7
7414 7
7415 7
7416 7
7417 7
7418 8
7419 9
7420 7
7421 7
7422 7
7423 7
7424 7
7425 7
7426 7
7427 7
7428 8
7429 9
7430 7
7431 7
7432 7
7433 7
7434 7
7435 7
7436 7
7437 7
7438 8
7439 9
7440 7
7441 7
7442 7
7443 7
7444 7
7445 7
7446 7
7447 7
7448 8
7449 9
7450 7
7451 7
7452 7
7453 7
7454 7
7455 7
7456 7
7457 7
7458 8
7459 9
7460 7
7461 7
7462 7
7463 7
7464 7
7465 7
7466 7
7467 7
7468 8
7469 9
7470 7
7471 7
7472 7
7473 7
7474 7
7475 7
7476 7
7477 7
7478 8
7479 9
7480 8
7481 8
7482 8
7483 8
7484 8
7485 8
7486 8
7487 8
7488 8
7489 9
7490 9
7491 9
7492 9
7493 9
7494 9
7495 9
7496 9
7497 9
7498 9
7499 9
7500 7
7501 7
7502 7
7503 7
7504 7
7505 7
7506 7
7507 7
7508 8
7509 9
7510 7
7511 7
7512 7
7513 7
7514 7
7515 7
7516 7
7517 7
7518 8
7519 9
7520 7
7521 7
7522 7
7523 7
7524 7
7525 7
7526 7
7527 7
7528 8
7529 9
7530 7
7531 7
7532 7
7533 7
7534 7
7535 7
7536 7
7537 7
7538 8
7539 9
7540 7
7541 7
7542 7
7543 7
7544 7
7545 7
7546 7
7547 7
7548 8
7549 9
7550 7
7551 7
7552 7
7553 7
7554 7
7555 7
7556 7
7557 7
7558 8
7559 9
7560 7
7561 7
7562 7
7563 7
7564 7
7565 7
7566 7
7567 7
7568 8
7569 9
7570 7
7571 7
7572 7
7573 7
7574 7
7575 7
7576 7
7577 7
7578 8
7579 9
7580 8
7581 8
7582 8
7583 8
7584 8
7585 8
7586 8
7587 8
7588 8
7589 9
7590 9
7591 9
7592 9
7593 9
7594 9
7595 9
7596 9
7597 9
7598 9
7599 9
7600 7
7601 7
7602 7
7603 7
7604 7
7605 7
7606 7
7607 7
7608 8
7609 9
7610 7
7611 7
7612 7
7613 7
7614 7
7615 7
7616 7
7617 7
7618 8
7619 9
7620 7
7621 7
7622 7
7623 7
7624 7
7625 7
7626 7
7627 7
7628 8
7629 9
7630 7
7631 7
7632 7
7633 7
7634 7
7635 7
7636 7
7637 7
7638 8
7639 9
7640 7
7641 7
7642 7
7643 7
7644 7
7645 7
7646 7
7647 7
7648 8
7649 9
7650 7
7651 7
7652 7
7653 7
7654 7
7655 7
7656 7
7657 7
7658 8
7659 9
7660 7
7661 7
7662 7
7663 7
7664 7
7665 7
7666 7
7667 7
7668 8
7669 9
7670 7
7671 7
7672 7
7673 7
7674 7
7675 7
7676 7
7677 7
7678 8
7679 9
7680 8
7681 8
7682 8
7683 8
7684 8
7685 8
7686 8
7687 8
7688 8
7689 9
7690 9
7691 9
7692 9
7693 9
7694 9
7695 9
7696 9
7697 9
7698 9
7699 9
7700 7
7701 7
7702 7
7703 7
7704 7
7705 7
7706 7
7707 7
7708 8
7709 9
7710 7
7711 7
7712 7
7713 7
7714 7
7715 7
7716 7
7717 7
7718 8
7719 9
7720 7
7721 7
7722 7
7723 7
7724 7
7725 7
7726 7
7727 7
7728 8
7729 9
7730 7
7731 7
7732 7
7733 7
7734 7
7735 7
7736 7
7737 7
7738 8
7739 9
7740 7
7741 7
7742 7
7743 7
7744 7
7745 7
7746 7
7747 7
7748 8
7749 9
7750 7
7751 7
7752 7
7753 7
7754 7
7755 7
7756 7
7757 7
7758 8
7759 9
7760 7
7761 7
7762 7
7763 7
7764 7
7765 7
7766 7
7767 7
7768 8
7769 9
7770 7
7771 7
7772 7
7773 7
7774 7
7775 7
7776 7
7777 7
7778 8
7779 9
7780 8
7781 8
7782 8
7783 8
7784 8
7785 8
7786 8
7787 8
7788 8
7789 9
7790 9
7791 9
7792 9
7793 9
7794 9
7795 9
7796 9
7797 9
7798 9
7799 9
7800 8
7801 8
7802 8
7803 8
7804 8
7805 8
7806 8
7807 8
7808 8
7809 9
7810 8
7811 8
7812 8
7813 8
7814 8
7815 8
7816 8
7817 8
7818 8
7819 9
7820 8
7821 8
7822 8
7823 8
7824 8
7825 8
7826 8
7827 8
7828 8
7829 9
7830 8
7831 8
7832 8
7833 8
7834 8
7835 8
7836 8
7837 8
7838 8
7839 9
7840 8
7841 8
7842 8
7843 8
7844 8
7845 8
7846 8
7847 8
7848 8
7849 9
7850 8
7851 8
7852 8
7853 8
7854 8
7855 8
7856 8
7857 8
7858 8
7859 9
7860 8
7861 8
7862 8
7863 8
7864 8
7865 8
7866 8
7867 8
7868 8
7869 9
7870 8
7871 8
7872 8
7873 8
7874 8
7875 8
7876 8
7877 8
7878 8
7879 9
7880 8
7881 8
7882 8
7883 8
7884 8
7885 8
7886 8
7887 8
7888 8
7889 9
7890 9
7891 9
7892 9
7893 9
7894 9
7895 9
7896 9
7897 9
7898 9
7899 9
7900 9
7901 9
7902 9
7903 9
7904 9
7905 9
7906 9
7907 9
7908 9
7909 9
7910 9
7911 9
7912 9
7913 9
7914 9
7915 9
7916 9
7917 9
7918 9
7919 9
7920 9
7921 9
7922 9
7923 9
7924 9
7925 9
7926 9
7927 9
7928 9
7929 9
7930 9
7931 9
7932 9
7933 9
7934 9
7935 9
7936 9
7937 9
7938 9
7939 9
7940 9
7941 9
7942 9
7943 9
7944 9
7945 9
7946 9
7947 9
7948 9
7949 9
7950 9
7951 9
7952 9
7953 9
7954 9
7955 9
7956 9
7957 9
7958 9
7959 9
7960 9
7961 9
7962 9
7963 9
7964 9
7965 9
7966 9
7967 9
7968 9
7969 9
7970 9
7971 9
7972 9
7973 9
7974 9
7975 9
7976 9
7977 9
7978 9
7979 9
7980 9
7981 9
7982 9
7983 9
7984 9
7985 9
7986 9
7987 9
7988 9
7989 9
7990 9
7991 9
7992 9
7993 9
7994 9
7995 9
7996 9
7997 9
7998 9
7999 9
8000 8
8001 8
8002 8
8003 8
8004 8
8005 8
8006 8
8007 8
8008 8
8009 9
8010 8
8011 8
8012 8
8013 8
8014 8
8015 8
8016 8
8017 8
8018 8
8019 9
8020 8
8021 8
8022 8
8023 8
8024 8
8025 8
8026 8
8027 8
8028 8
8029 9
8030 8
8031 8
8032 8
8033 8
8034 8
8035 8
8036 8
8037 8
8038 8
8039 9
8040 8
8041 8
8042 8
8043 8
8044 8
8045 8
8046 8
8047 8
8048 8
8049 9
8050 8
8051 8
8052 8
8053 8
8054 8
8055 8
8056 8
8057 8
8058 8
8059 9
8060 8
8061 8
8062 8
8063 8
8064 8
8065 8
8066 8
8067 8
8068 8
8069 9
8070 8
8071 8
8072 8
8073 8
8074 8
8075 8
8076 8
8077 8
8078 8
8079 9
8080 8
8081 8
8082 8
8083 8
8084 8
8085 8
8086 8
8087 8
8088 8
8089 9
8090 9
8091 9
8092 9
8093 9
8094 9
8095 9
8096 9
8097 9
8098 9
8099 9
8100 8
8101 8
8102 8
8103 8
8104 8
8105 8
8106 8
8107 8
8108 8
8109 9
8110 8
8111 8
8112 8
8113 8
8114 8
8115 8
8116 8
8117 8
8118 8
8119 9
8120 8
8121 8
8122 8
8123 8
8124 8
8125 8
8126 8
8127 8
8128 8
8129 9
8130 8
8131 8
8132 8
8133 8
8134 8
8135 8
8136 8
8137 8
8138 8
8139 9
8140 8
8141 8
8142 8
8143 8
8144 8
8145 8
8146 8
8147 8
8148 8
8149 9
8150 8
8151 8
8152 8
8153 8
8154 8
8155 8
8156 8
8157 8
8158 8
8159 9
8160 8
8161 8
8162 8
8163 8
8164 8
8165 8
8166 8
8167 8
8168 8
8169 9
8170 8
8171 8
8172 8
8173 8
8174 8
8175 8
8176 8
8177 8
8178 8
8179 9
8180 8
8181 8
8182 8
8183 8
8184 8
8185 8
8186 8
8187 8
8188 8
8189 9
8190 9
8191 9
8192 9
8193 9
8194 9
8195 9
8196 9
8197 9
8198 9
8199 9
8200 8
8201 8
8202 8
8203 8
8204 8
8205 8
8206 8
8207 8
8208 8
8209 9
8210 8
8211 8
8212 8
8213 8
8214 8
8215 8
8216 8
8217 8
8218 8
8219 9
8220 8
8221 8
8222 8
8223 8
8224 8
8225 8
8226 8
8227 8
8228 8
8229 9
8230 8
8231 8
8232 8
8233 8
8234 8
8235 8
8236 8
8237 8
8238 8
8239 9
8240 8
8241 8
8242 8
8243 8
8244 8
8245 8
8246 8
8247 8
8248 8
8249 9
8250 8
8251 8
8252 8
8253 8
8254 8
8255 8
8256 8
8257 8
8258 8
8259 9
8260 8
8261 8
8262 8
8263 8
8264 8
8265 8
8266 8
8267 8
8268 8
8269 9
8270 8
8271 8
8272 8
8273 8
8274 8
8275 8
8276 8
8277 8
8278 8
8279 9
8280 8
8281 8
8282 8
8283 8
8284 8
8285 8
8286 8
8287 8
8288 8
8289 9
8290 9
8291 9
8292 9
8293 9
8294 9
8295 9
8296 9
8297 9
8298 9
8299 9
8300 8
8301 8
8302 8
8303 8
8304 8
8305 8
8306 8
8307 8
8308 8
8309 9
8310 8
8311 8
8312 8
8313 8
8314 8
8315 8
8316 8
8317 8
8318 8
8319 9
8320 8
8321 8
8322 8
8323 8
8324 8
8325 8
8326 8
8327 8
8328 8
8329 9
8330 8
8331 8
8332 8
8333 8
8334 8
8335 8
8336 8
8337 8
8338 8
8339 9
8340 8
8341 8
8342 8
8343 8
8344 8
8345 8
8346 8
8347 8
8348 8
8349 9
8350 8
8351 8
8352 8
8353 8
8354 8
8355 8
8356 8
8357 8
8358 8
8359 9
8360 8
8361 8
8362 8
8363 8
8364 8
8365 8
8366 8
8367 8
8368 8
8369 9
8370 8
8371 8
8372 8
8373 8
8374 8
8375 8
8376 8
8377 8
8378 8
8379 9
8380 8
8381 8
8382 8
8383 8
8384 8
8385 8
8386 8
8387 8
8388 8
8389 9
8390 9
8391 9
8392 9
8393 9
8394 9
8395 9
8396 9
8397 9
8398 9
8399 9
8400 8
8401 8
8402 8
8403 8
8404 8
8405 8
8406 8
8407 8
8408 8
8409 9
8410 8
8411 8
8412 8
8413 8
8414 8
8415 8
8416 8
8417 8
8418 8
8419 9
8420 8
8421 8
8422 8
8423 8
8424 8
8425 8
8426 8
8427 8
8428 8
8429 9
8430 8
8431 8
8432 8
8433 8
8434 8
8435 8
8436 8
8437 8
8438 8
8439 9
8440 8
8441 8
8442 8
8443 8
8444 8
8445 8
8446 8
8447 8
8448 8
8449 9
8450 8
8451 8
8452 8
8453 8
8454 8
8455 8
8456 8
8457 8
8458 8
8459 9
8460 8
8461 8
8462 8
8463 8
8464 8
8465 8
8466 8
8467 8
8468 8
8469 9
8470 8
8471 8
8472 8
8473 8
8474 8
8475 8
8476 8
8477 8
8478 8
8479 9
8480 8
8481 8
8482 8
8483 8
8484 8
8485 8
8486 8
8487 8
8488 8
8489 9
8490 9
8491 9
8492 9
8493 9
8494 9
8495 9
8496 9
8497 9
8498 9
8499 9
8500 8
8501 8
8502 8
8503 8
8504 8
8505 8
8506 8
8507 8
8508 8
8509 9
8510 8
8511 8
8512 8
8513 8
8514 8
8515 8
8516 8
8517 8
8518 8
8519 9
8520 8
8521 8
8522 8
8523 8
8524 8
8525 8
8526 8
8527 8
8528 8
8529 9
8530 8
8531 8
8532 8
8533 8
8534 8
8535 8
8536 8
8537 8
8538 8
8539 9
8540 8
8541 8
8542 8
8543 8
8544 8
8545 8
8546 8
8547 8
8548 8
8549 9
8550 8
8551 8
8552 8
8553 8
8554 8
8555 8
8556 8
8557 8
8558 8
8559 9
8560 8
8561 8
8562 8
8563 8
8564 8
8565 8
8566 8
8567 8
8568 8
8569 9
8570 8
8571 8
8572 8
8573 8
8574 8
8575 8
8576 8
8577 8
8578 8
8579 9
8580 8
8581 8
8582 8
8583 8
8584 8
8585 8
8586 8
8587 8
8588 8
8589 9
8590 9
8591 9
8592 9
8593 9
8594 9
8595 9
8596 9
8597 9
8598 9
8599 9
8600 8
8601 8
8602 8
8603 8
8604 8
8605 8
8606 8
8607 8
8608 8
8609 9
8610 8
8611 8
8612 8
8613 8
8614 8
8615 8
8616 8
8617 8
8618 8
8619 9
8620 8
8621 8
8622 8
8623 8
8624 8
8625 8
8626 8
8627 8
8628 8
8629 9
8630 8
8631 8
8632 8
8633 8
8634 8
8635 8
8636 8
8637 8
8638 8
8639 9
8640 8
8641 8
8642 8
8643 8
8644 8
8645 8
8646 8
8647 8
8648 8
8649 9
8650 8
8651 8
8652 8
8653 8
8654 8
8655 8
8656 8
8657 8
8658 8
8659 9
8660 8
8661 8
8662 8
8663 8
8664 8
8665 8
8666 8
8667 8
8668 8
8669 9
8670 8
8671 8
8672 8
8673 8
8674 8
8675 8
8676 8
8677 8
8678 8
8679 9
8680 8
8681 8
8682 8
8683 8
8684 8
8685 8
8686 8
8687 8
8688 8
8689 9
8690 9
8691 9
8692 9
8693 9
8694 9
8695 9
8696 9
8697 9
8698 9
8699 9
8700 8
8701 8
8702 8
8703 8
8704 8
8705 8
8706 8
8707 8
8708 8
8709 9
8710 8
8711 8
8712 8
8713 8
8714 8
8715 8
8716 8
8717 8
8718 8
8719 9
8720 8
8721 8
8722 8
8723 8
8724 8
8725 8
8726 8
8727 8
8728 8
8729 9
8730 8
8731 8
8732 8
8733 8
8734 8
8735 8
8736 8
8737 8
8738 8
8739 9
8740 8
8741 8
8742 8
8743 8
8744 8
8745 8
8746 8
8747 8
8748 8
8749 9
8750 8
8751 8
8752 8
8753 8
8754 8
8755 8
8756 8
8757 8
8758 8
8759 9
8760 8
8761 8
8762 8
8763 8
8764 8
8765 8
8766 8
8767 8
8768 8
8769 9
8770 8
8771 8
8772 8
8773 8
8774 8
8775 8
8776 8
8777 8
8778 8
8779 9
8780 8
8781 8
8782 8
8783 8
8784 8
8785 8
8786 8
8787 8
8788 8
8789 9
8790 9
8791 9
8792 9
8793 9
8794 9
8795 9
8796 9
8797 9
8798 9
8799 9
8800 8
8801 8
8802 8
8803 8
8804 8
8805 8
8806 8
8807 8
8808 8
8809 9
8810 8
8811 8
8812 8
8813 8
8814 8
8815 8
8816 8
8817 8
8818 8
8819 9
8820 8
8821 8
8822 8
8823 8
8824 8
8825 8
8826 8
8827 8
8828 8
8829 9
8830 8
8831 8
8832 8
8833 8
8834 8
8835 8
8836 8
8837 8
8838 8
8839 9
8840 8
8841 8
8842 8
8843 8
8844 8
8845 8
8846 8
8847 8
8848 8
8849 9
8850 8
8851 8
8852 8
8853 8
8854 8
8855 8
8856 8
8857 8
8858 8
8859 9
8860 8
8861 8
8862 8
8863 8
8864 8
8865 8
8866 8
8867 8
8868 8
8869 9
8870 8
8871 8
8872 8
8873 8
8874 8
8875 8
8876 8
8877 8
8878 8
8879 9
8880 8
8881 8
8882 8
8883 8
8884 8
8885 8
8886 8
8887 8
8888 8
8889 9
8890 9
8891 9
8892 9
8893 9
8894 9
8895 9
8896 9
8897 9
8898 9
8899 9
8900 9
8901 9
8902 9
8903 9
8904 9
8905 9
8906 9
8907 9
8908 9
8909 9
8910 9
8911 9
8912 9
8913 9
8914 9
8915 9
8916 9
8917 9
8918 9
8919 9
8920 9
8921 9
8922 9
8923 9
8924 9
8925 9
8926 9
8927 9
8928 9
8929 9
8930 9
8931 9
8932 9
8933 9
8934 9
8935 9
8936 9
8937 9
8938 9
8939 9
8940 9
8941 9
8942 9
8943 9
8944 9
8945 9
8946 9
8947 9
8948 9
8949 9
8950 9
8951 9
8952 9
8953 9
8954 9
8955 9
8956 9
8957 9
8958 9
8959 9
8960 9
8961 9
8962 9
8963 9
8964 9
8965 9
8966 9
8967 9
8968 9
8969 9
8970 9
8971 9
8972 9
8973 9
8974 9
8975 9
8976 9
8977 9
8978 9
8979 9
8980 9
8981 9
8982 9
8983 9
8984 9
8985 9
8986 9
8987 9
8988 9
8989 9
8990 9
8991 9
8992 9
8993 9
8994 9
8995 9
8996 9
8997 9
8998 9
8999 9
9000 9
9001 9
9002 9
9003 9
9004 9
9005 9
9006 9
9007 9
9008 9
9009 9
9010 9
9011 9
9012 9
9013 9
9014 9
9015 9
9016 9
9017 9
9018 9
9019 9
9020 9
9021 9
9022 9
9023 9
9024 9
9025 9
9026 9
9027 9
9028 9
9029 9
9030 9
9031 9
9032 9
9033 9
9034 9
9035 9
9036 9
9037 9
9038 9
9039 9
9040 9
9041 9
9042 9
9043 9
9044 9
9045 9
9046 9
9047 9
9048 9
9049 9
9050 9
9051 9
9052 9
9053 9
9054 9
9055 9
9056 9
9057 9
9058 9
9059 9
9060 9
9061 9
9062 9
9063 9
9064 9
9065 9
9066 9
9067 9
9068 9
9069 9
9070 9
9071 9
9072 9
9073 9
9074 9
9075 9
9076 9
9077 9
9078 9
9079 9
9080 9
9081 9
9082 9
9083 9
9084 9
9085 9
9086 9
9087 9
9088 9
9089 9
9090 9
9091 9
9092 9
9093 9
9094 9
9095 9
9096 9
9097 9
9098 9
9099 9
9100 9
9101 9
9102 9
9103 9
9104 9
9105 9
9106 9
9107 9
9108 9
9109 9
9110 9
9111 9
9112 9
9113 9
9114 9
9115 9
9116 9
9117 9
9118 9
9119 9
9120 9
9121 9
9122 9
9123 9
9124 9
9125 9
9126 9
9127 9
9128 9
9129 9
9130 9
9131 9
9132 9
9133 9
9134 9
9135 9
9136 9
9137 9
9138 9
9139 9
9140 9
9141 9
9142 9
9143 9
9144 9
9145 9
9146 9
9147 9
9148 9
9149 9
9150 9
9151 9
9152 9
9153 9
9154 9
9155 9
9156 9
9157 9
9158 9
9159 9
9160 9
9161 9
9162 9
9163 9
9164 9
9165 9
9166 9
9167 9
9168 9
9169 9
9170 9
9171 9
9172 9
9173 9
9174 9
9175 9
9176 9
9177 9
9178 9
9179 9
9180 9
9181 9
9182 9
9183 9
9184 9
9185 9
9186 9
9187 9
9188 9
9189 9
9190 9
9191 9
9192 9
9193 9
9194 9
9195 9
9196 9
9197 9
9198 9
9199 9
9200 9
9201 9
9202 9
9203 9
9204 9
9205 9
9206 9
9207 9
9208 9
9209 9
9210 9
9211 9
9212 9
9213 9
9214 9
9215 9
9216 9
9217 9
9218 9
9219 9
9220 9
9221 9
9222 9
9223 9
9224 9
9225 9
9226 9
9227 9
9228 9
9229 9
9230 9
9231 9
9232 9
9233 9
9234 9
9235 9
9236 9
9237 9
9238 9
9239 9
9240 9
9241 9
9242 9
9243 9
9244 9
9245 9
9246 9
9247 9
9248 9
9249 9
9250 9
9251 9
9252 9
9253 9
9254 9
9255 9
9256 9
9257 9
9258 9
9259 9
9260 9
9261 9
9262 9
9263 9
9264 9
9265 9
9266 9
9267 9
9268 9
9269 9
9270 9
9271 9
9272 9
9273 9
9274 9
9275 9
9276 9
9277 9
9278 9
9279 9
9280 9
9281 9
9282 9
9283 9
9284 9
9285 9
9286 9
9287 9
9288 9
9289 9
9290 9
9291 9
9292 9
9293 9
9294 9
9295 9
9296 9
9297 9
9298 9
9299 9
9300 9
9301 9
9302 9
9303 9
9304 9
9305 9
9306 9
9307 9
9308 9
9309 9
9310 9
9311 9
9312 9
9313 9
9314 9
9315 9
9316 9
9317 9
9318 9
9319 9
9320 9
9321 9
9322 9
9323 9
9324 9
9325 9
9326 9
9327 9
9328 9
9329 9
9330 9
9331 9
9332 9
9333 9
9334 9
9335 9
9336 9
9337 9
9338 9
9339 9
9340 9
9341 9
9342 9
9343 9
9344 9
9345 9
9346 9
9347 9
9348 9
9349 9
9350 9
9351 9
9352 9
9353 9
9354 9
9355 9
9356 9
9357 9
9358 9
9359 9
9360 9
9361 9
9362 9
9363 9
9364 9
9365 9
9366 9
9367 9
9368 9
9369 9
9370 9
9371 9
9372 9
9373 9
9374 9
9375 9
9376 9
9377 9
9378 9
9379 9
9380 9
9381 9
9382 9
9383 9
9384 9
9385 9
9386 9
9387 9
9388 9
9389 9
9390 9
9391 9
9392 9
9393 9
9394 9
9395 9
9396 9
9397 9
9398 9
9399 9
9400 9
9401 9
9402 9
9403 9
9404 9
9405 9
9406 9
9407 9
9408 9
9409 9
9410 9
9411 9
9412 9
9413 9
9414 9
9415 9
9416 9
9417 9
9418 9
9419 9
9420 9
9421 9
9422 9
9423 9
9424 9
9425 9
9426 9
9427 9
9428 9
9429 9
9430 9
9431 9
9432 9
9433 9
9434 9
9435 9
9436 9
9437 9
9438 9
9439 9
9440 9
9441 9
9442 9
9443 9
9444 9
9445 9
9446 9
9447 9
9448 9
9449 9
9450 9
9451 9
9452 9
9453 9
9454 9
9455 9
9456 9
9457 9
9458 9
9459 9
9460 9
9461 9
9462 9
9463 9
9464 9
9465 9
9466 9
9467 9
9468 9
9469 9
9470 9
9471 9
9472 9
9473 9
9474 9
9475 9
9476 9
9477 9
9478 9
9479 9
9480 9
9481 9
9482 9
9483 9
9484 9
9485 9
9486 9
9487 9
9488 9
9489 9
9490 9
9491 9
9492 9
9493 9
9494 9
9495 9
9496 9
9497 9
9498 9
9499 9
9500 9
9501 9
9502 9
9503 9
9504 9
9505 9
9506 9
9507 9
9508 9
9509 9
9510 9
9511 9
9512 9
9513 9
9514 9
9515 9
9516 9
9517 9
9518 9
9519 9
9520 9
9521 9
9522 9
9523 9
9524 9
9525 9
9526 9
9527 9
9528 9
9529 9
9530 9
9531 9
9532 9
9533 9
9534 9
9535 9
9536 9
9537 9
9538 9
9539 9
9540 9
9541 9
9542 9
9543 9
9544 9
9545 9
9546 9
9547 9
9548 9
9549 9
9550 9
9551 9
9552 9
9553 9
9554 9
9555 9
9556 9
9557 9
9558 9
9559 9
9560 9
9561 9
9562 9
9563 9
9564 9
9565 9
9566 9
9567 9
9568 9
9569 9
9570 9
9571 9
9572 9
9573 9
9574 9
9575 9
9576 9
9577 9
9578 9
9579 9
9580 9
9581 9
9582 9
9583 9
9584 9
9585 9
9586 9
9587 9
9588 9
9589 9
9590 9
9591 9
9592 9
9593 9
9594 9
9595 9
9596 9
9597 9
9598 9
9599 9
9600 9
9601 9
9602 9
9603 9
9604 9
9605 9
9606 9
9607 9
9608 9
9609 9
9610 9
9611 9
9612 9
9613 9
9614 9
9615 9
9616 9
9617 9
9618 9
9619 9
9620 9
9621 9
9622 9
9623 9
9624 9
9625 9
9626 9
9627 9
9628 9
9629 9
9630 9
9631 9
9632 9
9633 9
9634 9
9635 9
9636 9
9637 9
9638 9
9639 9
9640 9
9641 9
9642 9
9643 9
9644 9
9645 9
9646 9
9647 9
9648 9
9649 9
9650 9
9651 9
9652 9
9653 9
9654 9
9655 9
9656 9
9657 9
9658 9
9659 9
9660 9
9661 9
9662 9
9663 9
9664 9
9665 9
9666 9
9667 9
9668 9
9669 9
9670 9
9671 9
9672 9
9673 9
9674 9
9675 9
9676 9
9677 9
9678 9
9679 9
9680 9
9681 9
9682 9
9683 9
9684 9
9685 9
9686 9
9687 9
9688 9
9689 9
9690 9
9691 9
9692 9
9693 9
9694 9
9695 9
9696 9
9697 9
9698 9
9699 9
9700 9
9701 9
9702 9
9703 9
9704 9
9705 9
9706 9
9707 9
9708 9
9709 9
9710 9
9711 9
9712 9
9713 9
9714 9
9715 9
9716 9
9717 9
9718 9
9719 9
9720 9
9721 9
9722 9
9723 9
9724 9
9725 9
9726 9
9727 9
9728 9
9729 9
9730 9
9731 9
9732 9
9733 9
9734 9
9735 9
9736 9
9737 9
9738 9
9739 9
9740 9
9741 9
9742 9
9743 9
9744 9
9745 9
9746 9
9747 9
9748 9
9749 9
9750 9
9751 9
9752 9
9753 9
9754 9
9755 9
9756 9
9757 9
9758 9
9759 9
9760 9
9761 9
9762 9
9763 9
9764 9
9765 9
9766 9
9767 9
9768 9
9769 9
9770 9
9771 9
9772 9
9773 9
9774 9
9775 9
9776 9
9777 9
9778 9
9779 9
9780 9
9781 9
9782 9
9783 9
9784 9
9785 9
9786 9
9787 9
9788 9
9789 9
9790 9
9791 9
9792 9
9793 9
9794 9
9795 9
9796 9
9797 9
9798 9
9799 9
9800 9
9801 9
9802 9
9803 9
9804 9
9805 9
9806 9
9807 9
9808 9
9809 9
9810 9
9811 9
9812 9
9813 9
9814 9
9815 9
9816 9
9817 9
9818 9
9819 9
9820 9
9821 9
9822 9
9823 9
9824 9
9825 9
9826 9
9827 9
9828 9
9829 9
9830 9
9831 9
9832 9
9833 9
9834 9
9835 9
9836 9
9837 9
9838 9
9839 9
9840 9
9841 9
9842 9
9843 9
9844 9
9845 9
9846 9
9847 9
9848 9
9849 9
9850 9
9851 9
9852 9
9853 9
9854 9
9855 9
9856 9
9857 9
9858 9
9859 9
9860 9
9861 9
9862 9
9863 9
9864 9
9865 9
9866 9
9867 9
9868 9
9869 9
9870 9
9871 9
9872 9
9873 9
9874 9
9875 9
9876 9
9877 9
9878 9
9879 9
9880 9
9881 9
9882 9
9883 9
9884 9
9885 9
9886 9
9887 9
9888 9
9889 9
9890 9
9891 9
9892 9
9893 9
9894 9
9895 9
9896 9
9897 9
9898 9
9899 9
9900 9
9901 9
9902 9
9903 9
9904 9
9905 9
9906 9
9907 9
9908 9
9909 9
9910 9
9911 9
9912 9
9913 9
9914 9
9915 9
9916 9
9917 9
9918 9
9919 9
9920 9
9921 9
9922 9
9923 9
9924 9
9925 9
9926 9
9927 9
9928 9
9929 9
9930 9
9931 9
9932 9
9933 9
9934 9
9935 9
9936 9
9937 9
9938 9
9939 9
9940 9
9941 9
9942 9
9943 9
9944 9
9945 9
9946 9
9947 9
9948 9
9949 9
9950 9
9951 9
9952 9
9953 9
9954 9
9955 9
9956 9
9957 9
9958 9
9959 9
9960 9
9961 9
9962 9
9963 9
9964 9
9965 9
9966 9
9967 9
9968 9
9969 9
9970 9
9971 9
9972 9
9973 9
9974 9
9975 9
9976 9
9977 9
9978 9
9979 9
9980 9
9981 9
9982 9
9983 9
9984 9
9985 9
9986 9
9987 9
9988 9
9989 9
9990 9
9991 9
9992 9
9993 9
9994 9
9995 9
9996 9
9997 9
9998 9
9999 9
10000 1
