1 1
2 3
3 2
4 7
5 6
6 5
7 4
8 15
9 14
10 13
11 12
12 11
13 10
14 9
15 8
16 31
17 30
18 29
19 28
20 27
21 26
22 25
23 24
24 23
25 22
26 21
27 20
28 19
29 18
30 17
31 16
32 63
33 62
34 61
35 60
36 59
37 58
38 57
39 56
40 55
41 54
42 53
43 52
44 51
45 50
46 49
47 48
48 47
49 46
50 45
51 44
52 43
53 42
54 41
55 40
56 39
57 38
58 37
59 36
60 35
61 34
62 33
63 32
64 127
65 126
66 125
67 124
68 123
69 122
70 121
71 120
72 119
73 118
74 117
75 116
76 115
77 114
78 113
79 112
80 111
81 110
82 109
83 108
84 107
85 106
86 105
87 104
88 103
89 102
90 101
91 100
92 99
93 98
94 97
95 96
96 95
97 94
98 93
99 92
100 91
101 90
102 89
103 88
104 87
105 86
106 85
107 84
108 83
109 82
110 81
111 80
112 79
113 78
114 77
115 76
116 75
117 74
118 73
119 72
120 71
121 70
122 69
123 68
124 67
125 66
126 65
127 64
128 255
129 254
130 253
131 252
132 251
133 250
134 249
135 248
136 247
137 246
138 245
139 244
140 243
141 242
142 241
143 240
144 239
145 238
146 237
147 236
148 235
149 234
150 233
151 232
152 231
153 230
154 229
155 228
156 227
157 226
158 225
159 224
160 223
161 222
162 221
163 220
164 219
165 218
166 217
167 216
168 215
169 214
170 213
171 212
172 211
173 210
174 209
175 208
176 207
177 206
178 205
179 204
180 203
181 202
182 201
183 200
184 199
185 198
186 197
187 196
188 195
189 194
190 193
191 192
192 191
193 190
194 189
195 188
196 187
197 186
198 185
199 184
200 183
201 182
202 181
203 180
204 179
205 178
206 177
207 176
208 175
209 174
210 173
211 172
212 171
213 170
214 169
215 168
216 167
217 166
218 165
219 164
220 163
221 162
222 161
223 160
224 159
225 158
226 157
227 156
228 155
229 154
230 153
231 152
232 151
233 150
234 149
235 148
236 147
237 146
238 145
239 144
240 143
241 142
242 141
243 140
244 139
245 138
246 137
247 136
248 135
249 134
250 133
251 132
252 131
253 130
254 129
255 128
256 511
257 510
258 509
259 508
260 507
261 506
262 505
263 504
264 503
265 502
266 501
267 500
268 499
269 498
270 497
271 496
272 495
273 494
274 493
275 492
276 491
277 490
278 489
279 488
280 487
281 486
282 485
283 484
284 483
285 482
286 481
287 480
288 479
289 478
290 477
291 476
292 475
293 474
294 473
295 472
296 471
297 470
298 469
299 468
300 467
301 466
302 465
303 464
304 463
305 462
306 461
307 460
308 459
309 458
310 457
311 456
312 455
313 454
314 453
315 452
316 451
317 450
318 449
319 448
320 447
321 446
322 445
323 444
324 443
325 442
326 441
327 440
328 439
329 438
330 437
331 436
332 435
333 434
334 433
335 432
336 431
337 430
338 429
339 428
340 427
341 426
342 425
343 424
344 423
345 422
346 421
347 420
348 419
349 418
350 417
351 416
352 415
353 414
354 413
355 412
356 411
357 410
358 409
359 408
360 407
361 406
362 405
363 404
364 403
365 402
366 401
367 400
368 399
369 398
370 397
371 396
372 395
373 394
374 393
375 392
376 391
377 390
378 389
379 388
380 387
381 386
382 385
383 384
384 383
385 382
386 381
387 380
388 379
389 378
390 377
391 376
392 375
393 374
394 373
395 372
396 371
397 370
398 369
399 368
400 367
401 366
402 365
403 364
404 363
405 362
406 361
407 360
408 359
409 358
410 357
411 356
412 355
413 354
414 353
415 352
416 351
417 350
418 349
419 348
420 347
421 346
422 345
423 344
424 343
425 342
426 341
427 340
428 339
429 338
430 337
431 336
432 335
433 334
434 333
435 332
436 331
437 330
438 329
439 328
440 327
441 326
442 325
443 324
444 323
445 322
446 321
447 320
448 319
449 318
450 317
451 316
452 315
453 314
454 313
455 312
456 311
457 310
458 309
459 308
460 307
461 306
462 305
463 304
464 303
465 302
466 301
467 300
468 299
469 298
470 297
471 296
472 295
473 294
474 293
475 292
476 291
477 290
478 289
479 288
480 287
481 286
482 285
483 284
484 283
485 282
486 281
487 280
488 279
489 278
490 277
491 276
492 275
493 274
494 273
495 272
496 271
497 270
498 269
499 268
500 267
501 266
502 265
503 264
504 263
505 262
506 261
507 260
508 259
509 258
510 257
511 256
512 1023
513 1022
514 1021
515 1020
516 1019
517 1018
518 1017
519 1016
520 1015
521 1014
522 1013
523 1012
524 1011
525 1010
526 1009
527 1008
528 1007
529 1006
530 1005
531 1004
532 1003
533 1002
534 1001
535 1000
536 999
537 998
538 997
539 996
540 995
541 994
542 993
543 992
544 991
545 990
546 989
547 988
548 987
549 986
550 985
551 984
552 983
553 982
554 981
555 980
556 979
557 978
558 977
559 976
560 975
561 974
562 973
563 972
564 971
565 970
566 969
567 968
568 967
569 966
570 965
571 964
572 963
573 962
574 961
575 960
576 959
577 958
578 957
579 956
580 955
581 954
582 953
583 952
584 951
585 950
586 949
587 948
588 947
589 946
590 945
591 944
592 943
593 942
594 941
595 940
596 939
597 938
598 937
599 936
600 935
601 934
602 933
603 932
604 931
605 930
606 929
607 928
608 927
609 926
610 925
611 924
612 923
613 922
614 921
615 920
616 919
617 918
618 917
619 916
620 915
621 914
622 913
623 912
624 911
625 910
626 909
627 908
628 907
629 906
630 905
631 904
632 903
633 902
634 901
635 900
636 899
637 898
638 897
639 896
640 895
641 894
642 893
643 892
644 891
645 890
646 889
647 888
648 887
649 886
650 885
651 884
652 883
653 882
654 881
655 880
656 879
657 878
658 877
659 876
660 875
661 874
662 873
663 872
664 871
665 870
666 869
667 868
668 867
669 866
670 865
671 864
672 863
673 862
674 861
675 860
676 859
677 858
678 857
679 856
680 855
681 854
682 853
683 852
684 851
685 850
686 849
687 848
688 847
689 846
690 845
691 844
692 843
693 842
694 841
695 840
696 839
697 838
698 837
699 836
700 835
701 834
702 833
703 832
704 831
705 830
706 829
707 828
708 827
709 826
710 825
711 824
712 823
713 822
714 821
715 820
716 819
717 818
718 817
719 816
720 815
721 814
722 813
723 812
724 811
725 810
726 809
727 808
728 807
729 806
730 805
731 804
732 803
733 802
734 801
735 800
736 799
737 798
738 797
739 796
740 795
741 794
742 793
743 792
744 791
745 790
746 789
747 788
748 787
749 786
750 785
751 784
752 783
753 782
754 781
755 780
756 779
757 778
758 777
759 776
760 775
761 774
762 773
763 772
764 771
765 770
766 769
767 768
768 767
769 766
770 765
771 764
772 763
773 762
774 761
775 760
776 759
777 758
778 757
779 756
780 755
781 754
782 753
783 752
784 751
785 750
786 749
787 748
788 747
789 746
790 745
791 744
792 743
793 742
794 741
795 740
796 739
797 738
798 737
799 736
800 735
801 734
802 733
803 732
804 731
805 730
806 729
807 728
808 727
809 726
810 725
811 724
812 723
813 722
814 721
815 720
816 719
817 718
818 717
819 716
820 715
821 714
822 713
823 712
824 711
825 710
826 709
827 708
828 707
829 706
830 705
831 704
832 703
833 702
834 701
835 700
836 699
837 698
838 697
839 696
840 695
841 694
842 693
843 692
844 691
845 690
846 689
847 688
848 687
849 686
850 685
851 684
852 683
853 682
854 681
855 680
856 679
857 678
858 677
859 676
860 675
861 674
862 673
863 672
864 671
865 670
866 669
867 668
868 667
869 666
870 665
871 664
872 663
873 662
874 661
875 660
876 659
877 658
878 657
879 656
880 655
881 654
882 653
883 652
884 651
885 650
886 649
887 648
888 647
889 646
890 645
891 644
892 643
893 642
894 641
895 640
896 639
897 638
898 637
899 636
900 635
901 634
902 633
903 632
904 631
905 630
906 629
907 628
908 627
909 626
910 625
911 624
912 623
913 622
914 621
915 620
916 619
917 618
918 617
919 616
920 615
921 614
922 613
923 612
924 611
925 610
926 609
927 608
928 607
929 606
930 605
931 604
932 603
933 602
934 601
935 600
936 599
937 598
938 597
939 596
940 595
941 594
942 593
943 592
944 591
945 590
946 589
947 588
948 587
949 586
950 585
951 584
952 583
953 582
954 581
955 580
956 579
957 578
958 577
959 576
960 575
961 574
962 573
963 572
964 571
965 570
966 569
967 568
968 567
969 566
970 565
971 564
972 563
973 562
974 561
975 560
976 559
977 558
978 557
979 556
980 555
981 554
982 553
983 552
984 551
985 550
986 549
987 548
988 547
989 546
990 545
991 544
992 543
993 542
994 541
995 540
996 539
997 538
998 537
999 536
1000 535
1001 534
1002 533
1003 532
1004 531
1005 530
1006 529
1007 528
1008 527
1009 526
1010 525
1011 524
1012 523
1013 522
1014 521
1015 520
1016 519
1017 518
1018 517
1019 516
1020 515
1021 514
1022 513
1023 512
1024 2047
1025 2046
1026 2045
1027 2044
1028 2043
1029 2042
1030 2041
1031 2040
1032 2039
1033 2038
1034 2037
1035 2036
1036 2035
1037 2034
1038 2033
1039 2032
1040 2031
1041 2030
1042 2029
1043 2028
1044 2027
1045 2026
1046 2025
1047 2024
1048 2023
1049 2022
1050 2021
1051 2020
1052 2019
1053 2018
1054 2017
1055 2016
1056 2015
1057 2014
1058 2013
1059 2012
1060 2011
1061 2010
1062 2009
1063 2008
1064 2007
1065 2006
1066 2005
1067 2004
1068 2003
1069 2002
1070 2001
1071 2000
1072 1999
1073 1998
1074 1997
1075 1996
1076 1995
1077 1994
1078 1993
1079 1992
1080 1991
1081 1990
1082 1989
1083 1988
1084 1987
1085 1986
1086 1985
1087 1984
1088 1983
1089 1982
1090 1981
1091 1980
1092 1979
1093 1978
1094 1977
1095 1976
1096 1975
1097 1974
1098 1973
1099 1972
1100 1971
1101 1970
1102 1969
1103 1968
1104 1967
1105 1966
1106 1965
1107 1964
1108 1963
1109 1962
1110 1961
1111 1960
1112 1959
1113 1958
1114 1957
1115 1956
1116 1955
1117 1954
1118 1953
1119 1952
1120 1951
1121 1950
1122 1949
1123 1948
1124 1947
1125 1946
1126 1945
1127 1944
1128 1943
1129 1942
1130 1941
1131 1940
1132 1939
1133 1938
1134 1937
1135 1936
1136 1935
1137 1934
1138 1933
1139 1932
1140 1931
1141 1930
1142 1929
1143 1928
1144 1927
1145 1926
1146 1925
1147 1924
1148 1923
1149 1922
1150 1921
1151 1920
1152 1919
1153 1918
1154 1917
1155 1916
1156 1915
1157 1914
1158 1913
1159 1912
1160 1911
1161 1910
1162 1909
1163 1908
1164 1907
1165 1906
1166 1905
1167 1904
1168 1903
1169 1902
1170 1901
1171 1900
1172 1899
1173 1898
1174 1897
1175 1896
1176 1895
1177 1894
1178 1893
1179 1892
1180 1891
1181 1890
1182 1889
1183 1888
1184 1887
1185 1886
1186 1885
1187 1884
1188 1883
1189 1882
1190 1881
1191 1880
1192 1879
1193 1878
1194 1877
1195 1876
1196 1875
1197 1874
1198 1873
1199 1872
1200 1871
1201 1870
1202 1869
1203 1868
1204 1867
1205 1866
1206 1865
1207 1864
1208 1863
1209 1862
1210 1861
1211 1860
1212 1859
1213 1858
1214 1857
1215 1856
1216 1855
1217 1854
1218 1853
1219 1852
1220 1851
1221 1850
1222 1849
1223 1848
1224 1847
1225 1846
1226 1845
1227 1844
1228 1843
1229 1842
1230 1841
1231 1840
1232 1839
1233 1838
1234 1837
1235 1836
1236 1835
1237 1834
1238 1833
1239 1832
1240 1831
1241 1830
1242 1829
1243 1828
1244 1827
1245 1826
1246 1825
1247 1824
1248 1823
1249 1822
1250 1821
1251 1820
1252 1819
1253 1818
1254 1817
1255 1816
1256 1815
1257 1814
1258 1813
1259 1812
1260 1811
1261 1810
1262 1809
1263 1808
1264 1807
1265 1806
1266 1805
1267 1804
1268 1803
1269 1802
1270 1801
1271 1800
1272 1799
1273 1798
1274 1797
1275 1796
1276 1795
1277 1794
1278 1793
1279 1792
1280 1791
1281 1790
1282 1789
1283 1788
1284 1787
1285 1786
1286 1785
1287 1784
1288 1783
1289 1782
1290 1781
1291 1780
1292 1779
1293 1778
1294 1777
1295 1776
1296 1775
1297 1774
1298 1773
1299 1772
1300 1771
1301 1770
1302 1769
1303 1768
1304 1767
1305 1766
1306 1765
1307 1764
1308 1763
1309 1762
1310 1761
1311 1760
1312 1759
1313 1758
1314 1757
1315 1756
1316 1755
1317 1754
1318 1753
1319 1752
1320 1751
1321 1750
1322 1749
1323 1748
1324 1747
1325 1746
1326 1745
1327 1744
1328 1743
1329 1742
1330 1741
1331 1740
1332 1739
1333 1738
1334 1737
1335 1736
1336 1735
1337 1734
1338 1733
1339 1732
1340 1731
1341 1730
1342 1729
1343 1728
1344 1727
1345 1726
1346 1725
1347 1724
1348 1723
1349 1722
1350 1721
1351 1720
1352 1719
1353 1718
1354 1717
1355 1716
1356 1715
1357 1714
1358 1713
1359 1712
1360 1711
1361 1710
1362 1709
1363 1708
1364 1707
1365 1706
1366 1705
1367 1704
1368 1703
1369 1702
1370 1701
1371 1700
1372 1699
1373 1698
1374 1697
1375 1696
1376 1695
1377 1694
1378 1693
1379 1692
1380 1691
1381 1690
1382 1689
1383 1688
1384 1687
1385 1686
1386 1685
1387 1684
1388 1683
1389 1682
1390 1681
1391 1680
1392 1679
1393 1678
1394 1677
1395 1676
1396 1675
1397 1674
1398 1673
1399 1672
1400 1671
1401 1670
1402 1669
1403 1668
1404 1667
1405 1666
1406 1665
1407 1664
1408 1663
1409 1662
1410 1661
1411 1660
1412 1659
1413 1658
1414 1657
1415 1656
1416 1655
1417 1654
1418 1653
1419 1652
1420 1651
1421 1650
1422 1649
1423 1648
1424 1647
1425 1646
1426 1645
1427 1644
1428 1643
1429 1642
1430 1641
1431 1640
1432 1639
1433 1638
1434 1637
1435 1636
1436 1635
1437 1634
1438 1633
1439 1632
1440 1631
1441 1630
1442 1629
1443 1628
1444 1627
1445 1626
1446 1625
1447 1624
1448 1623
1449 1622
1450 1621
1451 1620
1452 1619
1453 1618
1454 1617
1455 1616
1456 1615
1457 1614
1458 1613
1459 1612
1460 1611
1461 1610
1462 1609
1463 1608
1464 1607
1465 1606
1466 1605
1467 1604
1468 1603
1469 1602
1470 1601
1471 1600
1472 1599
1473 1598
1474 1597
1475 1596
1476 1595
1477 1594
1478 1593
1479 1592
1480 1591
1481 1590
1482 1589
1483 1588
1484 1587
1485 1586
1486 1585
1487 1584
1488 1583
1489 1582
1490 1581
1491 1580
1492 1579
1493 1578
1494 1577
1495 1576
1496 1575
1497 1574
1498 1573
1499 1572
1500 1571
1501 1570
1502 1569
1503 1568
1504 1567
1505 1566
1506 1565
1507 1564
1508 1563
1509 1562
1510 1561
1511 1560
1512 1559
1513 1558
1514 1557
1515 1556
1516 1555
1517 1554
1518 1553
1519 1552
1520 1551
1521 1550
1522 1549
1523 1548
1524 1547
1525 1546
1526 1545
1527 1544
1528 1543
1529 1542
1530 1541
1531 1540
1532 1539
1533 1538
1534 1537
1535 1536
1536 1535
1537 1534
1538 1533
1539 1532
1540 1531
1541 1530
1542 1529
1543 1528
1544 1527
1545 1526
1546 1525
1547 1524
1548 1523
1549 1522
1550 1521
1551 1520
1552 1519
1553 1518
1554 1517
1555 1516
1556 1515
1557 1514
1558 1513
1559 1512
1560 1511
1561 1510
1562 1509
1563 1508
1564 1507
1565 1506
1566 1505
1567 1504
1568 1503
1569 1502
1570 1501
1571 1500
1572 1499
1573 1498
1574 1497
1575 1496
1576 1495
1577 1494
1578 1493
1579 1492
1580 1491
1581 1490
1582 1489
1583 1488
1584 1487
1585 1486
1586 1485
1587 1484
1588 1483
1589 1482
1590 1481
1591 1480
1592 1479
1593 1478
1594 1477
1595 1476
1596 1475
1597 1474
1598 1473
1599 1472
1600 1471
1601 1470
1602 1469
1603 1468
1604 1467
1605 1466
1606 1465
1607 1464
1608 1463
1609 1462
1610 1461
1611 1460
1612 1459
1613 1458
1614 1457
1615 1456
1616 1455
1617 1454
1618 1453
1619 1452
1620 1451
1621 1450
1622 1449
1623 1448
1624 1447
1625 1446
1626 1445
1627 1444
1628 1443
1629 1442
1630 1441
1631 1440
1632 1439
1633 1438
1634 1437
1635 1436
1636 1435
1637 1434
1638 1433
1639 1432
1640 1431
1641 1430
1642 1429
1643 1428
1644 1427
1645 1426
1646 1425
1647 1424
1648 1423
1649 1422
1650 1421
1651 1420
1652 1419
1653 1418
1654 1417
1655 1416
1656 1415
1657 1414
1658 1413
1659 1412
1660 1411
1661 1410
1662 1409
1663 1408
1664 1407
1665 1406
1666 1405
1667 1404
1668 1403
1669 1402
1670 1401
1671 1400
1672 1399
1673 1398
1674 1397
1675 1396
1676 1395
1677 1394
1678 1393
1679 1392
1680 1391
1681 1390
1682 1389
1683 1388
1684 1387
1685 1386
1686 1385
1687 1384
1688 1383
1689 1382
1690 1381
1691 1380
1692 1379
1693 1378
1694 1377
1695 1376
1696 1375
1697 1374
1698 1373
1699 1372
1700 1371
1701 1370
1702 1369
1703 1368
1704 1367
1705 1366
1706 1365
1707 1364
1708 1363
1709 1362
1710 1361
1711 1360
1712 1359
1713 1358
1714 1357
1715 1356
1716 1355
1717 1354
1718 1353
1719 1352
1720 1351
1721 1350
1722 1349
1723 1348
1724 1347
1725 1346
1726 1345
1727 1344
1728 1343
1729 1342
1730 1341
1731 1340
1732 1339
1733 1338
1734 1337
1735 1336
1736 1335
1737 1334
1738 1333
1739 1332
1740 1331
1741 1330
1742 1329
1743 1328
1744 1327
1745 1326
1746 1325
1747 1324
1748 1323
1749 1322
1750 1321
1751 1320
1752 1319
1753 1318
1754 1317
1755 1316
1756 1315
1757 1314
1758 1313
1759 1312
1760 1311
1761 1310
1762 1309
1763 1308
1764 1307
1765 1306
1766 1305
1767 1304
1768 1303
1769 1302
1770 1301
1771 1300
1772 1299
1773 1298
1774 1297
1775 1296
1776 1295
1777 1294
1778 1293
1779 1292
1780 1291
1781 1290
1782 1289
1783 1288
1784 1287
1785 1286
1786 1285
1787 1284
1788 1283
1789 1282
1790 1281
1791 1280
1792 1279
1793 1278
1794 1277
1795 1276
1796 1275
1797 1274
1798 1273
1799 1272
1800 1271
1801 1270
1802 1269
1803 1268
1804 1267
1805 1266
1806 1265
1807 1264
1808 1263
1809 1262
1810 1261
1811 1260
1812 1259
1813 1258
1814 1257
1815 1256
1816 1255
1817 1254
1818 1253
1819 1252
1820 1251
1821 1250
1822 1249
1823 1248
1824 1247
1825 1246
1826 1245
1827 1244
1828 1243
1829 1242
1830 1241
1831 1240
1832 1239
1833 1238
1834 1237
1835 1236
1836 1235
1837 1234
1838 1233
1839 1232
1840 1231
1841 1230
1842 1229
1843 1228
1844 1227
1845 1226
1846 1225
1847 1224
1848 1223
1849 1222
1850 1221
1851 1220
1852 1219
1853 1218
1854 1217
1855 1216
1856 1215
1857 1214
1858 1213
1859 1212
1860 1211
1861 1210
1862 1209
1863 1208
1864 1207
1865 1206
1866 1205
1867 1204
1868 1203
1869 1202
1870 1201
1871 1200
1872 1199
1873 1198
1874 1197
1875 1196
1876 1195
1877 1194
1878 1193
1879 1192
1880 1191
1881 1190
1882 1189
1883 1188
1884 1187
1885 1186
1886 1185
1887 1184
1888 1183
1889 1182
1890 1181
1891 1180
1892 1179
1893 1178
1894 1177
1895 1176
1896 1175
1897 1174
1898 1173
1899 1172
1900 1171
1901 1170
1902 1169
1903 1168
1904 1167
1905 1166
1906 1165
1907 1164
1908 1163
1909 1162
1910 1161
1911 1160
1912 1159
1913 1158
1914 1157
1915 1156
1916 1155
1917 1154
1918 1153
1919 1152
1920 1151
1921 1150
1922 1149
1923 1148
1924 1147
1925 1146
1926 1145
1927 1144
1928 1143
1929 1142
1930 1141
1931 1140
1932 1139
1933 1138
1934 1137
1935 1136
1936 1135
1937 1134
1938 1133
1939 1132
1940 1131
1941 1130
1942 1129
1943 1128
1944 1127
1945 1126
1946 1125
1947 1124
1948 1123
1949 1122
1950 1121
1951 1120
1952 1119
1953 1118
1954 1117
1955 1116
1956 1115
1957 1114
1958 1113
1959 1112
1960 1111
1961 1110
1962 1109
1963 1108
1964 1107
1965 1106
1966 1105
1967 1104
1968 1103
1969 1102
1970 1101
1971 1100
1972 1099
1973 1098
1974 1097
1975 1096
1976 1095
1977 1094
1978 1093
1979 1092
1980 1091
1981 1090
1982 1089
1983 1088
1984 1087
1985 1086
1986 1085
1987 1084
1988 1083
1989 1082
1990 1081
1991 1080
1992 1079
1993 1078
1994 1077
1995 1076
1996 1075
1997 1074
1998 1073
1999 1072
2000 1071
2001 1070
2002 1069
2003 1068
2004 1067
2005 1066
2006 1065
2007 1064
2008 1063
2009 1062
2010 1061
2011 1060
2012 1059
2013 1058
2014 1057
2015 1056
2016 1055
2017 1054
2018 1053
2019 1052
2020 1051
2021 1050
2022 1049
2023 1048
2024 1047
2025 1046
2026 1045
2027 1044
2028 1043
2029 1042
2030 1041
2031 1040
2032 1039
2033 1038
2034 1037
2035 1036
2036 1035
2037 1034
2038 1033
2039 1032
2040 1031
2041 1030
2042 1029
2043 1028
2044 1027
2045 1026
2046 1025
2047 1024
2048 4095
2049 4094
2050 4093
2051 4092
2052 4091
2053 4090
2054 4089
2055 4088
2056 4087
2057 4086
2058 4085
2059 4084
2060 4083
2061 4082
2062 4081
2063 4080
2064 4079
2065 4078
2066 4077
2067 4076
2068 4075
2069 4074
2070 4073
2071 4072
2072 4071
2073 4070
2074 4069
2075 4068
2076 4067
2077 4066
2078 4065
2079 4064
2080 4063
2081 4062
2082 4061
2083 4060
2084 4059
2085 4058
2086 4057
2087 4056
2088 4055
2089 4054
2090 4053
2091 4052
2092 4051
2093 4050
2094 4049
2095 4048
2096 4047
2097 4046
2098 4045
2099 4044
2100 4043
2101 4042
2102 4041
2103 4040
2104 4039
2105 4038
2106 4037
2107 4036
2108 4035
2109 4034
2110 4033
2111 4032
2112 4031
2113 4030
2114 4029
2115 4028
2116 4027
2117 4026
2118 4025
2119 4024
2120 4023
2121 4022
2122 4021
2123 4020
2124 4019
2125 4018
2126 4017
2127 4016
2128 4015
2129 4014
2130 4013
2131 4012
2132 4011
2133 4010
2134 4009
2135 4008
2136 4007
2137 4006
2138 4005
2139 4004
2140 4003
2141 4002
2142 4001
2143 4000
2144 3999
2145 3998
2146 3997
2147 3996
2148 3995
2149 3994
2150 3993
2151 3992
2152 3991
2153 3990
2154 3989
2155 3988
2156 3987
2157 3986
2158 3985
2159 3984
2160 3983
2161 3982
2162 3981
2163 3980
2164 3979
2165 3978
2166 3977
2167 3976
2168 3975
2169 3974
2170 3973
2171 3972
2172 3971
2173 3970
2174 3969
2175 3968
2176 3967
2177 3966
2178 3965
2179 3964
2180 3963
2181 3962
2182 3961
2183 3960
2184 3959
2185 3958
2186 3957
2187 3956
2188 3955
2189 3954
2190 3953
2191 3952
2192 3951
2193 3950
2194 3949
2195 3948
2196 3947
2197 3946
2198 3945
2199 3944
2200 3943
2201 3942
2202 3941
2203 3940
2204 3939
2205 3938
2206 3937
2207 3936
2208 3935
2209 3934
2210 3933
2211 3932
2212 3931
2213 3930
2214 3929
2215 3928
2216 3927
2217 3926
2218 3925
2219 3924
2220 3923
2221 3922
2222 3921
2223 3920
2224 3919
2225 3918
2226 3917
2227 3916
2228 3915
2229 3914
2230 3913
2231 3912
2232 3911
2233 3910
2234 3909
2235 3908
2236 3907
2237 3906
2238 3905
2239 3904
2240 3903
2241 3902
2242 3901
2243 3900
2244 3899
2245 3898
2246 3897
2247 3896
2248 3895
2249 3894
2250 3893
2251 3892
2252 3891
2253 3890
2254 3889
2255 3888
2256 3887
2257 3886
2258 3885
2259 3884
2260 3883
2261 3882
2262 3881
2263 3880
2264 3879
2265 3878
2266 3877
2267 3876
2268 3875
2269 3874
2270 3873
2271 3872
2272 3871
2273 3870
2274 3869
2275 3868
2276 3867
2277 3866
2278 3865
2279 3864
2280 3863
2281 3862
2282 3861
2283 3860
2284 3859
2285 3858
2286 3857
2287 3856
2288 3855
2289 3854
2290 3853
2291 3852
2292 3851
2293 3850
2294 3849
2295 3848
2296 3847
2297 3846
2298 3845
2299 3844
2300 3843
2301 3842
2302 3841
2303 3840
2304 3839
2305 3838
2306 3837
2307 3836
2308 3835
2309 3834
2310 3833
2311 3832
2312 3831
2313 3830
2314 3829
2315 3828
2316 3827
2317 3826
2318 3825
2319 3824
2320 3823
2321 3822
2322 3821
2323 3820
2324 3819
2325 3818
2326 3817
2327 3816
2328 3815
2329 3814
2330 3813
2331 3812
2332 3811
2333 3810
2334 3809
2335 3808
2336 3807
2337 3806
2338 3805
2339 3804
2340 3803
2341 3802
2342 3801
2343 3800
2344 3799
2345 3798
2346 3797
2347 3796
2348 3795
2349 3794
2350 3793
2351 3792
2352 3791
2353 3790
2354 3789
2355 3788
2356 3787
2357 3786
2358 3785
2359 3784
2360 3783
2361 3782
2362 3781
2363 3780
2364 3779
2365 3778
2366 3777
2367 3776
2368 3775
2369 3774
2370 3773
2371 3772
2372 3771
2373 3770
2374 3769
2375 3768
2376 3767
2377 3766
2378 3765
2379 3764
2380 3763
2381 3762
2382 3761
2383 3760
2384 3759
2385 3758
2386 3757
2387 3756
2388 3755
2389 3754
2390 3753
2391 3752
2392 3751
2393 3750
2394 3749
2395 3748
2396 3747
2397 3746
2398 3745
2399 3744
2400 3743
2401 3742
2402 3741
2403 3740
2404 3739
2405 3738
2406 3737
2407 3736
2408 3735
2409 3734
2410 3733
2411 3732
2412 3731
2413 3730
2414 3729
2415 3728
2416 3727
2417 3726
2418 3725
2419 3724
2420 3723
2421 3722
2422 3721
2423 3720
2424 3719
2425 3718
2426 3717
2427 3716
2428 3715
2429 3714
2430 3713
2431 3712
2432 3711
2433 3710
2434 3709
2435 3708
2436 3707
2437 3706
2438 3705
2439 3704
2440 3703
2441 3702
2442 3701
2443 3700
2444 3699
2445 3698
2446 3697
2447 3696
2448 3695
2449 3694
2450 3693
2451 3692
2452 3691
2453 3690
2454 3689
2455 3688
2456 3687
2457 3686
2458 3685
2459 3684
2460 3683
2461 3682
2462 3681
2463 3680
2464 3679
2465 3678
2466 3677
2467 3676
2468 3675
2469 3674
2470 3673
2471 3672
2472 3671
2473 3670
2474 3669
2475 3668
2476 3667
2477 3666
2478 3665
2479 3664
2480 3663
2481 3662
2482 3661
2483 3660
2484 3659
2485 3658
2486 3657
2487 3656
2488 3655
2489 3654
2490 3653
2491 3652
2492 3651
2493 3650
2494 3649
2495 3648
2496 3647
2497 3646
2498 3645
2499 3644
2500 3643
2501 3642
2502 3641
2503 3640
2504 3639
2505 3638
2506 3637
2507 3636
2508 3635
2509 3634
2510 3633
2511 3632
2512 3631
2513 3630
2514 3629
2515 3628
2516 3627
2517 3626
2518 3625
2519 3624
2520 3623
2521 3622
2522 3621
2523 3620
2524 3619
2525 3618
2526 3617
2527 3616
2528 3615
2529 3614
2530 3613
2531 3612
2532 3611
2533 3610
2534 3609
2535 3608
2536 3607
2537 3606
2538 3605
2539 3604
2540 3603
2541 3602
2542 3601
2543 3600
2544 3599
2545 3598
2546 3597
2547 3596
2548 3595
2549 3594
2550 3593
2551 3592
2552 3591
2553 3590
2554 3589
2555 3588
2556 3587
2557 3586
2558 3585
2559 3584
2560 3583
2561 3582
2562 3581
2563 3580
2564 3579
2565 3578
2566 3577
2567 3576
2568 3575
2569 3574
2570 3573
2571 3572
2572 3571
2573 3570
2574 3569
2575 3568
2576 3567
2577 3566
2578 3565
2579 3564
2580 3563
2581 3562
2582 3561
2583 3560
2584 3559
2585 3558
2586 3557
2587 3556
2588 3555
2589 3554
2590 3553
2591 3552
2592 3551
2593 3550
2594 3549
2595 3548
2596 3547
2597 3546
2598 3545
2599 3544
2600 3543
2601 3542
2602 3541
2603 3540
2604 3539
2605 3538
2606 3537
2607 3536
2608 3535
2609 3534
2610 3533
2611 3532
2612 3531
2613 3530
2614 3529
2615 3528
2616 3527
2617 3526
2618 3525
2619 3524
2620 3523
2621 3522
2622 3521
2623 3520
2624 3519
2625 3518
2626 3517
2627 3516
2628 3515
2629 3514
2630 3513
2631 3512
2632 3511
2633 3510
2634 3509
2635 3508
2636 3507
2637 3506
2638 3505
2639 3504
2640 3503
2641 3502
2642 3501
2643 3500
2644 3499
2645 3498
2646 3497
2647 3496
2648 3495
2649 3494
2650 3493
2651 3492
2652 3491
2653 3490
2654 3489
2655 3488
2656 3487
2657 3486
2658 3485
2659 3484
2660 3483
2661 3482
2662 3481
2663 3480
2664 3479
2665 3478
2666 3477
2667 3476
2668 3475
2669 3474
2670 3473
2671 3472
2672 3471
2673 3470
2674 3469
2675 3468
2676 3467
2677 3466
2678 3465
2679 3464
2680 3463
2681 3462
2682 3461
2683 3460
2684 3459
2685 3458
2686 3457
2687 3456
2688 3455
2689 3454
2690 3453
2691 3452
2692 3451
2693 3450
2694 3449
2695 3448
2696 3447
2697 3446
2698 3445
2699 3444
2700 3443
2701 3442
2702 3441
2703 3440
2704 3439
2705 3438
2706 3437
2707 3436
2708 3435
2709 3434
2710 3433
2711 3432
2712 3431
2713 3430
2714 3429
2715 3428
2716 3427
2717 3426
2718 3425
2719 3424
2720 3423
2721 3422
2722 3421
2723 3420
2724 3419
2725 3418
2726 3417
2727 3416
2728 3415
2729 3414
2730 3413
2731 3412
2732 3411
2733 3410
2734 3409
2735 3408
2736 3407
2737 3406
2738 3405
2739 3404
2740 3403
2741 3402
2742 3401
2743 3400
2744 3399
2745 3398
2746 3397
2747 3396
2748 3395
2749 3394
2750 3393
2751 3392
2752 3391
2753 3390
2754 3389
2755 3388
2756 3387
2757 3386
2758 3385
2759 3384
2760 3383
2761 3382
2762 3381
2763 3380
2764 3379
2765 3378
2766 3377
2767 3376
2768 3375
2769 3374
2770 3373
2771 3372
2772 3371
2773 3370
2774 3369
2775 3368
2776 3367
2777 3366
2778 3365
2779 3364
2780 3363
2781 3362
2782 3361
2783 3360
2784 3359
2785 3358
2786 3357
2787 3356
2788 3355
2789 3354
2790 3353
2791 3352
2792 3351
2793 3350
2794 3349
2795 3348
2796 3347
2797 3346
2798 3345
2799 3344
2800 3343
2801 3342
2802 3341
2803 3340
2804 3339
2805 3338
2806 3337
2807 3336
2808 3335
2809 3334
2810 3333
2811 3332
2812 3331
2813 3330
2814 3329
2815 3328
2816 3327
2817 3326
2818 3325
2819 3324
2820 3323
2821 3322
2822 3321
2823 3320
2824 3319
2825 3318
2826 3317
2827 3316
2828 3315
2829 3314
2830 3313
2831 3312
2832 3311
2833 3310
2834 3309
2835 3308
2836 3307
2837 3306
2838 3305
2839 3304
2840 3303
2841 3302
2842 3301
2843 3300
2844 3299
2845 3298
2846 3297
2847 3296
2848 3295
2849 3294
2850 3293
2851 3292
2852 3291
2853 3290
2854 3289
2855 3288
2856 3287
2857 3286
2858 3285
2859 3284
2860 3283
2861 3282
2862 3281
2863 3280
2864 3279
2865 3278
2866 3277
2867 3276
2868 3275
2869 3274
2870 3273
2871 3272
2872 3271
2873 3270
2874 3269
2875 3268
2876 3267
2877 3266
2878 3265
2879 3264
2880 3263
2881 3262
2882 3261
2883 3260
2884 3259
2885 3258
2886 3257
2887 3256
2888 3255
2889 3254
2890 3253
2891 3252
2892 3251
2893 3250
2894 3249
2895 3248
2896 3247
2897 3246
2898 3245
2899 3244
2900 3243
2901 3242
2902 3241
2903 3240
2904 3239
2905 3238
2906 3237
2907 3236
2908 3235
2909 3234
2910 3233
2911 3232
2912 3231
2913 3230
2914 3229
2915 3228
2916 3227
2917 3226
2918 3225
2919 3224
2920 3223
2921 3222
2922 3221
2923 3220
2924 3219
2925 3218
2926 3217
2927 3216
2928 3215
2929 3214
2930 3213
2931 3212
2932 3211
2933 3210
2934 3209
2935 3208
2936 3207
2937 3206
2938 3205
2939 3204
2940 3203
2941 3202
2942 3201
2943 3200
2944 3199
2945 3198
2946 3197
2947 3196
2948 3195
2949 3194
2950 3193
2951 3192
2952 3191
2953 3190
2954 3189
2955 3188
2956 3187
2957 3186
2958 3185
2959 3184
2960 3183
2961 3182
2962 3181
2963 3180
2964 3179
2965 3178
2966 3177
2967 3176
2968 3175
2969 3174
2970 3173
2971 3172
2972 3171
2973 3170
2974 3169
2975 3168
2976 3167
2977 3166
2978 3165
2979 3164
2980 3163
2981 3162
2982 3161
2983 3160
2984 3159
2985 3158
2986 3157
2987 3156
2988 3155
2989 3154
2990 3153
2991 3152
2992 3151
2993 3150
2994 3149
2995 3148
2996 3147
2997 3146
2998 3145
2999 3144
3000 3143
3001 3142
3002 3141
3003 3140
3004 3139
3005 3138
3006 3137
3007 3136
3008 3135
3009 3134
3010 3133
3011 3132
3012 3131
3013 3130
3014 3129
3015 3128
3016 3127
3017 3126
3018 3125
3019 3124
3020 3123
3021 3122
3022 3121
3023 3120
3024 3119
3025 3118
3026 3117
3027 3116
3028 3115
3029 3114
3030 3113
3031 3112
3032 3111
3033 3110
3034 3109
3035 3108
3036 3107
3037 3106
3038 3105
3039 3104
3040 3103
3041 3102
3042 3101
3043 3100
3044 3099
3045 3098
3046 3097
3047 3096
3048 3095
3049 3094
3050 3093
3051 3092
3052 3091
3053 3090
3054 3089
3055 3088
3056 3087
3057 3086
3058 3085
3059 3084
3060 3083
3061 3082
3062 3081
3063 3080
3064 3079
3065 3078
3066 3077
3067 3076
3068 3075
3069 3074
3070 3073
3071 3072
3072 3071
3073 3070
3074 3069
3075 3068
3076 3067
3077 3066
3078 3065
3079 3064
3080 3063
3081 3062
3082 3061
3083 3060
3084 3059
3085 3058
3086 3057
3087 3056
3088 3055
3089 3054
3090 3053
3091 3052
3092 3051
3093 3050
3094 3049
3095 3048
3096 3047
3097 3046
3098 3045
3099 3044
3100 3043
3101 3042
3102 3041
3103 3040
3104 3039
3105 3038
3106 3037
3107 3036
3108 3035
3109 3034
3110 3033
3111 3032
3112 3031
3113 3030
3114 3029
3115 3028
3116 3027
3117 3026
3118 3025
3119 3024
3120 3023
3121 3022
3122 3021
3123 3020
3124 3019
3125 3018
3126 3017
3127 3016
3128 3015
3129 3014
3130 3013
3131 3012
3132 3011
3133 3010
3134 3009
3135 3008
3136 3007
3137 3006
3138 3005
3139 3004
3140 3003
3141 3002
3142 3001
3143 3000
3144 2999
3145 2998
3146 2997
3147 2996
3148 2995
3149 2994
3150 2993
3151 2992
3152 2991
3153 2990
3154 2989
3155 2988
3156 2987
3157 2986
3158 2985
3159 2984
3160 2983
3161 2982
3162 2981
3163 2980
3164 2979
3165 2978
3166 2977
3167 2976
3168 2975
3169 2974
3170 2973
3171 2972
3172 2971
3173 2970
3174 2969
3175 2968
3176 2967
3177 2966
3178 2965
3179 2964
3180 2963
3181 2962
3182 2961
3183 2960
3184 2959
3185 2958
3186 2957
3187 2956
3188 2955
3189 2954
3190 2953
3191 2952
3192 2951
3193 2950
3194 2949
3195 2948
3196 2947
3197 2946
3198 2945
3199 2944
3200 2943
3201 2942
3202 2941
3203 2940
3204 2939
3205 2938
3206 2937
3207 2936
3208 2935
3209 2934
3210 2933
3211 2932
3212 2931
3213 2930
3214 2929
3215 2928
3216 2927
3217 2926
3218 2925
3219 2924
3220 2923
3221 2922
3222 2921
3223 2920
3224 2919
3225 2918
3226 2917
3227 2916
3228 2915
3229 2914
3230 2913
3231 2912
3232 2911
3233 2910
3234 2909
3235 2908
3236 2907
3237 2906
3238 2905
3239 2904
3240 2903
3241 2902
3242 2901
3243 2900
3244 2899
3245 2898
3246 2897
3247 2896
3248 2895
3249 2894
3250 2893
3251 2892
3252 2891
3253 2890
3254 2889
3255 2888
3256 2887
3257 2886
3258 2885
3259 2884
3260 2883
3261 2882
3262 2881
3263 2880
3264 2879
3265 2878
3266 2877
3267 2876
3268 2875
3269 2874
3270 2873
3271 2872
3272 2871
3273 2870
3274 2869
3275 2868
3276 2867
3277 2866
3278 2865
3279 2864
3280 2863
3281 2862
3282 2861
3283 2860
3284 2859
3285 2858
3286 2857
3287 2856
3288 2855
3289 2854
3290 2853
3291 2852
3292 2851
3293 2850
3294 2849
3295 2848
3296 2847
3297 2846
3298 2845
3299 2844
3300 2843
3301 2842
3302 2841
3303 2840
3304 2839
3305 2838
3306 2837
3307 2836
3308 2835
3309 2834
3310 2833
3311 2832
3312 2831
3313 2830
3314 2829
3315 2828
3316 2827
3317 2826
3318 2825
3319 2824
3320 2823
3321 2822
3322 2821
3323 2820
3324 2819
3325 2818
3326 2817
3327 2816
3328 2815
3329 2814
3330 2813
3331 2812
3332 2811
3333 2810
3334 2809
3335 2808
3336 2807
3337 2806
3338 2805
3339 2804
3340 2803
3341 2802
3342 2801
3343 2800
3344 2799
3345 2798
3346 2797
3347 2796
3348 2795
3349 2794
3350 2793
3351 2792
3352 2791
3353 2790
3354 2789
3355 2788
3356 2787
3357 2786
3358 2785
3359 2784
3360 2783
3361 2782
3362 2781
3363 2780
3364 2779
3365 2778
3366 2777
3367 2776
3368 2775
3369 2774
3370 2773
3371 2772
3372 2771
3373 2770
3374 2769
3375 2768
3376 2767
3377 2766
3378 2765
3379 2764
3380 2763
3381 2762
3382 2761
3383 2760
3384 2759
3385 2758
3386 2757
3387 2756
3388 2755
3389 2754
3390 2753
3391 2752
3392 2751
3393 2750
3394 2749
3395 2748
3396 2747
3397 2746
3398 2745
3399 2744
3400 2743
3401 2742
3402 2741
3403 2740
3404 2739
3405 2738
3406 2737
3407 2736
3408 2735
3409 2734
3410 2733
3411 2732
3412 2731
3413 2730
3414 2729
3415 2728
3416 2727
3417 2726
3418 2725
3419 2724
3420 2723
3421 2722
3422 2721
3423 2720
3424 2719
3425 2718
3426 2717
3427 2716
3428 2715
3429 2714
3430 2713
3431 2712
3432 2711
3433 2710
3434 2709
3435 2708
3436 2707
3437 2706
3438 2705
3439 2704
3440 2703
3441 2702
3442 2701
3443 2700
3444 2699
3445 2698
3446 2697
3447 2696
3448 2695
3449 2694
3450 2693
3451 2692
3452 2691
3453 2690
3454 2689
3455 2688
3456 2687
3457 2686
3458 2685
3459 2684
3460 2683
3461 2682
3462 2681
3463 2680
3464 2679
3465 2678
3466 2677
3467 2676
3468 2675
3469 2674
3470 2673
3471 2672
3472 2671
3473 2670
3474 2669
3475 2668
3476 2667
3477 2666
3478 2665
3479 2664
3480 2663
3481 2662
3482 2661
3483 2660
3484 2659
3485 2658
3486 2657
3487 2656
3488 2655
3489 2654
3490 2653
3491 2652
3492 2651
3493 2650
3494 2649
3495 2648
3496 2647
3497 2646
3498 2645
3499 2644
3500 2643
3501 2642
3502 2641
3503 2640
3504 2639
3505 2638
3506 2637
3507 2636
3508 2635
3509 2634
3510 2633
3511 2632
3512 2631
3513 2630
3514 2629
3515 2628
3516 2627
3517 2626
3518 2625
3519 2624
3520 2623
3521 2622
3522 2621
3523 2620
3524 2619
3525 2618
3526 2617
3527 2616
3528 2615
3529 2614
3530 2613
3531 2612
3532 2611
3533 2610
3534 2609
3535 2608
3536 2607
3537 2606
3538 2605
3539 2604
3540 2603
3541 2602
3542 2601
3543 2600
3544 2599
3545 2598
3546 2597
3547 2596
3548 2595
3549 2594
3550 2593
3551 2592
3552 2591
3553 2590
3554 2589
3555 2588
3556 2587
3557 2586
3558 2585
3559 2584
3560 2583
3561 2582
3562 2581
3563 2580
3564 2579
3565 2578
3566 2577
3567 2576
3568 2575
3569 2574
3570 2573
3571 2572
3572 2571
3573 2570
3574 2569
3575 2568
3576 2567
3577 2566
3578 2565
3579 2564
3580 2563
3581 2562
3582 2561
3583 2560
3584 2559
3585 2558
3586 2557
3587 2556
3588 2555
3589 2554
3590 2553
3591 2552
3592 2551
3593 2550
3594 2549
3595 2548
3596 2547
3597 2546
3598 2545
3599 2544
3600 2543
3601 2542
3602 2541
3603 2540
3604 2539
3605 2538
3606 2537
3607 2536
3608 2535
3609 2534
3610 2533
3611 2532
3612 2531
3613 2530
3614 2529
3615 2528
3616 2527
3617 2526
3618 2525
3619 2524
3620 2523
3621 2522
3622 2521
3623 2520
3624 2519
3625 2518
3626 2517
3627 2516
3628 2515
3629 2514
3630 2513
3631 2512
3632 2511
3633 2510
3634 2509
3635 2508
3636 2507
3637 2506
3638 2505
3639 2504
3640 2503
3641 2502
3642 2501
3643 2500
3644 2499
3645 2498
3646 2497
3647 2496
3648 2495
3649 2494
3650 2493
3651 2492
3652 2491
3653 2490
3654 2489
3655 2488
3656 2487
3657 2486
3658 2485
3659 2484
3660 2483
3661 2482
3662 2481
3663 2480
3664 2479
3665 2478
3666 2477
3667 2476
3668 2475
3669 2474
3670 2473
3671 2472
3672 2471
3673 2470
3674 2469
3675 2468
3676 2467
3677 2466
3678 2465
3679 2464
3680 2463
3681 2462
3682 2461
3683 2460
3684 2459
3685 2458
3686 2457
3687 2456
3688 2455
3689 2454
3690 2453
3691 2452
3692 2451
3693 2450
3694 2449
3695 2448
3696 2447
3697 2446
3698 2445
3699 2444
3700 2443
3701 2442
3702 2441
3703 2440
3704 2439
3705 2438
3706 2437
3707 2436
3708 2435
3709 2434
3710 2433
3711 2432
3712 2431
3713 2430
3714 2429
3715 2428
3716 2427
3717 2426
3718 2425
3719 2424
3720 2423
3721 2422
3722 2421
3723 2420
3724 2419
3725 2418
3726 2417
3727 2416
3728 2415
3729 2414
3730 2413
3731 2412
3732 2411
3733 2410
3734 2409
3735 2408
3736 2407
3737 2406
3738 2405
3739 2404
3740 2403
3741 2402
3742 2401
3743 2400
3744 2399
3745 2398
3746 2397
3747 2396
3748 2395
3749 2394
3750 2393
3751 2392
3752 2391
3753 2390
3754 2389
3755 2388
3756 2387
3757 2386
3758 2385
3759 2384
3760 2383
3761 2382
3762 2381
3763 2380
3764 2379
3765 2378
3766 2377
3767 2376
3768 2375
3769 2374
3770 2373
3771 2372
3772 2371
3773 2370
3774 2369
3775 2368
3776 2367
3777 2366
3778 2365
3779 2364
3780 2363
3781 2362
3782 2361
3783 2360
3784 2359
3785 2358
3786 2357
3787 2356
3788 2355
3789 2354
3790 2353
3791 2352
3792 2351
3793 2350
3794 2349
3795 2348
3796 2347
3797 2346
3798 2345
3799 2344
3800 2343
3801 2342
3802 2341
3803 2340
3804 2339
3805 2338
3806 2337
3807 2336
3808 2335
3809 2334
3810 2333
3811 2332
3812 2331
3813 2330
3814 2329
3815 2328
3816 2327
3817 2326
3818 2325
3819 2324
3820 2323
3821 2322
3822 2321
3823 2320
3824 2319
3825 2318
3826 2317
3827 2316
3828 2315
3829 2314
3830 2313
3831 2312
3832 2311
3833 2310
3834 2309
3835 2308
3836 2307
3837 2306
3838 2305
3839 2304
3840 2303
3841 2302
3842 2301
3843 2300
3844 2299
3845 2298
3846 2297
3847 2296
3848 2295
3849 2294
3850 2293
3851 2292
3852 2291
3853 2290
3854 2289
3855 2288
3856 2287
3857 2286
3858 2285
3859 2284
3860 2283
3861 2282
3862 2281
3863 2280
3864 2279
3865 2278
3866 2277
3867 2276
3868 2275
3869 2274
3870 2273
3871 2272
3872 2271
3873 2270
3874 2269
3875 2268
3876 2267
3877 2266
3878 2265
3879 2264
3880 2263
3881 2262
3882 2261
3883 2260
3884 2259
3885 2258
3886 2257
3887 2256
3888 2255
3889 2254
3890 2253
3891 2252
3892 2251
3893 2250
3894 2249
3895 2248
3896 2247
3897 2246
3898 2245
3899 2244
3900 2243
3901 2242
3902 2241
3903 2240
3904 2239
3905 2238
3906 2237
3907 2236
3908 2235
3909 2234
3910 2233
3911 2232
3912 2231
3913 2230
3914 2229
3915 2228
3916 2227
3917 2226
3918 2225
3919 2224
3920 2223
3921 2222
3922 2221
3923 2220
3924 2219
3925 2218
3926 2217
3927 2216
3928 2215
3929 2214
3930 2213
3931 2212
3932 2211
3933 2210
3934 2209
3935 2208
3936 2207
3937 2206
3938 2205
3939 2204
3940 2203
3941 2202
3942 2201
3943 2200
3944 2199
3945 2198
3946 2197
3947 2196
3948 2195
3949 2194
3950 2193
3951 2192
3952 2191
3953 2190
3954 2189
3955 2188
3956 2187
3957 2186
3958 2185
3959 2184
3960 2183
3961 2182
3962 2181
3963 2180
3964 2179
3965 2178
3966 2177
3967 2176
3968 2175
3969 2174
3970 2173
3971 2172
3972 2171
3973 2170
3974 2169
3975 2168
3976 2167
3977 2166
3978 2165
3979 2164
3980 2163
3981 2162
3982 2161
3983 2160
3984 2159
3985 2158
3986 2157
3987 2156
3988 2155
3989 2154
3990 2153
3991 2152
3992 2151
3993 2150
3994 2149
3995 2148
3996 2147
3997 2146
3998 2145
3999 2144
4000 2143
4001 2142
4002 2141
4003 2140
4004 2139
4005 2138
4006 2137
4007 2136
4008 2135
4009 2134
4010 2133
4011 2132
4012 2131
4013 2130
4014 2129
4015 2128
4016 2127
4017 2126
4018 2125
4019 2124
4020 2123
4021 2122
4022 2121
4023 2120
4024 2119
4025 2118
4026 2117
4027 2116
4028 2115
4029 2114
4030 2113
4031 2112
4032 2111
4033 2110
4034 2109
4035 2108
4036 2107
4037 2106
4038 2105
4039 2104
4040 2103
4041 2102
4042 2101
4043 2100
4044 2099
4045 2098
4046 2097
4047 2096
4048 2095
4049 2094
4050 2093
4051 2092
4052 2091
4053 2090
4054 2089
4055 2088
4056 2087
4057 2086
4058 2085
4059 2084
4060 2083
4061 2082
4062 2081
4063 2080
4064 2079
4065 2078
4066 2077
4067 2076
4068 2075
4069 2074
4070 2073
4071 2072
4072 2071
4073 2070
4074 2069
4075 2068
4076 2067
4077 2066
4078 2065
4079 2064
4080 2063
4081 2062
4082 2061
4083 2060
4084 2059
4085 2058
4086 2057
4087 2056
4088 2055
4089 2054
4090 2053
4091 2052
4092 2051
4093 2050
4094 2049
4095 2048
4096 8191
4097 8190
4098 8189
4099 8188
4100 8187
4101 8186
4102 8185
4103 8184
4104 8183
4105 8182
4106 8181
4107 8180
4108 8179
4109 8178
4110 8177
4111 8176
4112 8175
4113 8174
4114 8173
4115 8172
4116 8171
4117 8170
4118 8169
4119 8168
4120 8167
4121 8166
4122 8165
4123 8164
4124 8163
4125 8162
4126 8161
4127 8160
4128 8159
4129 8158
4130 8157
4131 8156
4132 8155
4133 8154
4134 8153
4135 8152
4136 8151
4137 8150
4138 8149
4139 8148
4140 8147
4141 8146
4142 8145
4143 8144
4144 8143
4145 8142
4146 8141
4147 8140
4148 8139
4149 8138
4150 8137
4151 8136
4152 8135
4153 8134
4154 8133
4155 8132
4156 8131
4157 8130
4158 8129
4159 8128
4160 8127
4161 8126
4162 8125
4163 8124
4164 8123
4165 8122
4166 8121
4167 8120
4168 8119
4169 8118
4170 8117
4171 8116
4172 8115
4173 8114
4174 8113
4175 8112
4176 8111
4177 8110
4178 8109
4179 8108
4180 8107
4181 8106
4182 8105
4183 8104
4184 8103
4185 8102
4186 8101
4187 8100
4188 8099
4189 8098
4190 8097
4191 8096
4192 8095
4193 8094
4194 8093
4195 8092
4196 8091
4197 8090
4198 8089
4199 8088
4200 8087
4201 8086
4202 8085
4203 8084
4204 8083
4205 8082
4206 8081
4207 8080
4208 8079
4209 8078
4210 8077
4211 8076
4212 8075
4213 8074
4214 8073
4215 8072
4216 8071
4217 8070
4218 8069
4219 8068
4220 8067
4221 8066
4222 8065
4223 8064
4224 8063
4225 8062
4226 8061
4227 8060
4228 8059
4229 8058
4230 8057
4231 8056
4232 8055
4233 8054
4234 8053
4235 8052
4236 8051
4237 8050
4238 8049
4239 8048
4240 8047
4241 8046
4242 8045
4243 8044
4244 8043
4245 8042
4246 8041
4247 8040
4248 8039
4249 8038
4250 8037
4251 8036
4252 8035
4253 8034
4254 8033
4255 8032
4256 8031
4257 8030
4258 8029
4259 8028
4260 8027
4261 8026
4262 8025
4263 8024
4264 8023
4265 8022
4266 8021
4267 8020
4268 8019
4269 8018
4270 8017
4271 8016
4272 8015
4273 8014
4274 8013
4275 8012
4276 8011
4277 8010
4278 8009
4279 8008
4280 8007
4281 8006
4282 8005
4283 8004
4284 8003
4285 8002
4286 8001
4287 8000
4288 7999
4289 7998
4290 7997
4291 7996
4292 7995
4293 7994
4294 7993
4295 7992
4296 7991
4297 7990
4298 7989
4299 7988
4300 7987
4301 7986
4302 7985
4303 7984
4304 7983
4305 7982
4306 7981
4307 7980
4308 7979
4309 7978
4310 7977
4311 7976
4312 7975
4313 7974
4314 7973
4315 7972
4316 7971
4317 7970
4318 7969
4319 7968
4320 7967
4321 7966
4322 7965
4323 7964
4324 7963
4325 7962
4326 7961
4327 7960
4328 7959
4329 7958
4330 7957
4331 7956
4332 7955
4333 7954
4334 7953
4335 7952
4336 7951
4337 7950
4338 7949
4339 7948
4340 7947
4341 7946
4342 7945
4343 7944
4344 7943
4345 7942
4346 7941
4347 7940
4348 7939
4349 7938
4350 7937
4351 7936
4352 7935
4353 7934
4354 7933
4355 7932
4356 7931
4357 7930
4358 7929
4359 7928
4360 7927
4361 7926
4362 7925
4363 7924
4364 7923
4365 7922
4366 7921
4367 7920
4368 7919
4369 7918
4370 7917
4371 7916
4372 7915
4373 7914
4374 7913
4375 7912
4376 7911
4377 7910
4378 7909
4379 7908
4380 7907
4381 7906
4382 7905
4383 7904
4384 7903
4385 7902
4386 7901
4387 7900
4388 7899
4389 7898
4390 7897
4391 7896
4392 7895
4393 7894
4394 7893
4395 7892
4396 7891
4397 7890
4398 7889
4399 7888
4400 7887
4401 7886
4402 7885
4403 7884
4404 7883
4405 7882
4406 7881
4407 7880
4408 7879
4409 7878
4410 7877
4411 7876
4412 7875
4413 7874
4414 7873
4415 7872
4416 7871
4417 7870
4418 7869
4419 7868
4420 7867
4421 7866
4422 7865
4423 7864
4424 7863
4425 7862
4426 7861
4427 7860
4428 7859
4429 7858
4430 7857
4431 7856
4432 7855
4433 7854
4434 7853
4435 7852
4436 7851
4437 7850
4438 7849
4439 7848
4440 7847
4441 7846
4442 7845
4443 7844
4444 7843
4445 7842
4446 7841
4447 7840
4448 7839
4449 7838
4450 7837
4451 7836
4452 7835
4453 7834
4454 7833
4455 7832
4456 7831
4457 7830
4458 7829
4459 7828
4460 7827
4461 7826
4462 7825
4463 7824
4464 7823
4465 7822
4466 7821
4467 7820
4468 7819
4469 7818
4470 7817
4471 7816
4472 7815
4473 7814
4474 7813
4475 7812
4476 7811
4477 7810
4478 7809
4479 7808
4480 7807
4481 7806
4482 7805
4483 7804
4484 7803
4485 7802
4486 7801
4487 7800
4488 7799
4489 7798
4490 7797
4491 7796
4492 7795
4493 7794
4494 7793
4495 7792
4496 7791
4497 7790
4498 7789
4499 7788
4500 7787
4501 7786
4502 7785
4503 7784
4504 7783
4505 7782
4506 7781
4507 7780
4508 7779
4509 7778
4510 7777
4511 7776
4512 7775
4513 7774
4514 7773
4515 7772
4516 7771
4517 7770
4518 7769
4519 7768
4520 7767
4521 7766
4522 7765
4523 7764
4524 7763
4525 7762
4526 7761
4527 7760
4528 7759
4529 7758
4530 7757
4531 7756
4532 7755
4533 7754
4534 7753
4535 7752
4536 7751
4537 7750
4538 7749
4539 7748
4540 7747
4541 7746
4542 7745
4543 7744
4544 7743
4545 7742
4546 7741
4547 7740
4548 7739
4549 7738
4550 7737
4551 7736
4552 7735
4553 7734
4554 7733
4555 7732
4556 7731
4557 7730
4558 7729
4559 7728
4560 7727
4561 7726
4562 7725
4563 7724
4564 7723
4565 7722
4566 7721
4567 7720
4568 7719
4569 7718
4570 7717
4571 7716
4572 7715
4573 7714
4574 7713
4575 7712
4576 7711
4577 7710
4578 7709
4579 7708
4580 7707
4581 7706
4582 7705
4583 7704
4584 7703
4585 7702
4586 7701
4587 7700
4588 7699
4589 7698
4590 7697
4591 7696
4592 7695
4593 7694
4594 7693
4595 7692
4596 7691
4597 7690
4598 7689
4599 7688
4600 7687
4601 7686
4602 7685
4603 7684
4604 7683
4605 7682
4606 7681
4607 7680
4608 7679
4609 7678
4610 7677
4611 7676
4612 7675
4613 7674
4614 7673
4615 7672
4616 7671
4617 7670
4618 7669
4619 7668
4620 7667
4621 7666
4622 7665
4623 7664
4624 7663
4625 7662
4626 7661
4627 7660
4628 7659
4629 7658
4630 7657
4631 7656
4632 7655
4633 7654
4634 7653
4635 7652
4636 7651
4637 7650
4638 7649
4639 7648
4640 7647
4641 7646
4642 7645
4643 7644
4644 7643
4645 7642
4646 7641
4647 7640
4648 7639
4649 7638
4650 7637
4651 7636
4652 7635
4653 7634
4654 7633
4655 7632
4656 7631
4657 7630
4658 7629
4659 7628
4660 7627
4661 7626
4662 7625
4663 7624
4664 7623
4665 7622
4666 7621
4667 7620
4668 7619
4669 7618
4670 7617
4671 7616
4672 7615
4673 7614
4674 7613
4675 7612
4676 7611
4677 7610
4678 7609
4679 7608
4680 7607
4681 7606
4682 7605
4683 7604
4684 7603
4685 7602
4686 7601
4687 7600
4688 7599
4689 7598
4690 7597
4691 7596
4692 7595
4693 7594
4694 7593
4695 7592
4696 7591
4697 7590
4698 7589
4699 7588
4700 7587
4701 7586
4702 7585
4703 7584
4704 7583
4705 7582
4706 7581
4707 7580
4708 7579
4709 7578
4710 7577
4711 7576
4712 7575
4713 7574
4714 7573
4715 7572
4716 7571
4717 7570
4718 7569
4719 7568
4720 7567
4721 7566
4722 7565
4723 7564
4724 7563
4725 7562
4726 7561
4727 7560
4728 7559
4729 7558
4730 7557
4731 7556
4732 7555
4733 7554
4734 7553
4735 7552
4736 7551
4737 7550
4738 7549
4739 7548
4740 7547
4741 7546
4742 7545
4743 7544
4744 7543
4745 7542
4746 7541
4747 7540
4748 7539
4749 7538
4750 7537
4751 7536
4752 7535
4753 7534
4754 7533
4755 7532
4756 7531
4757 7530
4758 7529
4759 7528
4760 7527
4761 7526
4762 7525
4763 7524
4764 7523
4765 7522
4766 7521
4767 7520
4768 7519
4769 7518
4770 7517
4771 7516
4772 7515
4773 7514
4774 7513
4775 7512
4776 7511
4777 7510
4778 7509
4779 7508
4780 7507
4781 7506
4782 7505
4783 7504
4784 7503
4785 7502
4786 7501
4787 7500
4788 7499
4789 7498
4790 7497
4791 7496
4792 7495
4793 7494
4794 7493
4795 7492
4796 7491
4797 7490
4798 7489
4799 7488
4800 7487
4801 7486
4802 7485
4803 7484
4804 7483
4805 7482
4806 7481
4807 7480
4808 7479
4809 7478
4810 7477
4811 7476
4812 7475
4813 7474
4814 7473
4815 7472
4816 7471
4817 7470
4818 7469
4819 7468
4820 7467
4821 7466
4822 7465
4823 7464
4824 7463
4825 7462
4826 7461
4827 7460
4828 7459
4829 7458
4830 7457
4831 7456
4832 7455
4833 7454
4834 7453
4835 7452
4836 7451
4837 7450
4838 7449
4839 7448
4840 7447
4841 7446
4842 7445
4843 7444
4844 7443
4845 7442
4846 7441
4847 7440
4848 7439
4849 7438
4850 7437
4851 7436
4852 7435
4853 7434
4854 7433
4855 7432
4856 7431
4857 7430
4858 7429
4859 7428
4860 7427
4861 7426
4862 7425
4863 7424
4864 7423
4865 7422
4866 7421
4867 7420
4868 7419
4869 7418
4870 7417
4871 7416
4872 7415
4873 7414
4874 7413
4875 7412
4876 7411
4877 7410
4878 7409
4879 7408
4880 7407
4881 7406
4882 7405
4883 7404
4884 7403
4885 7402
4886 7401
4887 7400
4888 7399
4889 7398
4890 7397
4891 7396
4892 7395
4893 7394
4894 7393
4895 7392
4896 7391
4897 7390
4898 7389
4899 7388
4900 7387
4901 7386
4902 7385
4903 7384
4904 7383
4905 7382
4906 7381
4907 7380
4908 7379
4909 7378
4910 7377
4911 7376
4912 7375
4913 7374
4914 7373
4915 7372
4916 7371
4917 7370
4918 7369
4919 7368
4920 7367
4921 7366
4922 7365
4923 7364
4924 7363
4925 7362
4926 7361
4927 7360
4928 7359
4929 7358
4930 7357
4931 7356
4932 7355
4933 7354
4934 7353
4935 7352
4936 7351
4937 7350
4938 7349
4939 7348
4940 7347
4941 7346
4942 7345
4943 7344
4944 7343
4945 7342
4946 7341
4947 7340
4948 7339
4949 7338
4950 7337
4951 7336
4952 7335
4953 7334
4954 7333
4955 7332
4956 7331
4957 7330
4958 7329
4959 7328
4960 7327
4961 7326
4962 7325
4963 7324
4964 7323
4965 7322
4966 7321
4967 7320
4968 7319
4969 7318
4970 7317
4971 7316
4972 7315
4973 7314
4974 7313
4975 7312
4976 7311
4977 7310
4978 7309
4979 7308
4980 7307
4981 7306
4982 7305
4983 7304
4984 7303
4985 7302
4986 7301
4987 7300
4988 7299
4989 7298
4990 7297
4991 7296
4992 7295
4993 7294
4994 7293
4995 7292
4996 7291
4997 7290
4998 7289
4999 7288
5000 7287
5001 7286
5002 7285
5003 7284
5004 7283
5005 7282
5006 7281
5007 7280
5008 7279
5009 7278
5010 7277
5011 7276
5012 7275
5013 7274
5014 7273
5015 7272
5016 7271
5017 7270
5018 7269
5019 7268
5020 7267
5021 7266
5022 7265
5023 7264
5024 7263
5025 7262
5026 7261
5027 7260
5028 7259
5029 7258
5030 7257
5031 7256
5032 7255
5033 7254
5034 7253
5035 7252
5036 7251
5037 7250
5038 7249
5039 7248
5040 7247
5041 7246
5042 7245
5043 7244
5044 7243
5045 7242
5046 7241
5047 7240
5048 7239
5049 7238
5050 7237
5051 7236
5052 7235
5053 7234
5054 7233
5055 7232
5056 7231
5057 7230
5058 7229
5059 7228
5060 7227
5061 7226
5062 7225
5063 7224
5064 7223
5065 7222
5066 7221
5067 7220
5068 7219
5069 7218
5070 7217
5071 7216
5072 7215
5073 7214
5074 7213
5075 7212
5076 7211
5077 7210
5078 7209
5079 7208
5080 7207
5081 7206
5082 7205
5083 7204
5084 7203
5085 7202
5086 7201
5087 7200
5088 7199
5089 7198
5090 7197
5091 7196
5092 7195
5093 7194
5094 7193
5095 7192
5096 7191
5097 7190
5098 7189
5099 7188
5100 7187
5101 7186
5102 7185
5103 7184
5104 7183
5105 7182
5106 7181
5107 7180
5108 7179
5109 7178
5110 7177
5111 7176
5112 7175
5113 7174
5114 7173
5115 7172
5116 7171
5117 7170
5118 7169
5119 7168
5120 7167
5121 7166
5122 7165
5123 7164
5124 7163
5125 7162
5126 7161
5127 7160
5128 7159
5129 7158
5130 7157
5131 7156
5132 7155
5133 7154
5134 7153
5135 7152
5136 7151
5137 7150
5138 7149
5139 7148
5140 7147
5141 7146
5142 7145
5143 7144
5144 7143
5145 7142
5146 7141
5147 7140
5148 7139
5149 7138
5150 7137
5151 7136
5152 7135
5153 7134
5154 7133
5155 7132
5156 7131
5157 7130
5158 7129
5159 7128
5160 7127
5161 7126
5162 7125
5163 7124
5164 7123
5165 7122
5166 7121
5167 7120
5168 7119
5169 7118
5170 7117
5171 7116
5172 7115
5173 7114
5174 7113
5175 7112
5176 7111
5177 7110
5178 7109
5179 7108
5180 7107
5181 7106
5182 7105
5183 7104
5184 7103
5185 7102
5186 7101
5187 7100
5188 7099
5189 7098
5190 7097
5191 7096
5192 7095
5193 7094
5194 7093
5195 7092
5196 7091
5197 7090
5198 7089
5199 7088
5200 7087
5201 7086
5202 7085
5203 7084
5204 7083
5205 7082
5206 7081
5207 7080
5208 7079
5209 7078
5210 7077
5211 7076
5212 7075
5213 7074
5214 7073
5215 7072
5216 7071
5217 7070
5218 7069
5219 7068
5220 7067
5221 7066
5222 7065
5223 7064
5224 7063
5225 7062
5226 7061
5227 7060
5228 7059
5229 7058
5230 7057
5231 7056
5232 7055
5233 7054
5234 7053
5235 7052
5236 7051
5237 7050
5238 7049
5239 7048
5240 7047
5241 7046
5242 7045
5243 7044
5244 7043
5245 7042
5246 7041
5247 7040
5248 7039
5249 7038
5250 7037
5251 7036
5252 7035
5253 7034
5254 7033
5255 7032
5256 7031
5257 7030
5258 7029
5259 7028
5260 7027
5261 7026
5262 7025
5263 7024
5264 7023
5265 7022
5266 7021
5267 7020
5268 7019
5269 7018
5270 7017
5271 7016
5272 7015
5273 7014
5274 7013
5275 7012
5276 7011
5277 7010
5278 7009
5279 7008
5280 7007
5281 7006
5282 7005
5283 7004
5284 7003
5285 7002
5286 7001
5287 7000
5288 6999
5289 6998
5290 6997
5291 6996
5292 6995
5293 6994
5294 6993
5295 6992
5296 6991
5297 6990
5298 6989
5299 6988
5300 6987
5301 6986
5302 6985
5303 6984
5304 6983
5305 6982
5306 6981
5307 6980
5308 6979
5309 6978
5310 6977
5311 6976
5312 6975
5313 6974
5314 6973
5315 6972
5316 6971
5317 6970
5318 6969
5319 6968
5320 6967
5321 6966
5322 6965
5323 6964
5324 6963
5325 6962
5326 6961
5327 6960
5328 6959
5329 6958
5330 6957
5331 6956
5332 6955
5333 6954
5334 6953
5335 6952
5336 6951
5337 6950
5338 6949
5339 6948
5340 6947
5341 6946
5342 6945
5343 6944
5344 6943
5345 6942
5346 6941
5347 6940
5348 6939
5349 6938
5350 6937
5351 6936
5352 6935
5353 6934
5354 6933
5355 6932
5356 6931
5357 6930
5358 6929
5359 6928
5360 6927
5361 6926
5362 6925
5363 6924
5364 6923
5365 6922
5366 6921
5367 6920
5368 6919
5369 6918
5370 6917
5371 6916
5372 6915
5373 6914
5374 6913
5375 6912
5376 6911
5377 6910
5378 6909
5379 6908
5380 6907
5381 6906
5382 6905
5383 6904
5384 6903
5385 6902
5386 6901
5387 6900
5388 6899
5389 6898
5390 6897
5391 6896
5392 6895
5393 6894
5394 6893
5395 6892
5396 6891
5397 6890
5398 6889
5399 6888
5400 6887
5401 6886
5402 6885
5403 6884
5404 6883
5405 6882
5406 6881
5407 6880
5408 6879
5409 6878
5410 6877
5411 6876
5412 6875
5413 6874
5414 6873
5415 6872
5416 6871
5417 6870
5418 6869
5419 6868
5420 6867
5421 6866
5422 6865
5423 6864
5424 6863
5425 6862
5426 6861
5427 6860
5428 6859
5429 6858
5430 6857
5431 6856
5432 6855
5433 6854
5434 6853
5435 6852
5436 6851
5437 6850
5438 6849
5439 6848
5440 6847
5441 6846
5442 6845
5443 6844
5444 6843
5445 6842
5446 6841
5447 6840
5448 6839
5449 6838
5450 6837
5451 6836
5452 6835
5453 6834
5454 6833
5455 6832
5456 6831
5457 6830
5458 6829
5459 6828
5460 6827
5461 6826
5462 6825
5463 6824
5464 6823
5465 6822
5466 6821
5467 6820
5468 6819
5469 6818
5470 6817
5471 6816
5472 6815
5473 6814
5474 6813
5475 6812
5476 6811
5477 6810
5478 6809
5479 6808
5480 6807
5481 6806
5482 6805
5483 6804
5484 6803
5485 6802
5486 6801
5487 6800
5488 6799
5489 6798
5490 6797
5491 6796
5492 6795
5493 6794
5494 6793
5495 6792
5496 6791
5497 6790
5498 6789
5499 6788
5500 6787
5501 6786
5502 6785
5503 6784
5504 6783
5505 6782
5506 6781
5507 6780
5508 6779
5509 6778
5510 6777
5511 6776
5512 6775
5513 6774
5514 6773
5515 6772
5516 6771
5517 6770
5518 6769
5519 6768
5520 6767
5521 6766
5522 6765
5523 6764
5524 6763
5525 6762
5526 6761
5527 6760
5528 6759
5529 6758
5530 6757
5531 6756
5532 6755
5533 6754
5534 6753
5535 6752
5536 6751
5537 6750
5538 6749
5539 6748
5540 6747
5541 6746
5542 6745
5543 6744
5544 6743
5545 6742
5546 6741
5547 6740
5548 6739
5549 6738
5550 6737
5551 6736
5552 6735
5553 6734
5554 6733
5555 6732
5556 6731
5557 6730
5558 6729
5559 6728
5560 6727
5561 6726
5562 6725
5563 6724
5564 6723
5565 6722
5566 6721
5567 6720
5568 6719
5569 6718
5570 6717
5571 6716
5572 6715
5573 6714
5574 6713
5575 6712
5576 6711
5577 6710
5578 6709
5579 6708
5580 6707
5581 6706
5582 6705
5583 6704
5584 6703
5585 6702
5586 6701
5587 6700
5588 6699
5589 6698
5590 6697
5591 6696
5592 6695
5593 6694
5594 6693
5595 6692
5596 6691
5597 6690
5598 6689
5599 6688
5600 6687
5601 6686
5602 6685
5603 6684
5604 6683
5605 6682
5606 6681
5607 6680
5608 6679
5609 6678
5610 6677
5611 6676
5612 6675
5613 6674
5614 6673
5615 6672
5616 6671
5617 6670
5618 6669
5619 6668
5620 6667
5621 6666
5622 6665
5623 6664
5624 6663
5625 6662
5626 6661
5627 6660
5628 6659
5629 6658
5630 6657
5631 6656
5632 6655
5633 6654
5634 6653
5635 6652
5636 6651
5637 6650
5638 6649
5639 6648
5640 6647
5641 6646
5642 6645
5643 6644
5644 6643
5645 6642
5646 6641
5647 6640
5648 6639
5649 6638
5650 6637
5651 6636
5652 6635
5653 6634
5654 6633
5655 6632
5656 6631
5657 6630
5658 6629
5659 6628
5660 6627
5661 6626
5662 6625
5663 6624
5664 6623
5665 6622
5666 6621
5667 6620
5668 6619
5669 6618
5670 6617
5671 6616
5672 6615
5673 6614
5674 6613
5675 6612
5676 6611
5677 6610
5678 6609
5679 6608
5680 6607
5681 6606
5682 6605
5683 6604
5684 6603
5685 6602
5686 6601
5687 6600
5688 6599
5689 6598
5690 6597
5691 6596
5692 6595
5693 6594
5694 6593
5695 6592
5696 6591
5697 6590
5698 6589
5699 6588
5700 6587
5701 6586
5702 6585
5703 6584
5704 6583
5705 6582
5706 6581
5707 6580
5708 6579
5709 6578
5710 6577
5711 6576
5712 6575
5713 6574
5714 6573
5715 6572
5716 6571
5717 6570
5718 6569
5719 6568
5720 6567
5721 6566
5722 6565
5723 6564
5724 6563
5725 6562
5726 6561
5727 6560
5728 6559
5729 6558
5730 6557
5731 6556
5732 6555
5733 6554
5734 6553
5735 6552
5736 6551
5737 6550
5738 6549
5739 6548
5740 6547
5741 6546
5742 6545
5743 6544
5744 6543
5745 6542
5746 6541
5747 6540
5748 6539
5749 6538
5750 6537
5751 6536
5752 6535
5753 6534
5754 6533
5755 6532
5756 6531
5757 6530
5758 6529
5759 6528
5760 6527
5761 6526
5762 6525
5763 6524
5764 6523
5765 6522
5766 6521
5767 6520
5768 6519
5769 6518
5770 6517
5771 6516
5772 6515
5773 6514
5774 6513
5775 6512
5776 6511
5777 6510
5778 6509
5779 6508
5780 6507
5781 6506
5782 6505
5783 6504
5784 6503
5785 6502
5786 6501
5787 6500
5788 6499
5789 6498
5790 6497
5791 6496
5792 6495
5793 6494
5794 6493
5795 6492
5796 6491
5797 6490
5798 6489
5799 6488
5800 6487
5801 6486
5802 6485
5803 6484
5804 6483
5805 6482
5806 6481
5807 6480
5808 6479
5809 6478
5810 6477
5811 6476
5812 6475
5813 6474
5814 6473
5815 6472
5816 6471
5817 6470
5818 6469
5819 6468
5820 6467
5821 6466
5822 6465
5823 6464
5824 6463
5825 6462
5826 6461
5827 6460
5828 6459
5829 6458
5830 6457
5831 6456
5832 6455
5833 6454
5834 6453
5835 6452
5836 6451
5837 6450
5838 6449
5839 6448
5840 6447
5841 6446
5842 6445
5843 6444
5844 6443
5845 6442
5846 6441
5847 6440
5848 6439
5849 6438
5850 6437
5851 6436
5852 6435
5853 6434
5854 6433
5855 6432
5856 6431
5857 6430
5858 6429
5859 6428
5860 6427
5861 6426
5862 6425
5863 6424
5864 6423
5865 6422
5866 6421
5867 6420
5868 6419
5869 6418
5870 6417
5871 6416
5872 6415
5873 6414
5874 6413
5875 6412
5876 6411
5877 6410
5878 6409
5879 6408
5880 6407
5881 6406
5882 6405
5883 6404
5884 6403
5885 6402
5886 6401
5887 6400
5888 6399
5889 6398
5890 6397
5891 6396
5892 6395
5893 6394
5894 6393
5895 6392
5896 6391
5897 6390
5898 6389
5899 6388
5900 6387
5901 6386
5902 6385
5903 6384
5904 6383
5905 6382
5906 6381
5907 6380
5908 6379
5909 6378
5910 6377
5911 6376
5912 6375
5913 6374
5914 6373
5915 6372
5916 6371
5917 6370
5918 6369
5919 6368
5920 6367
5921 6366
5922 6365
5923 6364
5924 6363
5925 6362
5926 6361
5927 6360
5928 6359
5929 6358
5930 6357
5931 6356
5932 6355
5933 6354
5934 6353
5935 6352
5936 6351
5937 6350
5938 6349
5939 6348
5940 6347
5941 6346
5942 6345
5943 6344
5944 6343
5945 6342
5946 6341
5947 6340
5948 6339
5949 6338
5950 6337
5951 6336
5952 6335
5953 6334
5954 6333
5955 6332
5956 6331
5957 6330
5958 6329
5959 6328
5960 6327
5961 6326
5962 6325
5963 6324
5964 6323
5965 6322
5966 6321
5967 6320
5968 6319
5969 6318
5970 6317
5971 6316
5972 6315
5973 6314
5974 6313
5975 6312
5976 6311
5977 6310
5978 6309
5979 6308
5980 6307
5981 6306
5982 6305
5983 6304
5984 6303
5985 6302
5986 6301
5987 6300
5988 6299
5989 6298
5990 6297
5991 6296
5992 6295
5993 6294
5994 6293
5995 6292
5996 6291
5997 6290
5998 6289
5999 6288
6000 6287
6001 6286
6002 6285
6003 6284
6004 6283
6005 6282
6006 6281
6007 6280
6008 6279
6009 6278
6010 6277
6011 6276
6012 6275
6013 6274
6014 6273
6015 6272
6016 6271
6017 6270
6018 6269
6019 6268
6020 6267
6021 6266
6022 6265
6023 6264
6024 6263
6025 6262
6026 6261
6027 6260
6028 6259
6029 6258
6030 6257
6031 6256
6032 6255
6033 6254
6034 6253
6035 6252
6036 6251
6037 6250
6038 6249
6039 6248
6040 6247
6041 6246
6042 6245
6043 6244
6044 6243
6045 6242
6046 6241
6047 6240
6048 6239
6049 6238
6050 6237
6051 6236
6052 6235
6053 6234
6054 6233
6055 6232
6056 6231
6057 6230
6058 6229
6059 6228
6060 6227
6061 6226
6062 6225
6063 6224
6064 6223
6065 6222
6066 6221
6067 6220
6068 6219
6069 6218
6070 6217
6071 6216
6072 6215
6073 6214
6074 6213
6075 6212
6076 6211
6077 6210
6078 6209
6079 6208
6080 6207
6081 6206
6082 6205
6083 6204
6084 6203
6085 6202
6086 6201
6087 6200
6088 6199
6089 6198
6090 6197
6091 6196
6092 6195
6093 6194
6094 6193
6095 6192
6096 6191
6097 6190
6098 6189
6099 6188
6100 6187
6101 6186
6102 6185
6103 6184
6104 6183
6105 6182
6106 6181
6107 6180
6108 6179
6109 6178
6110 6177
6111 6176
6112 6175
6113 6174
6114 6173
6115 6172
6116 6171
6117 6170
6118 6169
6119 6168
6120 6167
6121 6166
6122 6165
6123 6164
6124 6163
6125 6162
6126 6161
6127 6160
6128 6159
6129 6158
6130 6157
6131 6156
6132 6155
6133 6154
6134 6153
6135 6152
6136 6151
6137 6150
6138 6149
6139 6148
6140 6147
6141 6146
6142 6145
6143 6144
6144 6143
6145 6142
6146 6141
6147 6140
6148 6139
6149 6138
6150 6137
6151 6136
6152 6135
6153 6134
6154 6133
6155 6132
6156 6131
6157 6130
6158 6129
6159 6128
6160 6127
6161 6126
6162 6125
6163 6124
6164 6123
6165 6122
6166 6121
6167 6120
6168 6119
6169 6118
6170 6117
6171 6116
6172 6115
6173 6114
6174 6113
6175 6112
6176 6111
6177 6110
6178 6109
6179 6108
6180 6107
6181 6106
6182 6105
6183 6104
6184 6103
6185 6102
6186 6101
6187 6100
6188 6099
6189 6098
6190 6097
6191 6096
6192 6095
6193 6094
6194 6093
6195 6092
6196 6091
6197 6090
6198 6089
6199 6088
6200 6087
6201 6086
6202 6085
6203 6084
6204 6083
6205 6082
6206 6081
6207 6080
6208 6079
6209 6078
6210 6077
6211 6076
6212 6075
6213 6074
6214 6073
6215 6072
6216 6071
6217 6070
6218 6069
6219 6068
6220 6067
6221 6066
6222 6065
6223 6064
6224 6063
6225 6062
6226 6061
6227 6060
6228 6059
6229 6058
6230 6057
6231 6056
6232 6055
6233 6054
6234 6053
6235 6052
6236 6051
6237 6050
6238 6049
6239 6048
6240 6047
6241 6046
6242 6045
6243 6044
6244 6043
6245 6042
6246 6041
6247 6040
6248 6039
6249 6038
6250 6037
6251 6036
6252 6035
6253 6034
6254 6033
6255 6032
6256 6031
6257 6030
6258 6029
6259 6028
6260 6027
6261 6026
6262 6025
6263 6024
6264 6023
6265 6022
6266 6021
6267 6020
6268 6019
6269 6018
6270 6017
6271 6016
6272 6015
6273 6014
6274 6013
6275 6012
6276 6011
6277 6010
6278 6009
6279 6008
6280 6007
6281 6006
6282 6005
6283 6004
6284 6003
6285 6002
6286 6001
6287 6000
6288 5999
6289 5998
6290 5997
6291 5996
6292 5995
6293 5994
6294 5993
6295 5992
6296 5991
6297 5990
6298 5989
6299 5988
6300 5987
6301 5986
6302 5985
6303 5984
6304 5983
6305 5982
6306 5981
6307 5980
6308 5979
6309 5978
6310 5977
6311 5976
6312 5975
6313 5974
6314 5973
6315 5972
6316 5971
6317 5970
6318 5969
6319 5968
6320 5967
6321 5966
6322 5965
6323 5964
6324 5963
6325 5962
6326 5961
6327 5960
6328 5959
6329 5958
6330 5957
6331 5956
6332 5955
6333 5954
6334 5953
6335 5952
6336 5951
6337 5950
6338 5949
6339 5948
6340 5947
6341 5946
6342 5945
6343 5944
6344 5943
6345 5942
6346 5941
6347 5940
6348 5939
6349 5938
6350 5937
6351 5936
6352 5935
6353 5934
6354 5933
6355 5932
6356 5931
6357 5930
6358 5929
6359 5928
6360 5927
6361 5926
6362 5925
6363 5924
6364 5923
6365 5922
6366 5921
6367 5920
6368 5919
6369 5918
6370 5917
6371 5916
6372 5915
6373 5914
6374 5913
6375 5912
6376 5911
6377 5910
6378 5909
6379 5908
6380 5907
6381 5906
6382 5905
6383 5904
6384 5903
6385 5902
6386 5901
6387 5900
6388 5899
6389 5898
6390 5897
6391 5896
6392 5895
6393 5894
6394 5893
6395 5892
6396 5891
6397 5890
6398 5889
6399 5888
6400 5887
6401 5886
6402 5885
6403 5884
6404 5883
6405 5882
6406 5881
6407 5880
6408 5879
6409 5878
6410 5877
6411 5876
6412 5875
6413 5874
6414 5873
6415 5872
6416 5871
6417 5870
6418 5869
6419 5868
6420 5867
6421 5866
6422 5865
6423 5864
6424 5863
6425 5862
6426 5861
6427 5860
6428 5859
6429 5858
6430 5857
6431 5856
6432 5855
6433 5854
6434 5853
6435 5852
6436 5851
6437 5850
6438 5849
6439 5848
6440 5847
6441 5846
6442 5845
6443 5844
6444 5843
6445 5842
6446 5841
6447 5840
6448 5839
6449 5838
6450 5837
6451 5836
6452 5835
6453 5834
6454 5833
6455 5832
6456 5831
6457 5830
6458 5829
6459 5828
6460 5827
6461 5826
6462 5825
6463 5824
6464 5823
6465 5822
6466 5821
6467 5820
6468 5819
6469 5818
6470 5817
6471 5816
6472 5815
6473 5814
6474 5813
6475 5812
6476 5811
6477 5810
6478 5809
6479 5808
6480 5807
6481 5806
6482 5805
6483 5804
6484 5803
6485 5802
6486 5801
6487 5800
6488 5799
6489 5798
6490 5797
6491 5796
6492 5795
6493 5794
6494 5793
6495 5792
6496 5791
6497 5790
6498 5789
6499 5788
6500 5787
6501 5786
6502 5785
6503 5784
6504 5783
6505 5782
6506 5781
6507 5780
6508 5779
6509 5778
6510 5777
6511 5776
6512 5775
6513 5774
6514 5773
6515 5772
6516 5771
6517 5770
6518 5769
6519 5768
6520 5767
6521 5766
6522 5765
6523 5764
6524 5763
6525 5762
6526 5761
6527 5760
6528 5759
6529 5758
6530 5757
6531 5756
6532 5755
6533 5754
6534 5753
6535 5752
6536 5751
6537 5750
6538 5749
6539 5748
6540 5747
6541 5746
6542 5745
6543 5744
6544 5743
6545 5742
6546 5741
6547 5740
6548 5739
6549 5738
6550 5737
6551 5736
6552 5735
6553 5734
6554 5733
6555 5732
6556 5731
6557 5730
6558 5729
6559 5728
6560 5727
6561 5726
6562 5725
6563 5724
6564 5723
6565 5722
6566 5721
6567 5720
6568 5719
6569 5718
6570 5717
6571 5716
6572 5715
6573 5714
6574 5713
6575 5712
6576 5711
6577 5710
6578 5709
6579 5708
6580 5707
6581 5706
6582 5705
6583 5704
6584 5703
6585 5702
6586 5701
6587 5700
6588 5699
6589 5698
6590 5697
6591 5696
6592 5695
6593 5694
6594 5693
6595 5692
6596 5691
6597 5690
6598 5689
6599 5688
6600 5687
6601 5686
6602 5685
6603 5684
6604 5683
6605 5682
6606 5681
6607 5680
6608 5679
6609 5678
6610 5677
6611 5676
6612 5675
6613 5674
6614 5673
6615 5672
6616 5671
6617 5670
6618 5669
6619 5668
6620 5667
6621 5666
6622 5665
6623 5664
6624 5663
6625 5662
6626 5661
6627 5660
6628 5659
6629 5658
6630 5657
6631 5656
6632 5655
6633 5654
6634 5653
6635 5652
6636 5651
6637 5650
6638 5649
6639 5648
6640 5647
6641 5646
6642 5645
6643 5644
6644 5643
6645 5642
6646 5641
6647 5640
6648 5639
6649 5638
6650 5637
6651 5636
6652 5635
6653 5634
6654 5633
6655 5632
6656 5631
6657 5630
6658 5629
6659 5628
6660 5627
6661 5626
6662 5625
6663 5624
6664 5623
6665 5622
6666 5621
6667 5620
6668 5619
6669 5618
6670 5617
6671 5616
6672 5615
6673 5614
6674 5613
6675 5612
6676 5611
6677 5610
6678 5609
6679 5608
6680 5607
6681 5606
6682 5605
6683 5604
6684 5603
6685 5602
6686 5601
6687 5600
6688 5599
6689 5598
6690 5597
6691 5596
6692 5595
6693 5594
6694 5593
6695 5592
6696 5591
6697 5590
6698 5589
6699 5588
6700 5587
6701 5586
6702 5585
6703 5584
6704 5583
6705 5582
6706 5581
6707 5580
6708 5579
6709 5578
6710 5577
6711 5576
6712 5575
6713 5574
6714 5573
6715 5572
6716 5571
6717 5570
6718 5569
6719 5568
6720 5567
6721 5566
6722 5565
6723 5564
6724 5563
6725 5562
6726 5561
6727 5560
6728 5559
6729 5558
6730 5557
6731 5556
6732 5555
6733 5554
6734 5553
6735 5552
6736 5551
6737 5550
6738 5549
6739 5548
6740 5547
6741 5546
6742 5545
6743 5544
6744 5543
6745 5542
6746 5541
6747 5540
6748 5539
6749 5538
6750 5537
6751 5536
6752 5535
6753 5534
6754 5533
6755 5532
6756 5531
6757 5530
6758 5529
6759 5528
6760 5527
6761 5526
6762 5525
6763 5524
6764 5523
6765 5522
6766 5521
6767 5520
6768 5519
6769 5518
6770 5517
6771 5516
6772 5515
6773 5514
6774 5513
6775 5512
6776 5511
6777 5510
6778 5509
6779 5508
6780 5507
6781 5506
6782 5505
6783 5504
6784 5503
6785 5502
6786 5501
6787 5500
6788 5499
6789 5498
6790 5497
6791 5496
6792 5495
6793 5494
6794 5493
6795 5492
6796 5491
6797 5490
6798 5489
6799 5488
6800 5487
6801 5486
6802 5485
6803 5484
6804 5483
6805 5482
6806 5481
6807 5480
6808 5479
6809 5478
6810 5477
6811 5476
6812 5475
6813 5474
6814 5473
6815 5472
6816 5471
6817 5470
6818 5469
6819 5468
6820 5467
6821 5466
6822 5465
6823 5464
6824 5463
6825 5462
6826 5461
6827 5460
6828 5459
6829 5458
6830 5457
6831 5456
6832 5455
6833 5454
6834 5453
6835 5452
6836 5451
6837 5450
6838 5449
6839 5448
6840 5447
6841 5446
6842 5445
6843 5444
6844 5443
6845 5442
6846 5441
6847 5440
6848 5439
6849 5438
6850 5437
6851 5436
6852 5435
6853 5434
6854 5433
6855 5432
6856 5431
6857 5430
6858 5429
6859 5428
6860 5427
6861 5426
6862 5425
6863 5424
6864 5423
6865 5422
6866 5421
6867 5420
6868 5419
6869 5418
6870 5417
6871 5416
6872 5415
6873 5414
6874 5413
6875 5412
6876 5411
6877 5410
6878 5409
6879 5408
6880 5407
6881 5406
6882 5405
6883 5404
6884 5403
6885 5402
6886 5401
6887 5400
6888 5399
6889 5398
6890 5397
6891 5396
6892 5395
6893 5394
6894 5393
6895 5392
6896 5391
6897 5390
6898 5389
6899 5388
6900 5387
6901 5386
6902 5385
6903 5384
6904 5383
6905 5382
6906 5381
6907 5380
6908 5379
6909 5378
6910 5377
6911 5376
6912 5375
6913 5374
6914 5373
6915 5372
6916 5371
6917 5370
6918 5369
6919 5368
6920 5367
6921 5366
6922 5365
6923 5364
6924 5363
6925 5362
6926 5361
6927 5360
6928 5359
6929 5358
6930 5357
6931 5356
6932 5355
6933 5354
6934 5353
6935 5352
6936 5351
6937 5350
6938 5349
6939 5348
6940 5347
6941 5346
6942 5345
6943 5344
6944 5343
6945 5342
6946 5341
6947 5340
6948 5339
6949 5338
6950 5337
6951 5336
6952 5335
6953 5334
6954 5333
6955 5332
6956 5331
6957 5330
6958 5329
6959 5328
6960 5327
6961 5326
6962 5325
6963 5324
6964 5323
6965 5322
6966 5321
6967 5320
6968 5319
6969 5318
6970 5317
6971 5316
6972 5315
6973 5314
6974 5313
6975 5312
6976 5311
6977 5310
6978 5309
6979 5308
6980 5307
6981 5306
6982 5305
6983 5304
6984 5303
6985 5302
6986 5301
6987 5300
6988 5299
6989 5298
6990 5297
6991 5296
6992 5295
6993 5294
6994 5293
6995 5292
6996 5291
6997 5290
6998 5289
6999 5288
7000 5287
7001 5286
7002 5285
7003 5284
7004 5283
7005 5282
7006 5281
7007 5280
7008 5279
7009 5278
7010 5277
7011 5276
7012 5275
7013 5274
7014 5273
7015 5272
7016 5271
7017 5270
7018 5269
7019 5268
7020 5267
7021 5266
7022 5265
7023 5264
7024 5263
7025 5262
7026 5261
7027 5260
7028 5259
7029 5258
7030 5257
7031 5256
7032 5255
7033 5254
7034 5253
7035 5252
7036 5251
7037 5250
7038 5249
7039 5248
7040 5247
7041 5246
7042 5245
7043 5244
7044 5243
7045 5242
7046 5241
7047 5240
7048 5239
7049 5238
7050 5237
7051 5236
7052 5235
7053 5234
7054 5233
7055 5232
7056 5231
7057 5230
7058 5229
7059 5228
7060 5227
7061 5226
7062 5225
7063 5224
7064 5223
7065 5222
7066 5221
7067 5220
7068 5219
7069 5218
7070 5217
7071 5216
7072 5215
7073 5214
7074 5213
7075 5212
7076 5211
7077 5210
7078 5209
7079 5208
7080 5207
7081 5206
7082 5205
7083 5204
7084 5203
7085 5202
7086 5201
7087 5200
7088 5199
7089 5198
7090 5197
7091 5196
7092 5195
7093 5194
7094 5193
7095 5192
7096 5191
7097 5190
7098 5189
7099 5188
7100 5187
7101 5186
7102 5185
7103 5184
7104 5183
7105 5182
7106 5181
7107 5180
7108 5179
7109 5178
7110 5177
7111 5176
7112 5175
7113 5174
7114 5173
7115 5172
7116 5171
7117 5170
7118 5169
7119 5168
7120 5167
7121 5166
7122 5165
7123 5164
7124 5163
7125 5162
7126 5161
7127 5160
7128 5159
7129 5158
7130 5157
7131 5156
7132 5155
7133 5154
7134 5153
7135 5152
7136 5151
7137 5150
7138 5149
7139 5148
7140 5147
7141 5146
7142 5145
7143 5144
7144 5143
7145 5142
7146 5141
7147 5140
7148 5139
7149 5138
7150 5137
7151 5136
7152 5135
7153 5134
7154 5133
7155 5132
7156 5131
7157 5130
7158 5129
7159 5128
7160 5127
7161 5126
7162 5125
7163 5124
7164 5123
7165 5122
7166 5121
7167 5120
7168 5119
7169 5118
7170 5117
7171 5116
7172 5115
7173 5114
7174 5113
7175 5112
7176 5111
7177 5110
7178 5109
7179 5108
7180 5107
7181 5106
7182 5105
7183 5104
7184 5103
7185 5102
7186 5101
7187 5100
7188 5099
7189 5098
7190 5097
7191 5096
7192 5095
7193 5094
7194 5093
7195 5092
7196 5091
7197 5090
7198 5089
7199 5088
7200 5087
7201 5086
7202 5085
7203 5084
7204 5083
7205 5082
7206 5081
7207 5080
7208 5079
7209 5078
7210 5077
7211 5076
7212 5075
7213 5074
7214 5073
7215 5072
7216 5071
7217 5070
7218 5069
7219 5068
7220 5067
7221 5066
7222 5065
7223 5064
7224 5063
7225 5062
7226 5061
7227 5060
7228 5059
7229 5058
7230 5057
7231 5056
7232 5055
7233 5054
7234 5053
7235 5052
7236 5051
7237 5050
7238 5049
7239 5048
7240 5047
7241 5046
7242 5045
7243 5044
7244 5043
7245 5042
7246 5041
7247 5040
7248 5039
7249 5038
7250 5037
7251 5036
7252 5035
7253 5034
7254 5033
7255 5032
7256 5031
7257 5030
7258 5029
7259 5028
7260 5027
7261 5026
7262 5025
7263 5024
7264 5023
7265 5022
7266 5021
7267 5020
7268 5019
7269 5018
7270 5017
7271 5016
7272 5015
7273 5014
7274 5013
7275 5012
7276 5011
7277 5010
7278 5009
7279 5008
7280 5007
7281 5006
7282 5005
7283 5004
7284 5003
7285 5002
7286 5001
7287 5000
7288 4999
7289 4998
7290 4997
7291 4996
7292 4995
7293 4994
7294 4993
7295 4992
7296 4991
7297 4990
7298 4989
7299 4988
7300 4987
7301 4986
7302 4985
7303 4984
7304 4983
7305 4982
7306 4981
7307 4980
7308 4979
7309 4978
7310 4977
7311 4976
7312 4975
7313 4974
7314 4973
7315 4972
7316 4971
7317 4970
7318 4969
7319 4968
7320 4967
7321 4966
7322 4965
7323 4964
7324 4963
7325 4962
7326 4961
7327 4960
7328 4959
7329 4958
7330 4957
7331 4956
7332 4955
7333 4954
7334 4953
7335 4952
7336 4951
7337 4950
7338 4949
7339 4948
7340 4947
7341 4946
7342 4945
7343 4944
7344 4943
7345 4942
7346 4941
7347 4940
7348 4939
7349 4938
7350 4937
7351 4936
7352 4935
7353 4934
7354 4933
7355 4932
7356 4931
7357 4930
7358 4929
7359 4928
7360 4927
7361 4926
7362 4925
7363 4924
7364 4923
7365 4922
7366 4921
7367 4920
7368 4919
7369 4918
7370 4917
7371 4916
7372 4915
7373 4914
7374 4913
7375 4912
7376 4911
7377 4910
7378 4909
7379 4908
7380 4907
7381 4906
7382 4905
7383 4904
7384 4903
7385 4902
7386 4901
7387 4900
7388 4899
7389 4898
7390 4897
7391 4896
7392 4895
7393 4894
7394 4893
7395 4892
7396 4891
7397 4890
7398 4889
7399 4888
7400 4887
7401 4886
7402 4885
7403 4884
7404 4883
7405 4882
7406 4881
7407 4880
7408 4879
7409 4878
7410 4877
7411 4876
7412 4875
7413 4874
7414 4873
7415 4872
7416 4871
7417 4870
7418 4869
7419 4868
7420 4867
7421 4866
7422 4865
7423 4864
7424 4863
7425 4862
7426 4861
7427 4860
7428 4859
7429 4858
7430 4857
7431 4856
7432 4855
7433 4854
7434 4853
7435 4852
7436 4851
7437 4850
7438 4849
7439 4848
7440 4847
7441 4846
7442 4845
7443 4844
7444 4843
7445 4842
7446 4841
7447 4840
7448 4839
7449 4838
7450 4837
7451 4836
7452 4835
7453 4834
7454 4833
7455 4832
7456 4831
7457 4830
7458 4829
7459 4828
7460 4827
7461 4826
7462 4825
7463 4824
7464 4823
7465 4822
7466 4821
7467 4820
7468 4819
7469 4818
7470 4817
7471 4816
7472 4815
7473 4814
7474 4813
7475 4812
7476 4811
7477 4810
7478 4809
7479 4808
7480 4807
7481 4806
7482 4805
7483 4804
7484 4803
7485 4802
7486 4801
7487 4800
7488 4799
7489 4798
7490 4797
7491 4796
7492 4795
7493 4794
7494 4793
7495 4792
7496 4791
7497 4790
7498 4789
7499 4788
7500 4787
7501 4786
7502 4785
7503 4784
7504 4783
7505 4782
7506 4781
7507 4780
7508 4779
7509 4778
7510 4777
7511 4776
7512 4775
7513 4774
7514 4773
7515 4772
7516 4771
7517 4770
7518 4769
7519 4768
7520 4767
7521 4766
7522 4765
7523 4764
7524 4763
7525 4762
7526 4761
7527 4760
7528 4759
7529 4758
7530 4757
7531 4756
7532 4755
7533 4754
7534 4753
7535 4752
7536 4751
7537 4750
7538 4749
7539 4748
7540 4747
7541 4746
7542 4745
7543 4744
7544 4743
7545 4742
7546 4741
7547 4740
7548 4739
7549 4738
7550 4737
7551 4736
7552 4735
7553 4734
7554 4733
7555 4732
7556 4731
7557 4730
7558 4729
7559 4728
7560 4727
7561 4726
7562 4725
7563 4724
7564 4723
7565 4722
7566 4721
7567 4720
7568 4719
7569 4718
7570 4717
7571 4716
7572 4715
7573 4714
7574 4713
7575 4712
7576 4711
7577 4710
7578 4709
7579 4708
7580 4707
7581 4706
7582 4705
7583 4704
7584 4703
7585 4702
7586 4701
7587 4700
7588 4699
7589 4698
7590 4697
7591 4696
7592 4695
7593 4694
7594 4693
7595 4692
7596 4691
7597 4690
7598 4689
7599 4688
7600 4687
7601 4686
7602 4685
7603 4684
7604 4683
7605 4682
7606 4681
7607 4680
7608 4679
7609 4678
7610 4677
7611 4676
7612 4675
7613 4674
7614 4673
7615 4672
7616 4671
7617 4670
7618 4669
7619 4668
7620 4667
7621 4666
7622 4665
7623 4664
7624 4663
7625 4662
7626 4661
7627 4660
7628 4659
7629 4658
7630 4657
7631 4656
7632 4655
7633 4654
7634 4653
7635 4652
7636 4651
7637 4650
7638 4649
7639 4648
7640 4647
7641 4646
7642 4645
7643 4644
7644 4643
7645 4642
7646 4641
7647 4640
7648 4639
7649 4638
7650 4637
7651 4636
7652 4635
7653 4634
7654 4633
7655 4632
7656 4631
7657 4630
7658 4629
7659 4628
7660 4627
7661 4626
7662 4625
7663 4624
7664 4623
7665 4622
7666 4621
7667 4620
7668 4619
7669 4618
7670 4617
7671 4616
7672 4615
7673 4614
7674 4613
7675 4612
7676 4611
7677 4610
7678 4609
7679 4608
7680 4607
7681 4606
7682 4605
7683 4604
7684 4603
7685 4602
7686 4601
7687 4600
7688 4599
7689 4598
7690 4597
7691 4596
7692 4595
7693 4594
7694 4593
7695 4592
7696 4591
7697 4590
7698 4589
7699 4588
7700 4587
7701 4586
7702 4585
7703 4584
7704 4583
7705 4582
7706 4581
7707 4580
7708 4579
7709 4578
7710 4577
7711 4576
7712 4575
7713 4574
7714 4573
7715 4572
7716 4571
7717 4570
7718 4569
7719 4568
7720 4567
7721 4566
7722 4565
7723 4564
7724 4563
7725 4562
7726 4561
7727 4560
7728 4559
7729 4558
7730 4557
7731 4556
7732 4555
7733 4554
7734 4553
7735 4552
7736 4551
7737 4550
7738 4549
7739 4548
7740 4547
7741 4546
7742 4545
7743 4544
7744 4543
7745 4542
7746 4541
7747 4540
7748 4539
7749 4538
7750 4537
7751 4536
7752 4535
7753 4534
7754 4533
7755 4532
7756 4531
7757 4530
7758 4529
7759 4528
7760 4527
7761 4526
7762 4525
7763 4524
7764 4523
7765 4522
7766 4521
7767 4520
7768 4519
7769 4518
7770 4517
7771 4516
7772 4515
7773 4514
7774 4513
7775 4512
7776 4511
7777 4510
7778 4509
7779 4508
7780 4507
7781 4506
7782 4505
7783 4504
7784 4503
7785 4502
7786 4501
7787 4500
7788 4499
7789 4498
7790 4497
7791 4496
7792 4495
7793 4494
7794 4493
7795 4492
7796 4491
7797 4490
7798 4489
7799 4488
7800 4487
7801 4486
7802 4485
7803 4484
7804 4483
7805 4482
7806 4481
7807 4480
7808 4479
7809 4478
7810 4477
7811 4476
7812 4475
7813 4474
7814 4473
7815 4472
7816 4471
7817 4470
7818 4469
7819 4468
7820 4467
7821 4466
7822 4465
7823 4464
7824 4463
7825 4462
7826 4461
7827 4460
7828 4459
7829 4458
7830 4457
7831 4456
7832 4455
7833 4454
7834 4453
7835 4452
7836 4451
7837 4450
7838 4449
7839 4448
7840 4447
7841 4446
7842 4445
7843 4444
7844 4443
7845 4442
7846 4441
7847 4440
7848 4439
7849 4438
7850 4437
7851 4436
7852 4435
7853 4434
7854 4433
7855 4432
7856 4431
7857 4430
7858 4429
7859 4428
7860 4427
7861 4426
7862 4425
7863 4424
7864 4423
7865 4422
7866 4421
7867 4420
7868 4419
7869 4418
7870 4417
7871 4416
7872 4415
7873 4414
7874 4413
7875 4412
7876 4411
7877 4410
7878 4409
7879 4408
7880 4407
7881 4406
7882 4405
7883 4404
7884 4403
7885 4402
7886 4401
7887 4400
7888 4399
7889 4398
7890 4397
7891 4396
7892 4395
7893 4394
7894 4393
7895 4392
7896 4391
7897 4390
7898 4389
7899 4388
7900 4387
7901 4386
7902 4385
7903 4384
7904 4383
7905 4382
7906 4381
7907 4380
7908 4379
7909 4378
7910 4377
7911 4376
7912 4375
7913 4374
7914 4373
7915 4372
7916 4371
7917 4370
7918 4369
7919 4368
7920 4367
7921 4366
7922 4365
7923 4364
7924 4363
7925 4362
7926 4361
7927 4360
7928 4359
7929 4358
7930 4357
7931 4356
7932 4355
7933 4354
7934 4353
7935 4352
7936 4351
7937 4350
7938 4349
7939 4348
7940 4347
7941 4346
7942 4345
7943 4344
7944 4343
7945 4342
7946 4341
7947 4340
7948 4339
7949 4338
7950 4337
7951 4336
7952 4335
7953 4334
7954 4333
7955 4332
7956 4331
7957 4330
7958 4329
7959 4328
7960 4327
7961 4326
7962 4325
7963 4324
7964 4323
7965 4322
7966 4321
7967 4320
7968 4319
7969 4318
7970 4317
7971 4316
7972 4315
7973 4314
7974 4313
7975 4312
7976 4311
7977 4310
7978 4309
7979 4308
7980 4307
7981 4306
7982 4305
7983 4304
7984 4303
7985 4302
7986 4301
7987 4300
7988 4299
7989 4298
7990 4297
7991 4296
7992 4295
7993 4294
7994 4293
7995 4292
7996 4291
7997 4290
7998 4289
7999 4288
8000 4287
8001 4286
8002 4285
8003 4284
8004 4283
8005 4282
8006 4281
8007 4280
8008 4279
8009 4278
8010 4277
8011 4276
8012 4275
8013 4274
8014 4273
8015 4272
8016 4271
8017 4270
8018 4269
8019 4268
8020 4267
8021 4266
8022 4265
8023 4264
8024 4263
8025 4262
8026 4261
8027 4260
8028 4259
8029 4258
8030 4257
8031 4256
8032 4255
8033 4254
8034 4253
8035 4252
8036 4251
8037 4250
8038 4249
8039 4248
8040 4247
8041 4246
8042 4245
8043 4244
8044 4243
8045 4242
8046 4241
8047 4240
8048 4239
8049 4238
8050 4237
8051 4236
8052 4235
8053 4234
8054 4233
8055 4232
8056 4231
8057 4230
8058 4229
8059 4228
8060 4227
8061 4226
8062 4225
8063 4224
8064 4223
8065 4222
8066 4221
8067 4220
8068 4219
8069 4218
8070 4217
8071 4216
8072 4215
8073 4214
8074 4213
8075 4212
8076 4211
8077 4210
8078 4209
8079 4208
8080 4207
8081 4206
8082 4205
8083 4204
8084 4203
8085 4202
8086 4201
8087 4200
8088 4199
8089 4198
8090 4197
8091 4196
8092 4195
8093 4194
8094 4193
8095 4192
8096 4191
8097 4190
8098 4189
8099 4188
8100 4187
8101 4186
8102 4185
8103 4184
8104 4183
8105 4182
8106 4181
8107 4180
8108 4179
8109 4178
8110 4177
8111 4176
8112 4175
8113 4174
8114 4173
8115 4172
8116 4171
8117 4170
8118 4169
8119 4168
8120 4167
8121 4166
8122 4165
8123 4164
8124 4163
8125 4162
8126 4161
8127 4160
8128 4159
8129 4158
8130 4157
8131 4156
8132 4155
8133 4154
8134 4153
8135 4152
8136 4151
8137 4150
8138 4149
8139 4148
8140 4147
8141 4146
8142 4145
8143 4144
8144 4143
8145 4142
8146 4141
8147 4140
8148 4139
8149 4138
8150 4137
8151 4136
8152 4135
8153 4134
8154 4133
8155 4132
8156 4131
8157 4130
8158 4129
8159 4128
8160 4127
8161 4126
8162 4125
8163 4124
8164 4123
8165 4122
8166 4121
8167 4120
8168 4119
8169 4118
8170 4117
8171 4116
8172 4115
8173 4114
8174 4113
8175 4112
8176 4111
8177 4110
8178 4109
8179 4108
8180 4107
8181 4106
8182 4105
8183 4104
8184 4103
8185 4102
8186 4101
8187 4100
8188 4099
8189 4098
8190 4097
8191 4096
8192 16383
8193 16382
8194 16381
8195 16380
8196 16379
8197 16378
8198 16377
8199 16376
8200 16375
8201 16374
8202 16373
8203 16372
8204 16371
8205 16370
8206 16369
8207 16368
8208 16367
8209 16366
8210 16365
8211 16364
8212 16363
8213 16362
8214 16361
8215 16360
8216 16359
8217 16358
8218 16357
8219 16356
8220 16355
8221 16354
8222 16353
8223 16352
8224 16351
8225 16350
8226 16349
8227 16348
8228 16347
8229 16346
8230 16345
8231 16344
8232 16343
8233 16342
8234 16341
8235 16340
8236 16339
8237 16338
8238 16337
8239 16336
8240 16335
8241 16334
8242 16333
8243 16332
8244 16331
8245 16330
8246 16329
8247 16328
8248 16327
8249 16326
8250 16325
8251 16324
8252 16323
8253 16322
8254 16321
8255 16320
8256 16319
8257 16318
8258 16317
8259 16316
8260 16315
8261 16314
8262 16313
8263 16312
8264 16311
8265 16310
8266 16309
8267 16308
8268 16307
8269 16306
8270 16305
8271 16304
8272 16303
8273 16302
8274 16301
8275 16300
8276 16299
8277 16298
8278 16297
8279 16296
8280 16295
8281 16294
8282 16293
8283 16292
8284 16291
8285 16290
8286 16289
8287 16288
8288 16287
8289 16286
8290 16285
8291 16284
8292 16283
8293 16282
8294 16281
8295 16280
8296 16279
8297 16278
8298 16277
8299 16276
8300 16275
8301 16274
8302 16273
8303 16272
8304 16271
8305 16270
8306 16269
8307 16268
8308 16267
8309 16266
8310 16265
8311 16264
8312 16263
8313 16262
8314 16261
8315 16260
8316 16259
8317 16258
8318 16257
8319 16256
8320 16255
8321 16254
8322 16253
8323 16252
8324 16251
8325 16250
8326 16249
8327 16248
8328 16247
8329 16246
8330 16245
8331 16244
8332 16243
8333 16242
8334 16241
8335 16240
8336 16239
8337 16238
8338 16237
8339 16236
8340 16235
8341 16234
8342 16233
8343 16232
8344 16231
8345 16230
8346 16229
8347 16228
8348 16227
8349 16226
8350 16225
8351 16224
8352 16223
8353 16222
8354 16221
8355 16220
8356 16219
8357 16218
8358 16217
8359 16216
8360 16215
8361 16214
8362 16213
8363 16212
8364 16211
8365 16210
8366 16209
8367 16208
8368 16207
8369 16206
8370 16205
8371 16204
8372 16203
8373 16202
8374 16201
8375 16200
8376 16199
8377 16198
8378 16197
8379 16196
8380 16195
8381 16194
8382 16193
8383 16192
8384 16191
8385 16190
8386 16189
8387 16188
8388 16187
8389 16186
8390 16185
8391 16184
8392 16183
8393 16182
8394 16181
8395 16180
8396 16179
8397 16178
8398 16177
8399 16176
8400 16175
8401 16174
8402 16173
8403 16172
8404 16171
8405 16170
8406 16169
8407 16168
8408 16167
8409 16166
8410 16165
8411 16164
8412 16163
8413 16162
8414 16161
8415 16160
8416 16159
8417 16158
8418 16157
8419 16156
8420 16155
8421 16154
8422 16153
8423 16152
8424 16151
8425 16150
8426 16149
8427 16148
8428 16147
8429 16146
8430 16145
8431 16144
8432 16143
8433 16142
8434 16141
8435 16140
8436 16139
8437 16138
8438 16137
8439 16136
8440 16135
8441 16134
8442 16133
8443 16132
8444 16131
8445 16130
8446 16129
8447 16128
8448 16127
8449 16126
8450 16125
8451 16124
8452 16123
8453 16122
8454 16121
8455 16120
8456 16119
8457 16118
8458 16117
8459 16116
8460 16115
8461 16114
8462 16113
8463 16112
8464 16111
8465 16110
8466 16109
8467 16108
8468 16107
8469 16106
8470 16105
8471 16104
8472 16103
8473 16102
8474 16101
8475 16100
8476 16099
8477 16098
8478 16097
8479 16096
8480 16095
8481 16094
8482 16093
8483 16092
8484 16091
8485 16090
8486 16089
8487 16088
8488 16087
8489 16086
8490 16085
8491 16084
8492 16083
8493 16082
8494 16081
8495 16080
8496 16079
8497 16078
8498 16077
8499 16076
8500 16075
8501 16074
8502 16073
8503 16072
8504 16071
8505 16070
8506 16069
8507 16068
8508 16067
8509 16066
8510 16065
8511 16064
8512 16063
8513 16062
8514 16061
8515 16060
8516 16059
8517 16058
8518 16057
8519 16056
8520 16055
8521 16054
8522 16053
8523 16052
8524 16051
8525 16050
8526 16049
8527 16048
8528 16047
8529 16046
8530 16045
8531 16044
8532 16043
8533 16042
8534 16041
8535 16040
8536 16039
8537 16038
8538 16037
8539 16036
8540 16035
8541 16034
8542 16033
8543 16032
8544 16031
8545 16030
8546 16029
8547 16028
8548 16027
8549 16026
8550 16025
8551 16024
8552 16023
8553 16022
8554 16021
8555 16020
8556 16019
8557 16018
8558 16017
8559 16016
8560 16015
8561 16014
8562 16013
8563 16012
8564 16011
8565 16010
8566 16009
8567 16008
8568 16007
8569 16006
8570 16005
8571 16004
8572 16003
8573 16002
8574 16001
8575 16000
8576 15999
8577 15998
8578 15997
8579 15996
8580 15995
8581 15994
8582 15993
8583 15992
8584 15991
8585 15990
8586 15989
8587 15988
8588 15987
8589 15986
8590 15985
8591 15984
8592 15983
8593 15982
8594 15981
8595 15980
8596 15979
8597 15978
8598 15977
8599 15976
8600 15975
8601 15974
8602 15973
8603 15972
8604 15971
8605 15970
8606 15969
8607 15968
8608 15967
8609 15966
8610 15965
8611 15964
8612 15963
8613 15962
8614 15961
8615 15960
8616 15959
8617 15958
8618 15957
8619 15956
8620 15955
8621 15954
8622 15953
8623 15952
8624 15951
8625 15950
8626 15949
8627 15948
8628 15947
8629 15946
8630 15945
8631 15944
8632 15943
8633 15942
8634 15941
8635 15940
8636 15939
8637 15938
8638 15937
8639 15936
8640 15935
8641 15934
8642 15933
8643 15932
8644 15931
8645 15930
8646 15929
8647 15928
8648 15927
8649 15926
8650 15925
8651 15924
8652 15923
8653 15922
8654 15921
8655 15920
8656 15919
8657 15918
8658 15917
8659 15916
8660 15915
8661 15914
8662 15913
8663 15912
8664 15911
8665 15910
8666 15909
8667 15908
8668 15907
8669 15906
8670 15905
8671 15904
8672 15903
8673 15902
8674 15901
8675 15900
8676 15899
8677 15898
8678 15897
8679 15896
8680 15895
8681 15894
8682 15893
8683 15892
8684 15891
8685 15890
8686 15889
8687 15888
8688 15887
8689 15886
8690 15885
8691 15884
8692 15883
8693 15882
8694 15881
8695 15880
8696 15879
8697 15878
8698 15877
8699 15876
8700 15875
8701 15874
8702 15873
8703 15872
8704 15871
8705 15870
8706 15869
8707 15868
8708 15867
8709 15866
8710 15865
8711 15864
8712 15863
8713 15862
8714 15861
8715 15860
8716 15859
8717 15858
8718 15857
8719 15856
8720 15855
8721 15854
8722 15853
8723 15852
8724 15851
8725 15850
8726 15849
8727 15848
8728 15847
8729 15846
8730 15845
8731 15844
8732 15843
8733 15842
8734 15841
8735 15840
8736 15839
8737 15838
8738 15837
8739 15836
8740 15835
8741 15834
8742 15833
8743 15832
8744 15831
8745 15830
8746 15829
8747 15828
8748 15827
8749 15826
8750 15825
8751 15824
8752 15823
8753 15822
8754 15821
8755 15820
8756 15819
8757 15818
8758 15817
8759 15816
8760 15815
8761 15814
8762 15813
8763 15812
8764 15811
8765 15810
8766 15809
8767 15808
8768 15807
8769 15806
8770 15805
8771 15804
8772 15803
8773 15802
8774 15801
8775 15800
8776 15799
8777 15798
8778 15797
8779 15796
8780 15795
8781 15794
8782 15793
8783 15792
8784 15791
8785 15790
8786 15789
8787 15788
8788 15787
8789 15786
8790 15785
8791 15784
8792 15783
8793 15782
8794 15781
8795 15780
8796 15779
8797 15778
8798 15777
8799 15776
8800 15775
8801 15774
8802 15773
8803 15772
8804 15771
8805 15770
8806 15769
8807 15768
8808 15767
8809 15766
8810 15765
8811 15764
8812 15763
8813 15762
8814 15761
8815 15760
8816 15759
8817 15758
8818 15757
8819 15756
8820 15755
8821 15754
8822 15753
8823 15752
8824 15751
8825 15750
8826 15749
8827 15748
8828 15747
8829 15746
8830 15745
8831 15744
8832 15743
8833 15742
8834 15741
8835 15740
8836 15739
8837 15738
8838 15737
8839 15736
8840 15735
8841 15734
8842 15733
8843 15732
8844 15731
8845 15730
8846 15729
8847 15728
8848 15727
8849 15726
8850 15725
8851 15724
8852 15723
8853 15722
8854 15721
8855 15720
8856 15719
8857 15718
8858 15717
8859 15716
8860 15715
8861 15714
8862 15713
8863 15712
8864 15711
8865 15710
8866 15709
8867 15708
8868 15707
8869 15706
8870 15705
8871 15704
8872 15703
8873 15702
8874 15701
8875 15700
8876 15699
8877 15698
8878 15697
8879 15696
8880 15695
8881 15694
8882 15693
8883 15692
8884 15691
8885 15690
8886 15689
8887 15688
8888 15687
8889 15686
8890 15685
8891 15684
8892 15683
8893 15682
8894 15681
8895 15680
8896 15679
8897 15678
8898 15677
8899 15676
8900 15675
8901 15674
8902 15673
8903 15672
8904 15671
8905 15670
8906 15669
8907 15668
8908 15667
8909 15666
8910 15665
8911 15664
8912 15663
8913 15662
8914 15661
8915 15660
8916 15659
8917 15658
8918 15657
8919 15656
8920 15655
8921 15654
8922 15653
8923 15652
8924 15651
8925 15650
8926 15649
8927 15648
8928 15647
8929 15646
8930 15645
8931 15644
8932 15643
8933 15642
8934 15641
8935 15640
8936 15639
8937 15638
8938 15637
8939 15636
8940 15635
8941 15634
8942 15633
8943 15632
8944 15631
8945 15630
8946 15629
8947 15628
8948 15627
8949 15626
8950 15625
8951 15624
8952 15623
8953 15622
8954 15621
8955 15620
8956 15619
8957 15618
8958 15617
8959 15616
8960 15615
8961 15614
8962 15613
8963 15612
8964 15611
8965 15610
8966 15609
8967 15608
8968 15607
8969 15606
8970 15605
8971 15604
8972 15603
8973 15602
8974 15601
8975 15600
8976 15599
8977 15598
8978 15597
8979 15596
8980 15595
8981 15594
8982 15593
8983 15592
8984 15591
8985 15590
8986 15589
8987 15588
8988 15587
8989 15586
8990 15585
8991 15584
8992 15583
8993 15582
8994 15581
8995 15580
8996 15579
8997 15578
8998 15577
8999 15576
9000 15575
9001 15574
9002 15573
9003 15572
9004 15571
9005 15570
9006 15569
9007 15568
9008 15567
9009 15566
9010 15565
9011 15564
9012 15563
9013 15562
9014 15561
9015 15560
9016 15559
9017 15558
9018 15557
9019 15556
9020 15555
9021 15554
9022 15553
9023 15552
9024 15551
9025 15550
9026 15549
9027 15548
9028 15547
9029 15546
9030 15545
9031 15544
9032 15543
9033 15542
9034 15541
9035 15540
9036 15539
9037 15538
9038 15537
9039 15536
9040 15535
9041 15534
9042 15533
9043 15532
9044 15531
9045 15530
9046 15529
9047 15528
9048 15527
9049 15526
9050 15525
9051 15524
9052 15523
9053 15522
9054 15521
9055 15520
9056 15519
9057 15518
9058 15517
9059 15516
9060 15515
9061 15514
9062 15513
9063 15512
9064 15511
9065 15510
9066 15509
9067 15508
9068 15507
9069 15506
9070 15505
9071 15504
9072 15503
9073 15502
9074 15501
9075 15500
9076 15499
9077 15498
9078 15497
9079 15496
9080 15495
9081 15494
9082 15493
9083 15492
9084 15491
9085 15490
9086 15489
9087 15488
9088 15487
9089 15486
9090 15485
9091 15484
9092 15483
9093 15482
9094 15481
9095 15480
9096 15479
9097 15478
9098 15477
9099 15476
9100 15475
9101 15474
9102 15473
9103 15472
9104 15471
9105 15470
9106 15469
9107 15468
9108 15467
9109 15466
9110 15465
9111 15464
9112 15463
9113 15462
9114 15461
9115 15460
9116 15459
9117 15458
9118 15457
9119 15456
9120 15455
9121 15454
9122 15453
9123 15452
9124 15451
9125 15450
9126 15449
9127 15448
9128 15447
9129 15446
9130 15445
9131 15444
9132 15443
9133 15442
9134 15441
9135 15440
9136 15439
9137 15438
9138 15437
9139 15436
9140 15435
9141 15434
9142 15433
9143 15432
9144 15431
9145 15430
9146 15429
9147 15428
9148 15427
9149 15426
9150 15425
9151 15424
9152 15423
9153 15422
9154 15421
9155 15420
9156 15419
9157 15418
9158 15417
9159 15416
9160 15415
9161 15414
9162 15413
9163 15412
9164 15411
9165 15410
9166 15409
9167 15408
9168 15407
9169 15406
9170 15405
9171 15404
9172 15403
9173 15402
9174 15401
9175 15400
9176 15399
9177 15398
9178 15397
9179 15396
9180 15395
9181 15394
9182 15393
9183 15392
9184 15391
9185 15390
9186 15389
9187 15388
9188 15387
9189 15386
9190 15385
9191 15384
9192 15383
9193 15382
9194 15381
9195 15380
9196 15379
9197 15378
9198 15377
9199 15376
9200 15375
9201 15374
9202 15373
9203 15372
9204 15371
9205 15370
9206 15369
9207 15368
9208 15367
9209 15366
9210 15365
9211 15364
9212 15363
9213 15362
9214 15361
9215 15360
9216 15359
9217 15358
9218 15357
9219 15356
9220 15355
9221 15354
9222 15353
9223 15352
9224 15351
9225 15350
9226 15349
9227 15348
9228 15347
9229 15346
9230 15345
9231 15344
9232 15343
9233 15342
9234 15341
9235 15340
9236 15339
9237 15338
9238 15337
9239 15336
9240 15335
9241 15334
9242 15333
9243 15332
9244 15331
9245 15330
9246 15329
9247 15328
9248 15327
9249 15326
9250 15325
9251 15324
9252 15323
9253 15322
9254 15321
9255 15320
9256 15319
9257 15318
9258 15317
9259 15316
9260 15315
9261 15314
9262 15313
9263 15312
9264 15311
9265 15310
9266 15309
9267 15308
9268 15307
9269 15306
9270 15305
9271 15304
9272 15303
9273 15302
9274 15301
9275 15300
9276 15299
9277 15298
9278 15297
9279 15296
9280 15295
9281 15294
9282 15293
9283 15292
9284 15291
9285 15290
9286 15289
9287 15288
9288 15287
9289 15286
9290 15285
9291 15284
9292 15283
9293 15282
9294 15281
9295 15280
9296 15279
9297 15278
9298 15277
9299 15276
9300 15275
9301 15274
9302 15273
9303 15272
9304 15271
9305 15270
9306 15269
9307 15268
9308 15267
9309 15266
9310 15265
9311 15264
9312 15263
9313 15262
9314 15261
9315 15260
9316 15259
9317 15258
9318 15257
9319 15256
9320 15255
9321 15254
9322 15253
9323 15252
9324 15251
9325 15250
9326 15249
9327 15248
9328 15247
9329 15246
9330 15245
9331 15244
9332 15243
9333 15242
9334 15241
9335 15240
9336 15239
9337 15238
9338 15237
9339 15236
9340 15235
9341 15234
9342 15233
9343 15232
9344 15231
9345 15230
9346 15229
9347 15228
9348 15227
9349 15226
9350 15225
9351 15224
9352 15223
9353 15222
9354 15221
9355 15220
9356 15219
9357 15218
9358 15217
9359 15216
9360 15215
9361 15214
9362 15213
9363 15212
9364 15211
9365 15210
9366 15209
9367 15208
9368 15207
9369 15206
9370 15205
9371 15204
9372 15203
9373 15202
9374 15201
9375 15200
9376 15199
9377 15198
9378 15197
9379 15196
9380 15195
9381 15194
9382 15193
9383 15192
9384 15191
9385 15190
9386 15189
9387 15188
9388 15187
9389 15186
9390 15185
9391 15184
9392 15183
9393 15182
9394 15181
9395 15180
9396 15179
9397 15178
9398 15177
9399 15176
9400 15175
9401 15174
9402 15173
9403 15172
9404 15171
9405 15170
9406 15169
9407 15168
9408 15167
9409 15166
9410 15165
9411 15164
9412 15163
9413 15162
9414 15161
9415 15160
9416 15159
9417 15158
9418 15157
9419 15156
9420 15155
9421 15154
9422 15153
9423 15152
9424 15151
9425 15150
9426 15149
9427 15148
9428 15147
9429 15146
9430 15145
9431 15144
9432 15143
9433 15142
9434 15141
9435 15140
9436 15139
9437 15138
9438 15137
9439 15136
9440 15135
9441 15134
9442 15133
9443 15132
9444 15131
9445 15130
9446 15129
9447 15128
9448 15127
9449 15126
9450 15125
9451 15124
9452 15123
9453 15122
9454 15121
9455 15120
9456 15119
9457 15118
9458 15117
9459 15116
9460 15115
9461 15114
9462 15113
9463 15112
9464 15111
9465 15110
9466 15109
9467 15108
9468 15107
9469 15106
9470 15105
9471 15104
9472 15103
9473 15102
9474 15101
9475 15100
9476 15099
9477 15098
9478 15097
9479 15096
9480 15095
9481 15094
9482 15093
9483 15092
9484 15091
9485 15090
9486 15089
9487 15088
9488 15087
9489 15086
9490 15085
9491 15084
9492 15083
9493 15082
9494 15081
9495 15080
9496 15079
9497 15078
9498 15077
9499 15076
9500 15075
9501 15074
9502 15073
9503 15072
9504 15071
9505 15070
9506 15069
9507 15068
9508 15067
9509 15066
9510 15065
9511 15064
9512 15063
9513 15062
9514 15061
9515 15060
9516 15059
9517 15058
9518 15057
9519 15056
9520 15055
9521 15054
9522 15053
9523 15052
9524 15051
9525 15050
9526 15049
9527 15048
9528 15047
9529 15046
9530 15045
9531 15044
9532 15043
9533 15042
9534 15041
9535 15040
9536 15039
9537 15038
9538 15037
9539 15036
9540 15035
9541 15034
9542 15033
9543 15032
9544 15031
9545 15030
9546 15029
9547 15028
9548 15027
9549 15026
9550 15025
9551 15024
9552 15023
9553 15022
9554 15021
9555 15020
9556 15019
9557 15018
9558 15017
9559 15016
9560 15015
9561 15014
9562 15013
9563 15012
9564 15011
9565 15010
9566 15009
9567 15008
9568 15007
9569 15006
9570 15005
9571 15004
9572 15003
9573 15002
9574 15001
9575 15000
9576 14999
9577 14998
9578 14997
9579 14996
9580 14995
9581 14994
9582 14993
9583 14992
9584 14991
9585 14990
9586 14989
9587 14988
9588 14987
9589 14986
9590 14985
9591 14984
9592 14983
9593 14982
9594 14981
9595 14980
9596 14979
9597 14978
9598 14977
9599 14976
9600 14975
9601 14974
9602 14973
9603 14972
9604 14971
9605 14970
9606 14969
9607 14968
9608 14967
9609 14966
9610 14965
9611 14964
9612 14963
9613 14962
9614 14961
9615 14960
9616 14959
9617 14958
9618 14957
9619 14956
9620 14955
9621 14954
9622 14953
9623 14952
9624 14951
9625 14950
9626 14949
9627 14948
9628 14947
9629 14946
9630 14945
9631 14944
9632 14943
9633 14942
9634 14941
9635 14940
9636 14939
9637 14938
9638 14937
9639 14936
9640 14935
9641 14934
9642 14933
9643 14932
9644 14931
9645 14930
9646 14929
9647 14928
9648 14927
9649 14926
9650 14925
9651 14924
9652 14923
9653 14922
9654 14921
9655 14920
9656 14919
9657 14918
9658 14917
9659 14916
9660 14915
9661 14914
9662 14913
9663 14912
9664 14911
9665 14910
9666 14909
9667 14908
9668 14907
9669 14906
9670 14905
9671 14904
9672 14903
9673 14902
9674 14901
9675 14900
9676 14899
9677 14898
9678 14897
9679 14896
9680 14895
9681 14894
9682 14893
9683 14892
9684 14891
9685 14890
9686 14889
9687 14888
9688 14887
9689 14886
9690 14885
9691 14884
9692 14883
9693 14882
9694 14881
9695 14880
9696 14879
9697 14878
9698 14877
9699 14876
9700 14875
9701 14874
9702 14873
9703 14872
9704 14871
9705 14870
9706 14869
9707 14868
9708 14867
9709 14866
9710 14865
9711 14864
9712 14863
9713 14862
9714 14861
9715 14860
9716 14859
9717 14858
9718 14857
9719 14856
9720 14855
9721 14854
9722 14853
9723 14852
9724 14851
9725 14850
9726 14849
9727 14848
9728 14847
9729 14846
9730 14845
9731 14844
9732 14843
9733 14842
9734 14841
9735 14840
9736 14839
9737 14838
9738 14837
9739 14836
9740 14835
9741 14834
9742 14833
9743 14832
9744 14831
9745 14830
9746 14829
9747 14828
9748 14827
9749 14826
9750 14825
9751 14824
9752 14823
9753 14822
9754 14821
9755 14820
9756 14819
9757 14818
9758 14817
9759 14816
9760 14815
9761 14814
9762 14813
9763 14812
9764 14811
9765 14810
9766 14809
9767 14808
9768 14807
9769 14806
9770 14805
9771 14804
9772 14803
9773 14802
9774 14801
9775 14800
9776 14799
9777 14798
9778 14797
9779 14796
9780 14795
9781 14794
9782 14793
9783 14792
9784 14791
9785 14790
9786 14789
9787 14788
9788 14787
9789 14786
9790 14785
9791 14784
9792 14783
9793 14782
9794 14781
9795 14780
9796 14779
9797 14778
9798 14777
9799 14776
9800 14775
9801 14774
9802 14773
9803 14772
9804 14771
9805 14770
9806 14769
9807 14768
9808 14767
9809 14766
9810 14765
9811 14764
9812 14763
9813 14762
9814 14761
9815 14760
9816 14759
9817 14758
9818 14757
9819 14756
9820 14755
9821 14754
9822 14753
9823 14752
9824 14751
9825 14750
9826 14749
9827 14748
9828 14747
9829 14746
9830 14745
9831 14744
9832 14743
9833 14742
9834 14741
9835 14740
9836 14739
9837 14738
9838 14737
9839 14736
9840 14735
9841 14734
9842 14733
9843 14732
9844 14731
9845 14730
9846 14729
9847 14728
9848 14727
9849 14726
9850 14725
9851 14724
9852 14723
9853 14722
9854 14721
9855 14720
9856 14719
9857 14718
9858 14717
9859 14716
9860 14715
9861 14714
9862 14713
9863 14712
9864 14711
9865 14710
9866 14709
9867 14708
9868 14707
9869 14706
9870 14705
9871 14704
9872 14703
9873 14702
9874 14701
9875 14700
9876 14699
9877 14698
9878 14697
9879 14696
9880 14695
9881 14694
9882 14693
9883 14692
9884 14691
9885 14690
9886 14689
9887 14688
9888 14687
9889 14686
9890 14685
9891 14684
9892 14683
9893 14682
9894 14681
9895 14680
9896 14679
9897 14678
9898 14677
9899 14676
9900 14675
9901 14674
9902 14673
9903 14672
9904 14671
9905 14670
9906 14669
9907 14668
9908 14667
9909 14666
9910 14665
9911 14664
9912 14663
9913 14662
9914 14661
9915 14660
9916 14659
9917 14658
9918 14657
9919 14656
9920 14655
9921 14654
9922 14653
9923 14652
9924 14651
9925 14650
9926 14649
9927 14648
9928 14647
9929 14646
9930 14645
9931 14644
9932 14643
9933 14642
9934 14641
9935 14640
9936 14639
9937 14638
9938 14637
9939 14636
9940 14635
9941 14634
9942 14633
9943 14632
9944 14631
9945 14630
9946 14629
9947 14628
9948 14627
9949 14626
9950 14625
9951 14624
9952 14623
9953 14622
9954 14621
9955 14620
9956 14619
9957 14618
9958 14617
9959 14616
9960 14615
9961 14614
9962 14613
9963 14612
9964 14611
9965 14610
9966 14609
9967 14608
9968 14607
9969 14606
9970 14605
9971 14604
9972 14603
9973 14602
9974 14601
9975 14600
9976 14599
9977 14598
9978 14597
9979 14596
9980 14595
9981 14594
9982 14593
9983 14592
9984 14591
9985 14590
9986 14589
9987 14588
9988 14587
9989 14586
9990 14585
9991 14584
9992 14583
9993 14582
9994 14581
9995 14580
9996 14579
9997 14578
9998 14577
9999 14576
10000 14575






