1 1
2 1
3 2
4 1
5 3
6 2
7 5
8 1
9 4
10 3
11 7
12 2
13 11
14 5
15 6
16 1
17 13
18 4
19 17
20 3
21 10
22 7
23 19
24 2
25 9
26 11
27 8
28 5
29 23
30 6
31 29
32 1
33 14
34 13
35 15
36 4
37 31
38 17
39 22
40 3
41 37
42 10
43 41
44 7
45 12
46 19
47 43
48 2
49 25
50 9
51 26
52 11
53 47
54 8
55 21
56 5
57 34
58 23
59 53
60 6
61 59
62 29
63 20
64 1
65 33
66 14
67 61
68 13
69 38
70 15
71 67
72 4
73 71
74 31
75 18
76 17
77 35
78 22
79 73
80 3
81 16
82 37
83 79
84 10
85 39
86 41
87 46
88 7
89 83
90 12
91 55
92 19
93 58
94 43
95 51
96 2
97 89
98 25
99 28
100 9
101 97
102 26
103 101
104 11
105 30
106 47
107 103
108 8
109 107
110 21
111 62
112 5
113 109
114 34
115 57
116 23
117 44
118 53
119 65
120 6
121 49
122 59
123 74
124 29
125 27
126 20
127 113
128 1
129 82
130 33
131 127
132 14
133 85
134 61
135 24
136 13
137 131
138 38
139 137
140 15
141 86
142 67
143 77
144 4
145 69
146 71
147 50
148 31
149 139
150 18
151 149
152 17
153 52
154 35
155 87
156 22
157 151
158 73
159 94
160 3
161 95
162 16
163 157
164 37
165 42
166 79
167 163
168 10
169 121
170 39
171 68
172 41
173 167
174 46
175 45
176 7
177 106
178 83
179 173
180 12
181 179
182 55
183 118
184 19
185 93
186 58
187 91
188 43
189 40
190 51
191 181
192 2
193 191
194 89
195 66
196 25
197 193
198 28
199 197
200 9
201 122
202 97
203 115
204 26
205 111
206 101
207 76
208 11
209 119
210 30
211 199
212 47
213 134
214 103
215 123
216 8
217 145
218 107
219 142
220 21
221 143
222 62
223 211
224 5
225 36
226 109
227 223
228 34
229 227
230 57
231 70
232 23
233 229
234 44
235 129
236 53
237 146
238 65
239 233
240 6
241 239
242 49
243 32
244 59
245 75
246 74
247 187
248 29
249 158
250 27
251 241
252 20
253 133
254 113
255 78
256 1
257 251
258 82
259 155
260 33
261 92
262 127
263 257
264 14
265 141
266 85
267 166
268 61
269 263
270 24
271 269
272 13
273 110
274 131
275 63
276 38
277 271
278 137
279 116
280 15
281 277
282 86
283 281
284 67
285 102
286 77
287 185
288 4
289 169
290 69
291 178
292 71
293 283
294 50
295 159
296 31
297 56
298 139
299 209
300 18
301 205
302 149
303 194
304 17
305 177
306 52
307 293
308 35
309 202
310 87
311 307
312 22
313 311
314 151
315 60
316 73
317 313
318 94
319 161
320 3
321 206
322 95
323 221
324 16
325 99
326 157
327 214
328 37
329 215
330 42
331 317
332 79
333 124
334 163
335 183
336 10
337 331
338 121
339 218
340 39
341 203
342 68
343 125
344 41
345 114
346 167
347 337
348 46
349 347
350 45
351 88
352 7
353 349
354 106
355 201
356 83
357 130
358 173
359 353
360 12
361 289
362 179
363 98
364 55
365 213
366 118
367 359
368 19
369 148
370 93
371 235
372 58
373 367
374 91
375 54
376 43
377 253
378 40
379 373
380 51
381 226
382 181
383 379
384 2
385 105
386 191
387 164
388 89
389 383
390 66
391 247
392 25
393 254
394 193
395 219
396 28
397 389
398 197
399 170
400 9
401 397
402 122
403 319
404 97
405 48
406 115
407 217
408 26
409 401
410 111
411 262
412 101
413 265
414 76
415 237
416 11
417 274
418 119
419 409
420 30
421 419
422 199
423 172
424 47
425 117
426 134
427 295
428 103
429 154
430 123
431 421
432 8
433 431
434 145
435 138
436 107
437 323
438 142
439 433
440 21
441 100
442 143
443 439
444 62
445 249
446 211
447 278
448 5
449 443
450 36
451 259
452 109
453 298
454 223
455 165
456 34
457 449
458 227
459 104
460 57
461 457
462 70
463 461
464 23
465 174
466 229
467 463
468 44
469 305
470 129
471 302
472 53
473 287
474 146
475 153
476 65
477 188
478 233
479 467
480 6
481 341
482 239
483 190
484 49
485 267
486 32
487 479
488 59
489 314
490 75
491 487
492 74
493 299
494 187
495 84
496 29
497 335
498 158
499 491
500 27
501 326
502 241
503 499
504 20
505 291
506 133
507 242
508 113
509 503
510 78
511 355
512 1
513 136
514 251
515 303
516 82
517 301
518 155
519 334
520 33
521 509
522 92
523 521
524 127
525 90
526 257
527 377
528 14
529 361
530 141
531 212
532 85
533 407
534 166
535 309
536 61
537 346
538 263
539 175
540 24
541 523
542 269
543 358
544 13
545 321
546 110
547 541
548 131
549 236
550 63
551 391
552 38
553 365
554 271
555 186
556 137
557 547
558 116
559 451
560 15
561 182
562 277
563 557
564 86
565 327
566 281
567 80
568 67
569 563
570 102
571 569
572 77
573 362
574 185
575 171
576 4
577 571
578 169
579 382
580 69
581 395
582 178
583 329
584 71
585 132
586 283
587 577
588 50
589 493
590 159
591 386
592 31
593 587
594 56
595 195
596 139
597 394
598 209
599 593
600 18
601 599
602 205
603 244
604 149
605 147
606 194
607 601
608 17
609 230
610 177
611 473
612 52
613 607
614 293
615 222
616 35
617 613
618 202
619 617
620 87
621 152
622 307
623 415
624 22
625 81
626 311
627 238
628 151
629 403
630 60
631 619
632 73
633 398
634 313
635 339
636 94
637 275
638 161
639 268
640 3
641 631
642 206
643 641
644 95
645 246
646 221
647 643
648 16
649 371
650 99
651 290
652 157
653 647
654 214
655 381
656 37
657 284
658 215
659 653
660 42
661 659
662 317
663 286
664 79
665 255
666 124
667 437
668 163
669 422
670 183
671 413
672 10
673 661
674 331
675 72
676 121
677 673
678 218
679 445
680 39
681 446
682 203
683 677
684 68
685 393
686 125
687 454
688 41
689 517
690 114
691 683
692 167
693 140
694 337
695 411
696 46
697 481
698 347
699 458
700 45
701 691
702 88
703 527
704 7
705 258
706 349
707 485
708 106
709 701
710 201
711 292
712 83
713 551
714 130
715 231
716 173
717 466
718 353
719 709
720 12
721 505
722 289
723 478
724 179
725 207
726 98
727 719
728 55
729 64
730 213
731 533
732 118
733 727
734 359
735 150
736 19
737 427
738 148
739 733
740 93
741 374
742 235
743 739
744 58
745 417
746 367
747 316
748 91
749 515
750 54
751 743
752 43
753 482
754 253
755 447
756 40
757 751
758 373
759 266
760 51
761 757
762 226
763 535
764 181
765 156
766 379
767 583
768 2
769 761
770 105
771 502
772 191
773 769
774 164
775 261
776 89
777 310
778 383
779 629
780 66
781 469
782 247
783 184
784 25
785 453
786 254
787 773
788 193
789 514
790 219
791 545
792 28
793 649
794 389
795 282
796 197
797 787
798 170
799 559
800 9
801 332
802 397
803 497
804 122
805 285
806 319
807 526
808 97
809 797
810 48
811 809
812 115
813 538
814 217
815 471
816 26
817 697
818 401
819 220
820 111
821 811
822 262
823 821
824 101
825 126
826 265
827 823
828 76
829 827
830 237
831 542
832 11
833 325
834 274
835 489
836 119
837 232
838 409
839 829
840 30
841 529
842 419
843 554
844 199
845 363
846 172
847 245
848 47
849 562
850 117
851 589
852 134
853 839
854 295
855 204
856 103
857 853
858 154
859 857
860 123
861 370
862 421
863 859
864 8
865 501
866 431
867 338
868 145
869 511
870 138
871 671
872 107
873 356
874 323
875 135
876 142
877 863
878 433
879 566
880 21
881 877
882 100
883 881
884 143
885 318
886 439
887 883
888 62
889 565
890 249
891 112
892 211
893 731
894 278
895 519
896 5
897 418
898 443
899 667
900 36
901 611
902 259
903 410
904 109
905 537
906 298
907 887
908 223
909 388
910 165
911 907
912 34
913 553
914 449
915 354
916 227
917 635
918 104
919 911
920 57
921 586
922 457
923 737
924 70
925 279
926 461
927 404
928 23
929 919
930 174
931 425
932 229
933 614
934 463
935 273
936 44
937 929
938 305
939 622
940 129
941 937
942 302
943 703
944 53
945 120
946 287
947 941
948 146
949 781
950 153
951 626
952 65
953 947
954 188
955 543
956 233
957 322
958 467
959 655
960 6
961 841
962 341
963 412
964 239
965 573
966 190
967 953
968 49
969 442
970 267
971 967
972 32
973 685
974 479
975 198
976 59
977 971
978 314
979 581
980 75
981 428
982 487
983 977
984 74
985 579
986 299
987 430
988 187
989 779
990 84
991 983
992 29
993 634
994 335
995 591
996 158
997 991
998 491
999 248
1000 27
1001 385
1002 326
1003 689
1004 241
1005 366
1006 499
1007 799
1008 20
1009 997
1010 291
1011 662
1012 133
1013 1009
1014 242
1015 345
1016 113
1017 436
1018 503
1019 1013
1020 78
1021 1019
1022 355
1023 406
1024 1
1025 333
1026 136
1027 803
1028 251
1029 250
1030 303
1031 1021
1032 82
1033 1031
1034 301
1035 228
1036 155
1037 767
1038 334
1039 1033
1040 33
1041 674
1042 509
1043 695
1044 92
1045 357
1046 521
1047 694
1048 127
1049 1039
1050 90
1051 1049
1052 257
1053 176
1054 377
1055 597
1056 14
1057 745
1058 361
1059 698
1060 141
1061 1051
1062 212
1063 1061
1064 85
1065 402
1066 407
1067 623
1068 166
1069 1063
1070 309
1071 260
1072 61
1073 713
1074 346
1075 369
1076 263
1077 706
1078 175
1079 869
1080 24
1081 817
1082 523
1083 578
1084 269
1085 435
1086 358
1087 1069
1088 13
1089 196
1090 321
1091 1087
1092 110
1093 1091
1094 541
1095 426
1096 131
1097 1093
1098 236
1099 755
1100 63
1101 718
1102 391
1103 1097
1104 38
1105 429
1106 365
1107 296
1108 271
1109 1103
1110 186
1111 679
1112 137
1113 470
1114 547
1115 633
1116 116
1117 1109
1118 451
1119 734
1120 15
1121 901
1122 182
1123 1117
1124 277
1125 108
1126 557
1127 475
1128 86
1129 1123
1130 327
1131 506
1132 281
1133 707
1134 80
1135 669
1136 67
1137 746
1138 563
1139 793
1140 102
1141 785
1142 569
1143 452
1144 77
1145 681
1146 362
1147 899
1148 185
1149 758
1150 171
1151 1129
1152 4
1153 1151
1154 571
1155 210
1156 169
1157 913
1158 382
1159 1003
1160 69
1161 328
1162 395
1163 1153
1164 178
1165 687
1166 329
1167 766
1168 71
1169 815
1170 132
1171 1163
1172 283
1173 494
1174 577
1175 387
1176 50
1177 721
1178 493
1179 508
1180 159
1181 1171
1182 386
1183 605
1184 31
1185 438
1186 587
1187 1181
1188 56
1189 851
1190 195
1191 778
1192 139
1193 1187
1194 394
1195 699
1196 209
1197 340
1198 593
1199 749
1200 18
1201 1193
1202 599
1203 794
1204 205
1205 717
1206 244
1207 871
1208 149
1209 638
1210 147
1211 835
1212 194
1213 1201
1214 601
1215 96
1216 17
1217 1213
1218 230
1219 893
1220 177
1221 434
1222 473
1223 1217
1224 52
1225 225
1226 607
1227 802
1228 293
1229 1223
1230 222
1231 1229
1232 35
1233 524
1234 613
1235 561
1236 202
1237 1231
1238 617
1239 530
1240 87
1241 923
1242 152
1243 763
1244 307
1245 474
1246 415
1247 943
1248 22
1249 1237
1250 81
1251 548
1252 311
1253 865
1254 238
1255 723
1256 151
1257 818
1258 403
1259 1249
1260 60
1261 979
1262 619
1263 838
1264 73
1265 399
1266 398
1267 895
1268 313
1269 344
1270 339
1271 1073
1272 94
1273 1037
1274 275
1275 234
1276 161
1277 1259
1278 268
1279 1277
1280 3
1281 590
1282 631
1283 1279
1284 206
1285 753
1286 641
1287 308
1288 95
1289 1283
1290 246
1291 1289
1292 221
1293 842
1294 643
1295 465
1296 16
1297 1291
1298 371
1299 862
1300 99
1301 1297
1302 290
1303 1301
1304 157
1305 276
1306 647
1307 1303
1308 214
1309 455
1310 381
1311 646
1312 37
1313 1067
1314 284
1315 771
1316 215
1317 866
1318 653
1319 1307
1320 42
1321 1319
1322 659
1323 200
1324 317
1325 423
1326 286
1327 1321
1328 79
1329 878
1330 255
1331 343
1332 124
1333 1189
1334 437
1335 498
1336 163
1337 905
1338 422
1339 1111
1340 183
1341 556
1342 413
1343 949
1344 10
1345 789
1346 661
1347 886
1348 331
1349 1139
1350 72
1351 955
1352 121
1353 518
1354 673
1355 807
1356 218
1357 1007
1358 445
1359 596
1360 39
1361 1327
1362 446
1363 989
1364 203
1365 330
1366 677
1367 1361
1368 68
1369 961
1370 393
1371 898
1372 125
1373 1367
1374 454
1375 189
1376 41
1377 208
1378 517
1379 965
1380 114
1381 1373
1382 683
1383 914
1384 167
1385 813
1386 140
1387 1207
1388 337
1389 922
1390 411
1391 1133
1392 46
1393 985
1394 481
1395 348
1396 347
1397 791
1398 458
1399 1381
1400 45
1401 926
1402 691
1403 1121
1404 88
1405 831
1406 527
1407 610
1408 7
1409 1399
1410 258
1411 1027
1412 349
1413 604
1414 485
1415 843
1416 106
1417 1177
1418 701
1419 574
1420 201
1421 575
1422 292
1423 1409
1424 83
1425 306
1426 551
1427 1423
1428 130
1429 1427
1430 231
1431 376
1432 173
1433 1429
1434 466
1435 555
1436 353
1437 934
1438 709
1439 1433
1440 12
1441 889
1442 505
1443 682
1444 289
1445 507
1446 478
1447 1439
1448 179
1449 380
1450 207
1451 1447
1452 98
1453 1451
1454 719
1455 534
1456 55
1457 1247
1458 64
1459 1453
1460 213
1461 958
1462 533
1463 595
1464 118
1465 849
1466 727
1467 628
1468 359
1469 1199
1470 150
1471 1459
1472 19
1473 974
1474 427
1475 477
1476 148
1477 995
1478 733
1479 598
1480 93
1481 1471
1482 374
1483 1481
1484 235
1485 168
1486 739
1487 1483
1488 58
1489 1487
1490 417
1491 670
1492 367
1493 1489
1494 316
1495 627
1496 91
1497 982
1498 515
1499 1493
1500 54
1501 1241
1502 743
1503 652
1504 43
1505 615
1506 482
1507 917
1508 253
1509 998
1510 447
1511 1499
1512 40
1513 1079
1514 751
1515 582
1516 373
1517 1147
1518 266
1519 725
1520 51
1521 484
1522 757
1523 1511
1524 226
1525 531
1526 535
1527 1006
1528 181
1529 959
1530 156
1531 1523
1532 379
1533 710
1534 583
1535 879
1536 2
1537 1081
1538 761
1539 272
1540 105
1541 1159
1542 502
1543 1531
1544 191
1545 606
1546 769
1547 715
1548 164
1549 1543
1550 261
1551 602
1552 89
1553 1549
1554 310
1555 921
1556 383
1557 668
1558 629
1559 1553
1560 66
1561 1055
1562 469
1563 1018
1564 247
1565 933
1566 184
1567 1559
1568 25
1569 1042
1570 453
1571 1567
1572 254
1573 539
1574 773
1575 180
1576 193
1577 1343
1578 514
1579 1571
1580 219
1581 754
1582 545
1583 1579
1584 28
1585 939
1586 649
1587 722
1588 389
1589 1115
1590 282
1591 1271
1592 197
1593 424
1594 787
1595 483
1596 170
1597 1583
1598 559
1599 814
1600 9
1601 1597
1602 332
1603 1135
1604 397
1605 618
1606 497
1607 1601
1608 122
1609 1607
1610 285
1611 692
1612 319
1613 1609
1614 526
1615 663
1616 97
1617 350
1618 797
1619 1613
1620 48
1621 1619
1622 809
1623 1046
1624 115
1625 297
1626 538
1627 1621
1628 217
1629 716
1630 471
1631 1145
1632 26
1633 1273
1634 697
1635 642
1636 401
1637 1627
1638 220
1639 973
1640 111
1641 1082
1642 811
1643 1363
1644 262
1645 645
1646 821
1647 472
1648 101
1649 1157
1650 126
1651 1243
1652 265
1653 782
1654 823
1655 951
1656 76
1657 1637
1658 827
1659 730
1660 237
1661 1043
1662 542
1663 1657
1664 11
1665 372
1666 325
1667 1663
1668 274
1669 1667
1670 489
1671 1094
1672 119
1673 1165
1674 232
1675 549
1676 409
1677 902
1678 829
1679 1349
1680 30
1681 1369
1682 529
1683 364
1684 419
1685 993
1686 554
1687 1195
1688 199
1689 1114
1690 363
1691 1411
1692 172
1693 1669
1694 245
1695 654
1696 47
1697 1693
1698 562
1699 1697
1700 117
1701 160
1702 589
1703 1397
1704 134
1705 609
1706 839
1707 1126
1708 295
1709 1699
1710 204
1711 1219
1712 103
1713 1138
1714 853
1715 375
1716 154
1717 1261
1718 857
1719 724
1720 123
1721 1709
1722 370
1723 1721
1724 421
1725 342
1726 859
1727 1057
1728 8
1729 935
1730 501
1731 1142
1732 431
1733 1723
1734 338
1735 1011
1736 145
1737 764
1738 511
1739 1333
1740 138
1741 1733
1742 671
1743 790
1744 107
1745 1041
1746 356
1747 1741
1748 323
1749 658
1750 135
1751 1313
1752 142
1753 1747
1754 863
1755 264
1756 433
1757 1205
1758 566
1759 1753
1760 21
1761 1154
1762 877
1763 1517
1764 100
1765 1047
1766 881
1767 986
1768 143
1769 1357
1770 318
1771 665
1772 439
1773 772
1774 883
1775 603
1776 62
1777 1759
1778 565
1779 1174
1780 249
1781 1441
1782 112
1783 1777
1784 211
1785 390
1786 731
1787 1783
1788 278
1789 1787
1790 519
1791 788
1792 5
1793 1099
1794 418
1795 1059
1796 443
1797 1186
1798 667
1799 1255
1800 36
1801 1789
1802 611
1803 1198
1804 259
1805 867
1806 410
1807 1507
1808 109
1809 488
1810 537
1811 1801
1812 298
1813 775
1814 887
1815 294
1816 223
1817 1387
1818 388
1819 1339
1820 165
1821 1202
1822 907
1823 1811
1824 34
1825 639
1826 553
1827 460
1828 449
1829 1537
1830 354
1831 1823
1832 227
1833 946
1834 635
1835 1077
1836 104
1837 1141
1838 911
1839 1214
1840 57
1841 1285
1842 586
1843 1513
1844 457
1845 444
1846 737
1847 1831
1848 70
1849 1681
1850 279
1851 1226
1852 461
1853 1391
1854 404
1855 705
1856 23
1857 1234
1858 919
1859 847
1860 174
1861 1847
1862 425
1863 304
1864 229
1865 1101
1866 614
1867 1861
1868 463
1869 830
1870 273
1871 1867
1872 44
1873 1871
1874 929
1875 162
1876 305
1877 1873
1878 622
1879 1877
1880 129
1881 476
1882 937
1883 1315
1884 302
1885 759
1886 703
1887 806
1888 53
1889 1879
1890 120
1891 1711
1892 287
1893 1238
1894 941
1895 1119
1896 146
1897 1345
1898 781
1899 796
1900 153
1901 1889
1902 626
1903 1169
1904 65
1905 678
1906 947
1907 1901
1908 188
1909 1501
1910 543
1911 550
1912 233
1913 1907
1914 322
1915 1137
1916 467
1917 536
1918 655
1919 1649
1920 6
1921 1417
1922 841
1923 1262
1924 341
1925 315
1926 412
1927 1591
1928 239
1929 1282
1930 573
1931 1913
1932 190
1933 1931
1934 953
1935 492
1936 49
1937 1529
1938 442
1939 1355
1940 267
1941 1286
1942 967
1943 1403
1944 32
1945 1149
1946 685
1947 742
1948 479
1949 1933
1950 198
1951 1949
1952 59
1953 580
1954 971
1955 741
1956 314
1957 1717
1958 581
1959 1294
1960 75
1961 1457
1962 428
1963 1639
1964 487
1965 762
1966 977
1967 1385
1968 74
1969 1211
1970 579
1971 568
1972 299
1973 1951
1974 430
1975 657
1976 187
1977 1306
1978 779
1979 1973
1980 84
1981 1405
1982 983
1983 1318
1984 29
1985 1167
1986 634
1987 1979
1988 335
1989 572
1990 591
1991 1253
1992 158
1993 1987
1994 991
1995 510
1996 491
1997 1993
1998 248
1999 1997
2000 27
2001 874
2002 385
2003 1999
2004 326
2005 1191
2006 689
2007 844
2008 241
2009 925
2010 366
2011 2003
2012 499
2013 826
2014 799
2015 957
2016 20
2017 2011
2018 997
2019 1322
2020 291
2021 1763
2022 662
2023 845
2024 133
2025 144
2026 1009
2027 2017
2028 242
2029 2027
2030 345
2031 1346
2032 113
2033 1751
2034 436
2035 651
2036 503
2037 890
2038 1013
2039 2029
2040 78
2041 1661
2042 1019
2043 892
2044 355
2045 1203
2046 406
2047 1577
2048 1
2049 1354
2050 333
2051 1415
2052 136
2053 2039
2054 803
2055 786
2056 251
2057 637
2058 250
2059 1541
2060 303
2061 908
2062 1021
2063 2053
2064 82
2065 795
2066 1031
2067 1034
2068 301
2069 2063
2070 228
2071 1819
2072 155
2073 1366
2074 767
2075 711
2076 334
2077 1769
2078 1033
2079 280
2080 33
2081 2069
2082 674
2083 2081
2084 509
2085 822
2086 695
2087 2083
2088 92
2089 2087
2090 357
2091 962
2092 521
2093 1045
2094 694
2095 1227
2096 127
2097 916
2098 1039
2099 2089
2100 90
2101 1267
2102 1049
2103 1382
2104 257
2105 1257
2106 176
2107 1025
2108 377
2109 1054
2110 597
2111 2099
2112 14
2113 2111
2114 745
2115 516
2116 361
2117 1633
2118 698
2119 1727
2120 141
2121 970
2122 1051
2123 1337
2124 212
2125 351
2126 1061
2127 1402
2128 85
2129 2113
2130 402
2131 2129
2132 407
2133 584
2134 623
2135 885
2136 166
2137 2131
2138 1063
2139 1102
2140 309
2141 2137
2142 260
2143 2141
2144 61
2145 462
2146 713
2147 1853
2148 346
2149 1465
2150 369
2151 932
2152 263
2153 2143
2154 706
2155 1263
2156 175
2157 1418
2158 869
2159 1469
2160 24
2161 2153
2162 817
2163 1010
2164 523
2165 1293
2166 578
2167 1351
2168 269
2169 956
2170 435
2171 1793
2172 358
2173 1739
2174 1069
2175 414
2176 13
2177 1535
2178 196
2179 2161
2180 321
2181 1438
2182 1087
2183 1643
2184 110
2185 969
2186 1091
2187 128
2188 541
2189 1379
2190 426
2191 1555
2192 131
2193 1066
2194 1093
2195 1299
2196 236
2197 1331
2198 755
2199 1454
2200 63
2201 1943
2202 718
2203 2179
2204 391
2205 300
2206 1097
2207 2203
2208 38
2209 1849
2210 429
2211 854
2212 365
2213 2207
2214 296
2215 1317
2216 271
2217 1466
2218 1103
2219 1565
2220 186
2221 2213
2222 679
2223 748
2224 137
2225 747
2226 470
2227 1651
2228 547
2229 1478
2230 633
2231 1691
2232 116
2233 805
2234 1109
2235 834
2236 451
2237 2221
2238 734
2239 2237
2240 15
2241 632
2242 901
2243 2239
2244 182
2245 1329
2246 1117
2247 1030
2248 277
2249 1837
2250 108
2251 2243
2252 557
2253 1486
2254 475
2255 777
2256 86
2257 1829
2258 1123
2259 964
2260 327
2261 1105
2262 506
2263 2059
2264 281
2265 894
2266 707
2267 2251
2268 80
2269 2267
2270 669
2271 1502
2272 67
2273 2269
2274 746
2275 495
2276 563
2277 532
2278 793
2279 1927
2280 102
2281 2273
2282 785
2283 1514
2284 569
2285 1347
2286 452
2287 2281
2288 77
2289 1070
2290 681
2291 1679
2292 362
2293 2287
2294 899
2295 312
2296 185
2297 2293
2298 758
2299 833
2300 171
2301 1166
2302 1129
2303 1075
2304 4
2305 1371
2306 1151
2307 1522
2308 571
2309 2297
2310 210
2311 2309
2312 169
2313 1004
2314 913
2315 1383
2316 382
2317 1585
2318 1003
2319 1538
2320 69
2321 1393
2322 328
2323 1843
2324 395
2325 522
2326 1153
2327 1903
2328 178
2329 1703
2330 687
2331 620
2332 329
2333 2311
2334 766
2335 1389
2336 71
2337 1258
2338 815
2339 2333
2340 132
2341 2339
2342 1163
2343 938
2344 283
2345 915
2346 494
2347 2341
2348 577
2349 368
2350 387
2351 2347
2352 50
2353 1969
2354 721
2355 906
2356 493
2357 2351
2358 508
2359 1655
2360 159
2361 1546
2362 1171
2363 1781
2364 386
2365 861
2366 605
2367 1028
2368 31
2369 1919
2370 438
2371 2357
2372 587
2373 1090
2374 1181
2375 459
2376 56
2377 2371
2378 851
2379 1298
2380 195
2381 2377
2382 778
2383 2381
2384 139
2385 564
2386 1187
2387 1015
2388 394
2389 2383
2390 699
2391 1574
2392 209
2393 2389
2394 340
2395 1401
2396 593
2397 1118
2398 749
2399 2393
2400 18
2401 625
2402 1193
2403 664
2404 599
2405 1023
2406 794
2407 1817
2408 205
2409 994
2410 717
2411 2399
2412 244
2413 1921
2414 871
2415 570
2416 149
2417 2411
2418 638
2419 1961
2420 147
2421 1052
2422 835
2423 2417
2424 194
2425 801
2426 1201
2427 1594
2428 601
2429 1685
2430 96
2431 1001
2432 17
2433 1618
2434 1213
2435 1437
2436 230
2437 2423
2438 893
2439 1076
2440 177
2441 2437
2442 434
2443 1735
2444 473
2445 942
2446 1217
2447 2441
2448 52
2449 2117
2450 225
2451 1394
2452 607
2453 1477
2454 802
2455 1461
2456 293
2457 440
2458 1223
2459 2447
2460 222
2461 1957
2462 1229
2463 1622
2464 35
2465 897
2466 524
2467 2459
2468 613
2469 1642
2470 561
2471 1745
2472 202
2473 2467
2474 1231
2475 252
2476 617
2477 2473
2478 530
2479 1891
2480 87
2481 1646
2482 923
2483 1991
2484 152
2485 1005
2486 763
2487 1654
2488 307
2489 2159
2490 474
2491 2021
2492 415
2493 1084
2494 943
2495 1473
2496 22
2497 1561
2498 1237
2499 650
2500 81
2501 2183
2502 548
2503 2477
2504 311
2505 978
2506 865
2507 2033
2508 238
2509 2101
2510 723
2511 464
2512 151
2513 1765
2514 818
2515 1497
2516 403
2517 1658
2518 1249
2519 1589
2520 60
2521 2503
2522 979
2523 1058
2524 619
2525 873
2526 838
2527 1445
2528 73
2529 1108
2530 399
2531 2521
2532 398
2533 1807
2534 895
2535 726
2536 313
2537 2173
2538 344
2539 2531
2540 339
2541 490
2542 1073
2543 2539
2544 94
2545 1509
2546 1037
2547 1124
2548 275
2549 2543
2550 234
2551 2549
2552 161
2553 1178
2554 1259
2555 1065
2556 268
2557 2551
2558 1277
2559 1678
2560 3
2561 2123
2562 590
2563 1603
2564 631
2565 408
2566 1279
2567 1937
2568 206
2569 1795
2570 753
2571 1706
2572 641
2573 2291
2574 308
2575 909
2576 95
2577 1714
2578 1283
2579 2557
2580 246
2581 1909
2582 1289
2583 740
2584 221
2585 903
2586 842
2587 2167
2588 643
2589 1718
2590 465
2591 2579
2592 16
2593 2591
2594 1291
2595 1002
2596 371
2597 1175
2598 862
2599 2071
2600 99
2601 676
2602 1297
2603 2227
2604 290
2605 1527
2606 1301
2607 1022
2608 157
2609 2593
2610 276
2611 1835
2612 647
2613 1342
2614 1303
2615 1563
2616 214
2617 2609
2618 455
2619 712
2620 381
2621 2617
2622 646
2623 2419
2624 37
2625 270
2626 1067
2627 2077
2628 284
2629 1631
2630 771
2631 1726
2632 215
2633 2621
2634 866
2635 1131
2636 653
2637 1132
2638 1307
2639 1265
2640 42
2641 2329
2642 1319
2643 1754
2644 659
2645 1083
2646 200
2647 2633
2648 317
2649 1762
2650 423
2651 1673
2652 286
2653 1865
2654 1321
2655 636
2656 79
2657 2647
2658 878
2659 2657
2660 255
2661 1766
2662 343
2663 2659
2664 124
2665 1221
2666 1189
2667 1130
2668 437
2669 1963
2670 498
2671 2663
2672 163
2673 224
2674 905
2675 927
2676 422
2677 2671
2678 1111
2679 1462
2680 183
2681 1895
2682 556
2683 2677
2684 413
2685 1038
2686 949
2687 2683
2688 10
2689 2687
2690 789
2691 836
2692 661
2693 2689
2694 886
2695 525
2696 331
2697 1334
2698 1139
2699 2693
2700 72
2701 2201
2702 955
2703 1222
2704 121
2705 1569
2706 518
2707 2699
2708 673
2709 820
2710 807
2711 2707
2712 218
2713 2711
2714 1007
2715 1074
2716 445
2717 1309
2718 596
2719 2713
2720 39
2721 1774
2722 1327
2723 1915
2724 446
2725 963
2726 989
2727 776
2728 203
2729 2719
2730 330
2731 2729
2732 677
2733 1814
2734 1361
2735 1623
2736 68
2737 1235
2738 961
2739 1106
2740 393
2741 2731
2742 898
2743 2189
2744 125
2745 708
2746 1367
2747 2257
2748 454
2749 2741
2750 189
2751 1270
2752 41
2753 2749
2754 208
2755 1173
2756 517
2757 1822
2758 965
2759 2407
2760 114
2761 1687
2762 1373
2763 1172
2764 683
2765 1095
2766 914
2767 2753
2768 167
2769 1474
2770 813
2771 2041
2772 140
2773 2279
2774 1207
2775 558
2776 337
2777 2767
2778 922
2779 1945
2780 411
2781 808
2782 1133
2783 931
2784 46
2785 1641
2786 985
2787 1838
2788 481
2789 2777
2790 348
2791 2789
2792 347
2793 850
2794 791
2795 1353
2796 458
2797 2791
2798 1381
2799 1228
2800 45
2801 2797
2802 926
2803 2801
2804 691
2805 546
2806 1121
2807 1985
2808 88
2809 2209
2810 831
2811 1858
2812 527
2813 2047
2814 610
2815 1671
2816 7
2817 1244
2818 1399
2819 2803
2820 258
2821 1595
2822 1027
2823 1874
2824 349
2825 981
2826 604
2827 1757
2828 485
2829 1406
2830 843
2831 2363
2832 106
2833 2819
2834 1177
2835 240
2836 701
2837 2833
2838 574
2839 2119
2840 201
2841 1882
2842 575
2843 2837
2844 292
2845 1689
2846 1409
2847 1562
2848 83
2849 1085
2850 306
2851 2843
2852 551
2853 1252
2854 1423
2855 1707
2856 130
2857 2851
2858 1427
2859 1894
2860 231
2861 2857
2862 376
2863 2005
2864 173
2865 1086
2866 1429
2867 2537
2868 466
2869 2533
2870 555
2871 644
2872 353
2873 1573
2874 934
2875 513
2876 709
2877 1310
2878 1433
2879 2861
2880 12
2881 2501
2882 889
2883 1682
2884 505
2885 1713
2886 682
2887 2879
2888 289
2889 824
2890 507
2891 1325
2892 478
2893 1799
2894 1439
2895 1146
2896 179
2897 2887
2898 380
2899 2321
2900 207
2901 1906
2902 1447
2903 2897
2904 98
2905 1185
2906 1451
2907 884
2908 719
2909 2903
2910 534
2911 2479
2912 55
2913 1934
2914 1247
2915 987
2916 64
2917 2909
2918 1453
2919 1370
2920 213
2921 2147
2922 958
2923 2263
2924 533
2925 396
2926 595
2927 2917
2928 118
2929 2231
2930 849
2931 1942
2932 727
2933 2045
2934 628
2935 1731
2936 359
2937 1162
2938 1199
2939 2927
2940 150
2941 2171
2942 1459
2943 856
2944 19
2945 1479
2946 974
2947 2095
2948 427
2949 1954
2950 477
2951 2453
2952 148
2953 2939
2954 995
2955 1158
2956 733
2957 2953
2958 598
2959 1841
2960 93
2961 860
2962 1471
2963 2957
2964 374
2965 1761
2966 1481
2967 1558
2968 235
2969 2963
2970 168
2971 2969
2972 739
2973 1966
2974 1483
2975 585
2976 58
2977 2497
2978 1487
2979 1268
2980 417
2981 1883
2982 670
2983 2567
2984 367
2985 1182
2986 1489
2987 2323
2988 316
2989 1475
2990 627
2991 1982
2992 91
2993 2627
2994 982
2995 1779
2996 515
2997 496
2998 1493
2999 2971
3000 54
3001 2999
3002 1241
3003 770
3004 743
3005 1797
3006 652
3007 2581
3008 43
3009 1378
3010 615
3011 3001
3012 482
3013 2413
3014 917
3015 732
3016 253
3017 2105
3018 998
3019 3011
3020 447
3021 1598
3022 1499
3023 3019
3024 40
3025 441
3026 1079
3027 1994
3028 751
3029 2519
3030 582
3031 2155
3032 373
3033 1324
3034 1147
3035 1803
3036 266
3037 3023
3038 725
3039 2018
3040 51
3041 3037
3042 484
3043 2249
3044 757
3045 690
3046 1511
3047 1897
3048 226
3049 3041
3050 531
3051 872
3052 535
3053 2747
3054 1006
3055 1419
3056 181
3057 2026
3058 959
3059 1615
3060 156
3061 3049
3062 1523
3063 2038
3064 379
3065 1821
3066 710
3067 3061
3068 583
3069 812
3070 879
3071 2449
3072 2
3073 2165
3074 1081
3075 666
3076 761
3077 2327
3078 272
3079 3067
3080 105
3081 1606
3082 1159
3083 3079
3084 502
3085 1839
3086 1531
3087 500
3088 191
3089 3083
3090 606
3091 1939
3092 769
3093 2042
3094 715
3095 1851
3096 164
3097 2669
3098 1543
3099 2062
3100 261
3101 2195
3102 602
3103 2369
3104 89
3105 456
3106 1549
3107 2563
3108 310
3109 3089
3110 921
3111 1534
3112 383
3113 1967
3114 668
3115 1245
3116 629
3117 2066
3118 1553
3119 3109
3120 66
3121 3119
3122 1055
3123 1348
3124 469
3125 243
3126 1018
3127 2491
3128 247
3129 1390
3130 933
3131 2813
3132 184
3133 2629
3134 1559
3135 714
3136 25
3137 3121
3138 1042
3139 2911
3140 453
3141 1388
3142 1567
3143 2215
3144 254
3145 1209
3146 539
3147 2078
3148 773
3149 2623
3150 180
3151 2489
3152 193
3153 2098
3154 1343
3155 1857
3156 514
3157 1295
3158 1571
3159 352
3160 219
3161 2461
3162 754
3163 3137
3164 545
3165 1194
3166 1579
3167 3163
3168 28
3169 3167
3170 939
3171 1490
3172 649
3173 2771
3174 722
3175 1017
3176 389
3177 1396
3178 1115
3179 1183
3180 282
3181 3169
3182 1271
3183 2102
3184 197
3185 825
3186 424
3187 3181
3188 787
3189 2122
3190 483
3191 3187
3192 170
3193 2929
3194 1583
3195 804
3196 559
3197 2603
3198 814
3199 2245
3200 9
3201 1246
3202 1597
3203 3191
3204 332
3205 1893
3206 1135
3207 2126
3208 397
3209 3203
3210 618
3211 2057
3212 497
3213 520
3214 1601
3215 1923
3216 122
3217 3209
3218 1607
3219 1426
3220 285
3221 3217
3222 692
3223 1981
3224 319
3225 738
3226 1609
3227 2285
3228 526
3229 3221
3230 663
3231 1412
3232 97
3233 2773
3234 350
3235 1929
3236 797
3237 1738
3238 1613
3239 2701
3240 48
3241 2305
3242 1619
3243 1634
3244 809
3245 1113
3246 1046
3247 2353
3248 115
3249 1156
3250 297
3251 3229
3252 538
3253 3251
3254 1621
3255 870
3256 217
3257 3253
3258 716
3259 3257
3260 471
3261 2138
3262 1145
3263 2651
3264 26
3265 1941
3266 1273
3267 392
3268 697
3269 2315
3270 642
3271 3259
3272 401
3273 2174
3274 1627
3275 1143
3276 220
3277 2507
3278 973
3279 2182
3280 111
3281 2483
3282 1082
3283 1525
3284 811
3285 852
3286 1363
3287 2839
3288 262
3289 1463
3290 645
3291 2186
3292 821
3293 2573
3294 472
3295 1959
3296 101
3297 1510
3298 1157
3299 3271
3300 126
3301 3299
3302 1243
3303 1436
3304 265
3305 1977
3306 782
3307 3301
3308 823
3309 2194
3310 951
3311 1435
3312 76
3313 3307
3314 1637
3315 858
3316 827
3317 2987
3318 730
3319 3313
3320 237
3321 592
3322 1043
3323 3319
3324 542
3325 765
3326 1657
3327 2206
3328 11
3329 3323
3330 372
3331 3329
3332 325
3333 1358
3334 1663
3335 1311
3336 274
3337 2881
3338 1667
3339 940
3340 489
3341 2761
3342 1094
3343 3331
3344 119
3345 1266
3346 1165
3347 3343
3348 232
3349 2509
3350 549
3351 2218
3352 409
3353 2335
3354 902
3355 1239
3356 829
3357 1468
3358 1349
3359 3347
3360 30
3361 3359
3362 1369
3363 1802
3364 529
3365 1983
3366 364
3367 1705
3368 419
3369 2234
3370 993
3371 3361
3372 554
3373 3371
3374 1195
3375 216
3376 199
3377 2051
3378 1114
3379 3103
3380 363
3381 950
3382 1411
3383 2561
3384 172
3385 2019
3386 1669
3387 2246
3388 245
3389 3373
3390 654
3391 3389
3392 47
3393 1012
3394 1693
3395 1335
3396 562
3397 2993
3398 1697
3399 1414
3400 117
3401 2941
3402 160
3403 2923
3404 589
3405 1338
3406 1397
3407 3391
3408 134
3409 2395
3410 609
3411 1492
3412 839
3413 3407
3414 1126
3415 2031
3416 295
3417 1586
3418 1699
3419 2827
3420 204
3421 2149
3422 1219
3423 1570
3424 103
3425 1179
3426 1138
3427 2641
3428 853
3429 904
3430 375
3431 3053
3432 154
3433 3413
3434 1261
3435 1362
3436 857
3437 2435
3438 724
3439 3043
3440 123
3441 1798
3442 1709
3443 2177
3444 370
3445 1551
3446 1721
3447 1516
3448 421
3449 3433
3450 342
3451 1495
3452 859
3453 2258
3454 1057
3455 2049
3456 8
3457 3449
3458 935
3459 2302
3460 501
3461 3457
3462 1142
3463 3461
3464 431
3465 420
3466 1723
3467 3463
3468 338
3469 3467
3470 1011
3471 1826
3472 145
3473 2831
3474 764
3475 1233
3476 511
3477 2006
3478 1333
3479 1675
3480 138
3481 2809
3482 1733
3483 656
3484 671
3485 1443
3486 790
3487 2191
3488 107
3489 2306
3490 1041
3491 3469
3492 356
3493 2455
3494 1741
3495 1374
3496 323
3497 2893
3498 658
3499 3491
3500 135
3501 1532
3502 1313
3503 3161
3504 142
3505 2073
3506 1747
3507 1630
3508 863
3509 1127
3510 264
3511 3499
3512 433
3513 2326
3514 1205
3515 1581
3516 566
3517 3511
3518 1753
3519 988
3520 21
3521 2495
3522 1154
3523 2959
3524 877
3525 774
3526 1517
3527 3517
3528 100
3529 3527
3530 1047
3531 1442
3532 881
3533 3529
3534 986
3535 1455
3536 143
3537 1016
3538 1357
3539 3533
3540 318
3541 3539
3542 665
3543 2342
3544 439
3545 2103
3546 772
3547 3541
3548 883
3549 1210
3550 603
3551 2867
3552 62
3553 1547
3554 1759
3555 876
3556 565
3557 3547
3558 1174
3559 3557
3560 249
3561 2362
3562 1441
3563 2515
3564 112
3565 1653
3566 1777
3567 1702
3568 211
3569 3239
3570 390
3571 3559
3572 731
3573 1556
3574 1783
3575 693
3576 278
3577 1775
3578 1787
3579 2374
3580 519
3581 3571
3582 788
3583 3581
3584 5
3585 1398
3586 1099
3587 2587
3588 418
3589 2759
3590 1059
3591 680
3592 443
3593 3583
3594 1186
3595 2127
3596 667
3597 1498
3598 1255
3599 3127
3600 36
3601 2981
3602 1789
3603 2386
3604 611
3605 1515
3606 1198
3607 3593
3608 259
3609 1588
3610 867
3611 2869
3612 410
3613 3607
3614 1507
3615 1434
3616 109
3617 3613
3618 488
3619 1505
3620 537
3621 1742
3622 1801
3623 3617
3624 298
3625 621
3626 775
3627 1276
3628 887
3629 3077
3630 294
3631 3623
3632 223
3633 1670
3634 1387
3635 2157
3636 388
3637 3631
3638 1339
3639 2402
3640 165
3641 2219
3642 1202
3643 3637
3644 907
3645 192
3646 1811
3647 2545
3648 34
3649 3071
3650 639
3651 2426
3652 553
3653 3047
3654 460
3655 1599
3656 449
3657 1786
3658 1537
3659 3643
3660 354
3661 2605
3662 1823
3663 868
3664 227
3665 2181
3666 946
3667 3247
3668 635
3669 2434
3670 1077
3671 3659
3672 104
3673 3671
3674 1141
3675 450
3676 911
3677 3673
3678 1214
3679 3091
3680 57
3681 1604
3682 1285
3683 2599
3684 586
3685 1281
3686 1513
3687 2446
3688 457
3689 1885
3690 444
3691 3677
3692 737
3693 2458
3694 1831
3695 2199
3696 70
3697 3691
3698 1681
3699 1048
3700 279
3701 3697
3702 1226
3703 1805
3704 461
3705 1122
3706 1391
3707 2317
3708 404
3709 3701
3710 705
3711 2462
3712 23
3713 3139
3714 1234
3715 2217
3716 919
3717 1060
3718 847
3719 3709
3720 174
3721 3481
3722 1847
3723 1846
3724 425
3725 1251
3726 304
3727 3719
3728 229
3729 1526
3730 1101
3731 2035
3732 614
3733 3727
3734 1861
3735 948
3736 463
3737 3007
3738 830
3739 3733
3740 273
3741 1886
3742 1867
3743 3281
3744 44
3745 1545
3746 1871
3747 2474
3748 929
3749 2983
3750 162
3751 1421
3752 305
3753 1096
3754 1873
3755 2229
3756 622
3757 1859
3758 1877
3759 1730
3760 129
3761 3739
3762 476
3763 3149
3764 937
3765 1446
3766 1315
3767 3761
3768 302
3769 3767
3770 759
3771 1636
3772 703
3773 875
3774 806
3775 1341
3776 53
3777 2498
3778 1879
3779 3769
3780 120
3781 3349
3782 1711
3783 1958
3784 287
3785 2253
3786 1238
3787 2615
3788 941
3789 1676
3790 1119
3791 2743
3792 146
3793 3779
3794 1345
3795 798
3796 781
3797 3793
3798 796
3799 2921
3800 153
3801 1790
3802 1889
3803 3797
3804 626
3805 2271
3806 1169
3807 688
3808 65
3809 3113
3810 678
3811 3131
3812 947
3813 2146
3814 1901
3815 1605
3816 188
3817 2359
3818 1501
3819 2074
3820 543
3821 3803
3822 550
3823 3821
3824 233
3825 468
3826 1907
3827 3403
3828 322
3829 2705
3830 1137
3831 2518
3832 467
3833 3823
3834 536
3835 1749
3836 655
3837 2554
3838 1649
3839 2429
3840 6
3841 3097
3842 1417
3843 1180
3844 841
3845 2283
3846 1262
3847 3833
3848 341
3849 2558
3850 315
3851 3847
3852 412
3853 3851
3854 1591
3855 1506
3856 239
3857 1955
3858 1282
3859 2899
3860 573
3861 616
3862 1913
3863 3853
3864 190
3865 2307
3866 1931
3867 2566
3868 953
3869 3337
3870 492
3871 1825
3872 49
3873 2578
3874 1529
3875 783
3876 442
3877 3863
3878 1355
3879 1684
3880 267
3881 3877
3882 1286
3883 2443
3884 967
3885 930
3886 1403
3887 2299
3888 32
3889 3881
3890 1149
3891 2582
3892 685
3893 2951
3894 742
3895 1887
3896 479
3897 1724
3898 1933
3899 2735
3900 198
3901 3397
3902 1949
3903 2594
3904 59
3905 1407
3906 580
3907 3889
3908 971
3909 2602
3910 741
3911 3907
3912 314
3913 2255
3914 1717
3915 552
3916 581
3917 3911
3918 1294
3919 3917
3920 75
3921 2606
3922 1457
3923 3919
3924 428
3925 1359
3926 1639
3927 910
3928 487
3929 3923
3930 762
3931 3929
3932 977
3933 1292
3934 1385
3935 2319
3936 74
3937 3277
3938 1211
3939 2134
3940 579
3941 2785
3942 568
3943 3931
3944 299
3945 1542
3946 1951
3947 3943
3948 430
3949 2471
3950 657
3951 1732
3952 187
3953 3233
3954 1306
3955 1635
3956 779
3957 2614
3958 1973
3959 3193
3960 84
3961 2977
3962 1405
3963 2638
3964 983
3965 1947
3966 1318
3967 3947
3968 29
3969 400
3970 1167
3971 2023
3972 634
3973 3013
3974 1979
3975 846
3976 335
3977 3293
3978 572
3979 3173
3980 591
3981 2642
3982 1253
3983 2815
3984 158
3985 2361
3986 1987
3987 1756
3988 991
3989 3967
3990 510
3991 3223
3992 491
3993 686
3994 1993
3995 1677
3996 248
3997 2845
3998 1997
3999 2378
4000 27
4001 3989
4002 874
4003 4001
4004 385
4005 996
4006 1999
4007 4003
4008 326
4009 3383
4010 1191
4011 1810
4012 689
4013 4007
4014 844
4015 1491
4016 241
4017 2222
4018 925
4019 4013
4020 366
4021 4019
4022 2003
4023 1112
4024 499
4025 855
4026 826
4027 4021
4028 799
4029 1898
4030 957
4031 3151
4032 20
4033 3317
4034 2011
4035 1578
4036 997
4037 2513
4038 1322
4039 2855
4040 291
4041 1772
4042 1763
4043 3377
4044 662
4045 2391
4046 845
4047 2278
4048 133
4049 4027
4050 144
4051 4049
4052 1009
4053 1910
4054 2017
4055 2427
4056 242
4057 4051
4058 2027
4059 1036
4060 345
4061 3683
4062 1346
4063 3029
4064 113
4065 1614
4066 1751
4067 1975
4068 436
4069 3421
4070 651
4071 2014
4072 503
4073 4057
4074 890
4075 1413
4076 1013
4077 1192
4078 2029
4079 4073
4080 78
4081 1645
4082 1661
4083 2654
4084 1019
4085 2091
4086 892
4087 3599
4088 355
4089 1978
4090 1203
4091 4079
4092 406
4093 4091
4094 1577
4095 660
4096 1
4097 3107
4098 1354
4099 4093
4100 333
4101 2722
4102 1415
4103 2569
4104 136
4105 2433
4106 2039
4107 1922
4108 803
4109 2885
4110 786
4111 4099
4112 251
4113 1796
4114 637
4115 2463
4116 250
4117 3287
4118 1541
4119 2734
4120 303
4121 3443
4122 908
4123 2465
4124 1021
4125 378
4126 2053
4127 4111
4128 82
4129 4127
4130 795
4131 416
4132 1031
4133 4129
4134 1034
4135 2469
4136 301
4137 1930
4138 2063
4139 4133
4140 228
4141 3589
4142 1819
4143 2746
4144 155
4145 2481
4146 1366
4147 1771
4148 767
4149 1828
4150 711
4151 2935
4152 334
4153 4139
4154 1769
4155 1626
4156 1033
4157 4153
4158 280
4159 4157
4160 33
4161 2414
4162 2069
4163 3401
4164 674
4165 975
4166 2081
4167 1844
4168 509
4169 2611
4170 822
4171 3649
4172 695
4173 2266
4174 2083
4175 1467
4176 92
4177 4159
4178 2087
4179 1970
4180 357
4181 3379
4182 962
4183 3569
4184 521
4185 696
4186 1045
4187 3431
4188 694
4189 3551
4190 1227
4191 1582
4192 127
4193 2965
4194 916
4195 2487
4196 1039
4197 2762
4198 2089
4199 2431
4200 90
4201 4177
4202 1267
4203 1852
4204 1049
4205 1587
4206 1382
4207 2995
4208 257
4209 2242
4210 1257
4211 4201
4212 176
4213 2653
4214 1025
4215 1662
4216 377
4217 4211
4218 1054
4219 4217
4220 597
4221 1220
4222 2099
4223 3737
4224 14
4225 1089
4226 2111
4227 2798
4228 745
4229 4219
4230 516
4231 4229
4232 361
4233 2054
4234 1633
4235 735
4236 698
4237 3587
4238 1727
4239 1208
4240 141
4241 4231
4242 970
4243 4241
4244 1051
4245 1686
4246 1337
4247 3799
4248 212
4249 3005
4250 351
4251 2354
4252 1061
4253 4243
4254 1402
4255 1767
4256 85
4257 1148
4258 2113
4259 4253
4260 402
4261 4259
4262 2129
4263 1150
4264 407
4265 2517
4266 584
4267 3133
4268 623
4269 2818
4270 885
4271 4261
4272 166
4273 4271
4274 2131
4275 612
4276 1063
4277 2365
4278 1102
4279 2681
4280 309
4281 2846
4282 2137
4283 4273
4284 260
4285 2559
4286 2141
4287 2854
4288 61
4289 4283
4290 462
4291 3035
4292 713
4293 752
4294 1853
4295 2571
4296 346
4297 4289
4298 1465
4299 2858
4300 369
4301 1729
4302 932
4303 3487
4304 263
4305 1110
4306 2143
4307 3763
4308 706
4309 3973
4310 1263
4311 1868
4312 175
4313 3791
4314 1418
4315 2577
4316 869
4317 2866
4318 1469
4319 3065
4320 24
4321 3197
4322 2153
4323 1778
4324 817
4325 1503
4326 1010
4327 4297
4328 523
4329 1364
4330 1293
4331 3953
4332 578
4333 3085
4334 1351
4335 1014
4336 269
4337 4327
4338 956
4339 4337
4340 435
4341 2878
4342 1793
4343 3977
4344 358
4345 1533
4346 1739
4347 760
4348 1069
4349 4339
4350 414
4351 3859
4352 13
4353 2894
4354 1535
4355 2013
4356 196
4357 4349
4358 2161
4359 2902
4360 321
4361 2075
4362 1438
4363 4357
4364 1087
4365 1068
4366 1643
4367 2723
4368 110
4369 3263
4370 969
4371 2494
4372 1091
4373 4363
4374 128
4375 405
4376 541
4377 2906
4378 1379
4379 3427
4380 426
4381 3641
4382 1555
4383 1916
4384 131
4385 2589
4386 1066
4387 3811
4388 1093
4389 1190
4390 1299
4391 4373
4392 236
4393 3439
4394 1331
4395 1698
4396 755
4397 4391
4398 1454
4399 3713
4400 63
4401 1256
4402 1943
4403 2015
4404 718
4405 2631
4406 2179
4407 2398
4408 391
4409 4397
4410 300
4411 2779
4412 1097
4413 2918
4414 2203
4415 2643
4416 38
4417 3095
4418 1849
4419 1948
4420 429
4421 4409
4422 854
4423 4421
4424 365
4425 954
4426 2207
4427 3893
4428 296
4429 4141
4430 1317
4431 1990
4432 271
4433 2233
4434 1466
4435 2649
4436 1103
4437 1196
4438 1565
4439 3629
4440 186
4441 4423
4442 2213
4443 2942
4444 679
4445 1695
4446 748
4447 4441
4448 137
4449 2962
4450 747
4451 4447
4452 470
4453 4189
4454 1651
4455 336
4456 547
4457 4451
4458 1478
4459 1375
4460 633
4461 2966
4462 1691
4463 4457
4464 116
4465 2193
4466 805
4467 2974
4468 1109
4469 3959
4470 834
4471 3341
4472 451
4473 1340
4474 2221
4475 1557
4476 734
4477 1519
4478 2237
4479 2978
4480 15
4481 4463
4482 632
4483 4481
4484 901
4485 1254
4486 2239
4487 3155
4488 182
4489 3721
4490 1329
4491 1964
4492 1117
4493 4483
4494 1030
4495 2001
4496 277
4497 2986
4498 1837
4499 2807
4500 108
4501 3205
4502 2243
4503 2482
4504 557
4505 1833
4506 1486
4507 4493
4508 475
4509 1304
4510 777
4511 3707
4512 86
4513 4507
4514 1829
4515 1230
4516 1123
4517 4513
4518 964
4519 4517
4520 327
4521 1834
4522 1105
4523 4519
4524 506
4525 1611
4526 2059
4527 1996
4528 281
4529 3215
4530 894
4531 3667
4532 707
4533 2998
4534 2251
4535 2661
4536 80
4537 3817
4538 2267
4539 2158
4540 669
4541 3961
4542 1502
4543 1855
4544 67
4545 1164
4546 2269
4547 4523
4548 746
4549 4547
4550 495
4551 2294
4552 563
4553 3473
4554 532
4555 2721
4556 793
4557 1450
4558 1927
4559 3827
4560 102
4561 4549
4562 2273
4563 968
4564 785
4565 1659
4566 1514
4567 4561
4568 569
4569 3022
4570 1347
4571 3235
4572 452
4573 3419
4574 2281
4575 1062
4576 77
4577 3743
4578 1070
4579 4063
4580 681
4581 2012
4582 1679
4583 4567
4584 362
4585 1905
4586 2287
4587 1918
4588 899
4589 3839
4590 312
4591 4583
4592 185
4593 3046
4594 2293
4595 2733
4596 758
4597 4591
4598 833
4599 1420
4600 171
4601 4223
4602 1166
4603 4597
4604 1129
4605 1758
4606 1075
4607 3497
4608 4
4609 2863
4610 1371
4611 2162
4612 1151
4613 3265
4614 1522
4615 2211
4616 571
4617 544
4618 2297
4619 4031
4620 210
4621 4603
4622 2309
4623 2318
4624 169
4625 837
4626 1004
4627 3295
4628 913
4629 3062
4630 1383
4631 2933
4632 382
4633 4033
4634 1585
4635 1212
4636 1003
4637 4621
4638 1538
4639 4637
4640 69
4641 1430
4642 1393
4643 4639
4644 328
4645 2757
4646 1843
4647 3086
4648 395
4649 4643
4650 522
4651 4649
4652 1153
4653 1204
4654 1903
4655 1275
4656 178
4657 4651
4658 1703
4659 3098
4660 687
4661 3869
4662 620
4663 4657
4664 329
4665 1842
4666 2311
4667 3883
4668 766
4669 2185
4670 1389
4671 1336
4672 71
4673 4663
4674 1258
4675 819
4676 815
4677 3106
4678 2333
4679 4673
4680 132
4681 4321
4682 2339
4683 2110
4684 1163
4685 2787
4686 938
4687 4387
4688 283
4689 2036
4690 915
4691 4679
4692 494
4693 3179
4694 2341
4695 1866
4696 577
4697 2065
4698 368
4699 3503
4700 387
4701 3118
4702 2347
4703 4691
4704 50
4705 2811
4706 1969
4707 2084
4708 721
4709 3523
4710 906
4711 3305
4712 493
4713 3134
4714 2351
4715 2109
4716 508
4717 3901
4718 1655
4719 1078
4720 159
4721 4703
4722 1546
4723 4721
4724 1171
4725 360
4726 1781
4727 3611
4728 386
4729 4723
4730 861
4731 2686
4732 605
4733 4729
4734 1028
4735 2823
4736 31
4737 3142
4738 1919
4739 3365
4740 438
4741 2947
4742 2357
4743 1508
4744 587
4745 2343
4746 1090
4747 4171
4748 1181
4749 3158
4750 459
4751 4733
4752 56
4753 2225
4754 2371
4755 1878
4756 851
4757 4087
4758 1298
4759 4751
4760 195
4761 1444
4762 2377
4763 3017
4764 778
4765 2841
4766 2381
4767 2230
4768 139
4769 4097
4770 564
4771 3949
4772 1187
4773 2542
4774 1015
4775 1629
4776 394
4777 3601
4778 2383
4779 848
4780 699
4781 3385
4782 1574
4783 4759
4784 209
4785 966
4786 2389
4787 4783
4788 340
4789 4787
4790 1401
4791 3166
4792 593
4793 4789
4794 1118
4795 1965
4796 749
4797 1628
4798 2393
4799 4793
4800 18
4801 4799
4802 625
4803 3194
4804 1193
4805 2523
4806 664
4807 2261
4808 599
4809 2270
4810 1023
4811 3653
4812 794
4813 4801
4814 1817
4815 1236
4816 205
4817 4813
4818 994
4819 4307
4820 717
4821 3202
4822 2399
4823 2585
4824 244
4825 1719
4826 1921
4827 3214
4828 871
4829 3031
4830 570
4831 4817
4832 149
4833 1384
4834 2411
4835 2859
4836 638
4837 3415
4838 1961
4839 3218
4840 147
4841 4343
4842 1052
4843 3749
4844 835
4845 1326
4846 2417
4847 3937
4848 194
4849 4037
4850 801
4851 700
4852 1201
4853 3781
4854 1594
4855 2901
4856 601
4857 3226
4858 1685
4859 4469
4860 96
4861 4831
4862 1001
4863 3238
4864 17
4865 2055
4866 1618
4867 4379
4868 1213
4869 2092
4870 1437
4871 4861
4872 230
4873 3073
4874 2423
4875 594
4876 893
4877 4871
4878 1076
4879 2405
4880 177
4881 3242
4882 2437
4883 4267
4884 434
4885 2913
4886 1735
4887 1432
4888 473
4889 4877
4890 942
4891 4331
4892 1217
4893 2290
4894 2441
4895 1743
4896 52
4897 4187
4898 2117
4899 2546
4900 225
4901 2783
4902 1394
4903 4889
4904 607
4905 1284
4906 1477
4907 3455
4908 802
4909 4903
4910 1461
4911 3254
4912 293
4913 2197
4914 440
4915 2931
4916 1223
4917 1946
4918 2447
4919 4909
4920 222
4921 2635
4922 1957
4923 2164
4924 1229
4925 1737
4926 1622
4927 4103
4928 35
4929 2726
4930 897
4931 4919
4932 524
4933 4931
4934 2459
4935 1290
4936 613
4937 4933
4938 1642
4939 3101
4940 561
4941 944
4942 1745
4943 4937
4944 202
4945 2337
4946 2467
4947 2314
4948 1231
4949 2425
4950 252
4951 4943
4952 617
4953 2486
4954 2473
4955 2949
4956 530
4957 4951
4958 1891
4959 1564
4960 87
4961 1813
4962 1646
4963 3505
4964 923
4965 1902
4966 1991
4967 4957
4968 152
4969 4967
4970 1005
4971 3274
4972 763
4973 4969
4974 1654
4975 1773
4976 307
4977 1460
4978 2159
4979 4169
4980 474
4981 3679
4982 2021
4983 2086
4984 415
4985 2973
4986 1084
4987 4973
4988 943
4989 3314
4990 1473
4991 2755
4992 22
4993 4987
4994 1561
4995 744
4996 1237
4997 4369
4998 650
4999 4993
5000 81
5001 3326
5002 2183
5003 4999
5004 548
5005 1155
5006 2477
5007 3334
5008 311
5009 5003
5010 978
5011 5009
5012 865
5013 2188
5014 2033
5015 2067
5016 238
5017 3841
5018 2101
5019 2330
5020 723
5021 5011
5022 464
5023 5021
5024 151
5025 1098
5026 1765
5027 3143
5028 818
5029 4429
5030 1497
5031 1804
5032 403
5033 3545
5034 1658
5035 2397
5036 1249
5037 2698
5038 1589
5039 5023
5040 60
5041 4489
5042 2503
5043 2738
5044 979
5045 2991
5046 1058
5047 2525
5048 619
5049 728
5050 873
5051 5039
5052 838
5053 4553
5054 1445
5055 1986
5056 73
5057 4213
5058 1108
5059 5051
5060 399
5061 2390
5062 2521
5063 4661
5064 398
5065 3027
5066 1807
5067 2228
5068 895
5069 4061
5070 726
5071 3199
5072 313
5073 2822
5074 2173
5075 1035
5076 344
5077 5059
5078 2531
5079 3338
5080 339
5081 5077
5082 490
5083 2717
5084 1073
5085 1308
5086 2539
5087 5081
5088 94
5089 3595
5090 1509
5091 3386
5092 1037
5093 3227
5094 1124
5095 3039
5096 275
5097 3394
5098 2543
5099 5087
5100 234
5101 5099
5102 2549
5103 320
5104 161
5105 3057
5106 1178
5107 5101
5108 1259
5109 2794
5110 1065
5111 4471
5112 268
5113 5107
5114 2551
5115 1218
5116 1277
5117 2665
5118 1678
5119 5113
5120 3
5121 2252
5122 2123
5123 4601
5124 590
5125 999
5126 1603
5127 3398
5128 631
5129 4009
5130 408
5131 3635
5132 1279
5133 2438
5134 1937
5135 2409
5136 206
5137 3241
5138 1795
5139 2276
5140 753
5141 4183
5142 1706
5143 4247
5144 641
5145 750
5146 2291
5147 5119
5148 308
5149 4573
5150 909
5151 2522
5152 95
5153 5147
5154 1714
5155 3063
5156 1283
5157 1448
5158 2557
5159 2135
5160 246
5161 4279
5162 1909
5163 3418
5164 1289
5165 3093
5166 740
5167 5153
5168 221
5169 3442
5170 903
5171 5167
5172 842
5173 3665
5174 2167
5175 684
5176 643
5177 4727
5178 1718
5179 5171
5180 465
5181 2114
5182 2579
5183 4757
5184 16
5185 2301
5186 2591
5187 1870
5188 1291
5189 5179
5190 1002
5191 3979
5192 371
5193 2284
5194 1175
5195 3099
5196 862
5197 5189
5198 2071
5199 3446
5200 99
5201 3695
5202 676
5203 2009
5204 1297
5205 2022
5206 2227
5207 4181
5208 290
5209 5197
5210 1527
5211 1528
5212 1301
5213 4367
5214 1022
5215 2085
5216 157
5217 2666
5218 2593
5219 3809
5220 276
5221 4237
5222 1835
5223 3466
5224 647
5225 1071
5226 1342
5227 5209
5228 1303
5229 1580
5230 1563
5231 5227
5232 214
5233 5231
5234 2609
5235 2082
5236 455
5237 5233
5238 712
5239 3509
5240 381
5241 3482
5242 2617
5243 2575
5244 646
5245 3117
5246 2419
5247 1316
5248 37
5249 4117
5250 270
5251 4399
5252 1067
5253 2626
5254 2077
5255 3147
5256 284
5257 3715
5258 1631
5259 3494
5260 771
5261 5237
5262 1726
5263 4607
5264 215
5265 528
5266 2621
5267 4313
5268 866
5269 3269
5270 1131
5271 2410
5272 653
5273 5261
5274 1132
5275 1791
5276 1307
5277 3506
5278 1265
5279 5273
5280 42
5281 5279
5282 2329
5283 2308
5284 1319
5285 2235
5286 1754
5287 3991
5288 659
5289 3034
5290 1083
5291 2387
5292 200
5293 4453
5294 2633
5295 2094
5296 317
5297 5281
5298 1762
5299 3755
5300 423
5301 1972
5302 1673
5303 5297
5304 286
5305 3153
5306 1865
5307 2714
5308 1321
5309 5303
5310 636
5311 4687
5312 79
5313 1330
5314 2647
5315 3183
5316 878
5317 4411
5318 2657
5319 1544
5320 255
5321 4043
5322 1766
5323 5309
5324 343
5325 1206
5326 2659
5327 3785
5328 124
5329 5041
5330 1221
5331 3518
5332 1189
5333 5323
5334 1130
5335 1869
5336 437
5337 2348
5338 1963
5339 4709
5340 498
5341 2675
5342 2663
5343 2882
5344 163
5345 3189
5346 224
5347 5333
5348 905
5349 3554
5350 927
5351 5347
5352 422
5353 4559
5354 2671
5355 780
5356 1111
5357 3353
5358 1462
5359 4351
5360 183
5361 3566
5362 1895
5363 4843
5364 556
5365 2139
5366 2677
5367 3574
5368 413
5369 2915
5370 1038
5371 4699
5372 949
5373 1576
5374 2683
5375 1107
5376 10
5377 4777
5378 2687
5379 2198
5380 789
5381 5351
5382 836
5383 3805
5384 661
5385 2118
5386 2689
5387 5381
5388 886
5389 4069
5390 525
5391 2372
5392 331
5393 5387
5394 1334
5395 2607
5396 1139
5397 2510
5398 2693
5399 5393
5400 72
5401 3409
5402 2201
5403 3578
5404 955
5405 2451
5406 1222
5407 5399
5408 121
5409 2396
5410 1569
5411 3845
5412 518
5413 5407
5414 2699
5415 1734
5416 673
5417 5413
5418 820
5419 5417
5420 807
5421 3014
5422 2707
5423 2093
5424 218
5425 1305
5426 2711
5427 976
5428 1007
5429 4897
5430 1074
5431 5419
5432 445
5433 3602
5434 1309
5435 3207
5436 596
5437 5431
5438 2713
5439 1550
5440 39
5441 5437
5442 1774
5443 5441
5444 1327
5445 588
5446 1915
5447 4499
5448 446
5449 5443
5450 963
5451 2774
5452 989
5453 3145
5454 776
5455 3261
5456 203
5457 2678
5458 2719
5459 4747
5460 330
5461 4633
5462 2729
5463 2404
5464 677
5465 3273
5466 1814
5467 2345
5468 1361
5469 3622
5470 1623
5471 5449
5472 68
5473 4609
5474 1235
5475 1278
5476 961
5477 5471
5478 1106
5479 5477
5480 393
5481 920
5482 2731
5483 5479
5484 898
5485 3279
5486 2189
5487 3074
5488 125
5489 3437
5490 708
5491 2873
5492 1367
5493 3646
5494 2257
5495 2265
5496 454
5497 4427
5498 2741
5499 1892
5500 189
5501 5483
5502 1270
5503 5501
5504 41
5505 2154
5506 2749
5507 5503
5508 208
5509 3865
5510 1173
5511 2282
5512 517
5513 4309
5514 1822
5515 3291
5516 965
5517 2428
5518 2407
5519 5507
5520 114
5521 5519
5522 1687
5523 2570
5524 1373
5525 1287
5526 1172
5527 5521
5528 683
5529 3026
5530 1095
5531 5527
5532 914
5533 3493
5534 2753
5535 888
5536 167
5537 2725
5538 1474
5539 4163
5540 813
5541 3662
5542 2041
5543 4541
5544 140
5545 3309
5546 2279
5547 3362
5548 1207
5549 5017
5550 558
5551 3245
5552 337
5553 2452
5554 2767
5555 2037
5556 922
5557 5531
5558 1945
5559 2782
5560 411
5561 4819
5562 808
5563 5557
5564 1133
5565 1410
5566 931
5567 4811
5568 46
5569 5563
5570 1641
5571 2468
5572 985
5573 5569
5574 1838
5575 1899
5576 481
5577 1694
5578 2777
5579 3935
5580 348
5581 5573
5582 2789
5583 3694
5584 347
5585 3327
5586 850
5587 4619
5588 791
5589 608
5590 1353
5591 5581
5592 458
5593 2795
5594 2791
5595 2202
5596 1381
5597 4393
5598 1228
5599 3521
5600 45
5601 3722
5602 2797
5603 4631
5604 926
5605 2703
5606 2801
5607 1660
5608 691
5609 4891
5610 546
5611 5191
5612 1121
5613 3734
5614 1985
5615 3351
5616 88
5617 4847
5618 2209
5619 3742
5620 831
5621 2485
5622 1858
5623 5591
5624 527
5625 324
5626 2047
5627 4121
5628 610
5629 4741
5630 1671
5631 3746
5632 7
5633 5207
5634 1244
5635 1425
5636 1399
5637 3754
5638 2803
5639 5623
5640 258
5641 5639
5642 1595
5643 952
5644 1027
5645 3369
5646 1874
5647 5641
5648 349
5649 2630
5650 981
5651 5647
5652 604
5653 5651
5654 1757
5655 1518
5656 485
5657 5653
5658 1406
5659 5657
5660 843
5661 1612
5662 2363
5663 3985
5664 106
5665 2121
5666 2819
5667 3758
5668 1177
5669 5659
5670 240
5671 4841
5672 701
5673 3422
5674 2833
5675 2007
5676 574
5677 4045
5678 2119
5679 2476
5680 201
5681 3553
5682 1882
5683 5669
5684 575
5685 2238
5686 2837
5687 2107
5688 292
5689 5683
5690 1689
5691 2690
5692 1409
5693 5689
5694 1562
5695 2379
5696 83
5697 1592
5698 1085
5699 5069
5700 306
5701 5693
5702 2843
5703 3778
5704 551
5705 2355
5706 1252
5707 4763
5708 1423
5709 2338
5710 1707
5711 5701
5712 130
5713 4439
5714 2851
5715 1356
5716 1427
5717 5711
5718 1894
5719 3485
5720 231
5721 3802
5722 2857
5723 4717
5724 376
5725 2043
5726 2005
5727 3002
5728 173
5729 4303
5730 1086
5731 3563
5732 1429
5733 1100
5734 2537
5735 2697
5736 466
5737 5717
5738 2533
5739 3814
5740 555
5741 5737
5742 644
5743 5741
5744 353
5745 2274
5746 1573
5747 4055
5748 934
5749 5743
5750 513
5751 1072
5752 709
5753 3647
5754 1310
5755 3387
5756 1433
5757 3298
5758 2861
5759 4829
5760 12
5761 4105
5762 2501
5763 2834
5764 889
5765 3453
5766 1682
5767 5183
5768 505
5769 2524
5770 1713
5771 4531
5772 682
5773 4579
5774 2879
5775 630
5776 289
5777 5029
5778 824
5779 5749
5780 507
5781 3182
5782 1325
5783 5779
5784 478
5785 2739
5786 1799
5787 2564
5788 1439
5789 4115
5790 1146
5791 5783
5792 179
5793 3826
5794 2887
5795 3009
5796 380
5797 2639
5798 2321
5799 3862
5800 207
5801 5791
5802 1906
5803 4135
5804 1447
5805 984
5806 2897
5807 5801
5808 98
5809 4681
5810 1185
5811 3058
5812 1451
5813 5807
5814 884
5815 3459
5816 719
5817 2710
5818 2903
5819 2527
5820 534
5821 5813
5822 2479
5823 2572
5824 55
5825 2061
5826 1934
5827 5821
5828 1247
5829 2806
5830 987
5831 1625
5832 64
5833 4981
5834 2909
5835 2298
5836 1453
5837 4873
5838 1370
5839 5827
5840 213
5841 1484
5842 2147
5843 5839
5844 958
5845 2445
5846 2263
5847 3866
5848 533
5849 5843
5850 396
5851 5849
5852 595
5853 3898
5854 2917
5855 3489
5856 118
5857 5851
5858 2231
5859 1160
5860 849
5861 5857
5862 1942
5863 2849
5864 727
5865 1482
5866 2045
5867 5861
5868 628
5869 5867
5870 1731
5871 3434
5872 359
5873 4145
5874 1162
5875 1161
5876 1199
5877 2588
5878 2927
5879 5869
5880 150
5881 5879
5882 2171
5883 2914
5884 1459
5885 2163
5886 856
5887 2645
5888 19
5889 3278
5890 1479
5891 5371
5892 974
5893 5293
5894 2095
5895 1524
5896 427
5897 5881
5898 1954
5899 4381
5900 477
5901 2770
5902 2453
5903 5897
5904 148
5905 3513
5906 2939
5907 2422
5908 995
5909 5219
5910 1158
5911 4769
5912 733
5913 1136
5914 2953
5915 1815
5916 598
5917 5251
5918 1841
5919 3902
5920 93
5921 5249
5922 860
5923 5903
5924 1471
5925 1314
5926 2957
5927 5923
5928 374
5929 1225
5930 1761
5931 2612
5932 1481
5933 4511
5934 1558
5935 3543
5936 235
5937 3946
5938 2963
5939 5927
5940 168
5941 4939
5942 2969
5943 2810
5944 739
5945 2553
5946 1966
5947 5287
5948 1483
5949 2636
5950 585
5951 3661
5952 58
5953 5939
5954 2497
5955 2334
5956 1487
5957 2945
5958 1268
5959 5141
5960 417
5961 3958
5962 1883
5963 5063
5964 670
5965 3561
5966 2567
5967 1144
5968 367
5969 4859
5970 1182
5971 4195
5972 1489
5973 2506
5974 2323
5975 2097
5976 316
5977 5617
5978 1475
5979 3974
5980 627
5981 5953
5982 1982
5983 5539
5984 91
5985 1020
5986 2627
5987 5981
5988 982
5989 5123
5990 1779
5991 3986
5992 515
5993 5027
5994 496
5995 2247
5996 1493
5997 3994
5998 2971
5999 4265
6000 54
6001 4537
6002 2999
6003 1748
6004 1241
6005 3579
6006 770
6007 5987
6008 743
6009 3998
6010 1797
6011 6007
6012 652
6013 4285
6014 2581
6015 2382
6016 43
6017 3787
6018 1378
6019 5071
6020 615
6021 1688
6022 3001
6023 5321
6024 482
6025 2151
6026 2413
6027 1850
6028 917
6029 6011
6030 732
6031 4867
6032 253
6033 4006
6034 2105
6035 2613
6036 998
6037 6029
6038 3011
6039 1652
6040 447
6041 4295
6042 1598
6043 6037
6044 1499
6045 1914
6046 3019
6047 6043
6048 40
6049 4883
6050 441
6051 4022
6052 1079
6053 6047
6054 1994
6055 2505
6056 751
6057 2644
6058 2519
6059 5609
6060 582
6061 2737
6062 2155
6063 3526
6064 373
6065 3603
6066 1324
6067 6053
6068 1147
6069 1690
6070 1803
6071 5093
6072 266
6073 6067
6074 3023
6075 288
6076 725
6077 5353
6078 2018
6079 6073
6080 51
6081 4034
6082 3037
6083 2555
6084 484
6085 3639
6086 2249
6087 4054
6088 757
6089 6079
6090 690
6091 6089
6092 1511
6093 2692
6094 1897
6095 2679
6096 226
6097 3355
6098 3041
6099 3502
6100 531
6101 6091
6102 872
6103 4589
6104 535
6105 1302
6106 2747
6107 5597
6108 1006
6109 5143
6110 1419
6111 1780
6112 181
6113 6101
6114 2026
6115 3651
6116 959
6117 4058
6118 1615
6119 4577
6120 156
6121 6113
6122 3049
6123 3322
6124 1523
6125 675
6126 2038
6127 3829
6128 379
6129 1784
6130 1821
6131 6121
6132 710
6133 6131
6134 3061
6135 2406
6136 583
6137 3757
6138 812
6139 4315
6140 879
6141 3154
6142 2449
6143 6133
6144 2
6145 3669
6146 2165
6147 2708
6148 1081
6149 3157
6150 666
6151 6143
6152 761
6153 2830
6154 2327
6155 3687
6156 272
6157 5461
6158 3067
6159 4078
6160 105
6161 5723
6162 1606
6163 6151
6164 1159
6165 1572
6166 3079
6167 4385
6168 502
6169 5713
6170 1839
6171 1274
6172 1531
6173 6163
6174 500
6175 1683
6176 191
6177 3082
6178 3083
6179 5053
6180 606
6181 4405
6182 1939
6183 1816
6184 769
6185 3693
6186 2042
6187 4997
6188 715
6189 4106
6190 1851
6191 5513
6192 164
6193 3899
6194 2669
6195 1590
6196 1543
6197 6173
6198 2062
6199 6197
6200 261
6201 2068
6202 2195
6203 6199
6204 602
6205 2769
6206 2369
6207 4126
6208 89
6209 4415
6210 456
6211 6203
6212 1549
6213 3638
6214 2563
6215 2289
6216 310
6217 6211
6218 3089
6219 2732
6220 921
6221 6217
6222 1534
6223 2825
6224 383
6225 1422
6226 1967
6227 5137
6228 668
6229 6221
6230 1245
6231 3538
6232 629
6233 5111
6234 2066
6235 2829
6236 1553
6237 560
6238 3109
6239 4667
6240 66
6241 5329
6242 3119
6243 4138
6244 1055
6245 3711
6246 1348
6247 6229
6248 469
6249 4162
6250 243
6251 3655
6252 1018
6253 3751
6254 2491
6255 1644
6256 247
6257 6247
6258 1390
6259 3941
6260 933
6261 4166
6262 2813
6263 6257
6264 184
6265 2595
6266 2629
6267 4174
6268 1559
6269 6263
6270 714
6271 6269
6272 25
6273 1924
6274 3121
6275 2169
6276 1042
6277 6271
6278 2911
6279 2090
6280 453
6281 3983
6282 1388
6283 5959
6284 1567
6285 2454
6286 2215
6287 6277
6288 254
6289 5389
6290 1209
6291 1832
6292 539
6293 3335
6294 2078
6295 3747
6296 773
6297 4178
6298 2623
6299 6287
6300 180
6301 6299
6302 2489
6303 2534
6304 193
6305 2937
6306 2098
6307 3055
6308 1343
6309 2764
6310 1857
6311 6301
6312 514
6313 5459
6314 1295
6315 2514
6316 1571
6317 6311
6318 352
6319 5561
6320 219
6321 2050
6322 2461
6323 6317
6324 754
6325 1197
6326 3137
6327 2108
6328 545
6329 6323
6330 1194
6331 5269
6332 1579
6333 4198
6334 3163
6335 2685
6336 28
6337 6329
6338 3167
6339 4222
6340 939
6341 4771
6342 1490
6343 6337
6344 649
6345 1032
6346 2771
6347 3997
6348 722
6349 4435
6350 1017
6351 3266
6352 389
6353 6343
6354 1396
6355 3219
6356 1115
6357 3454
6358 1183
6359 6353
6360 282
6361 6359
6362 3169
6363 1940
6364 1271
6365 3111
6366 2102
6367 6361
6368 197
6369 2674
6370 825
6371 5149
6372 424
6373 6367
6374 3181
6375 702
6376 787
6377 4535
6378 2122
6379 6373
6380 483
6381 2804
6382 3187
6383 5357
6384 170
6385 3777
6386 2929
6387 4226
6388 1583
6389 6379
6390 804
6391 2765
6392 559
6393 4258
6394 2603
6395 3831
6396 814
6397 6389
6398 2245
6399 1168
6400 9
6401 5177
6402 1246
6403 5627
6404 1597
6405 1770
6406 3191
6407 5699
6408 332
6409 3289
6410 1893
6411 4262
6412 1135
6413 2303
6414 2126
6415 3837
6416 397
6417 2204
6418 3203
6419 3175
6420 618
6421 6397
6422 2057
6423 4274
6424 497
6425 2259
6426 520
6427 6421
6428 1601
6429 4282
6430 1923
6431 5671
6432 122
6433 4555
6434 3209
6435 924
6436 1607
6437 5587
6438 1426
6439 5633
6440 285
6441 3706
6442 3217
6443 4849
6444 692
6445 3849
6446 1981
6447 2930
6448 319
6449 6427
6450 738
6451 6449
6452 1609
6453 1864
6454 2285
6455 3867
6456 526
6457 4039
6458 3221
6459 4286
6460 663
6461 3685
6462 1412
6463 5263
6464 97
6465 2526
6466 2773
6467 4853
6468 350
6469 6451
6470 1929
6471 2836
6472 797
6473 6469
6474 1738
6475 1395
6476 1613
6477 2938
6478 2701
6479 3451
6480 48
6481 6473
6482 2305
6483 4306
6484 1619
6485 3873
6486 1634
6487 5401
6488 809
6489 2020
6490 1113
6491 6481
6492 1046
6493 6109
6494 2353
6495 2586
6496 115
6497 5893
6498 1156
6499 5429
6500 297
6501 2702
6502 3229
6503 4595
6504 538
6505 3891
6506 3251
6507 1912
6508 1621
6509 5339
6510 870
6511 4927
6512 217
6513 3586
6514 3253
6515 3903
6516 716
6517 2125
6518 3257
6519 3478
6520 471
6521 6491
6522 2138
6523 4109
6524 1145
6525 828
6526 2651
6527 6077
6528 26
6529 6521
6530 1941
6531 3070
6532 1273
6533 5891
6534 392
6535 3909
6536 697
6537 4322
6538 2315
6539 5489
6540 642
6541 5771
6542 3259
6543 2876
6544 401
6545 1365
6546 2174
6547 6529
6548 1627
6549 3286
6550 1143
6551 6547
6552 220
6553 6551
6554 2507
6555 1938
6556 973
6557 5767
6558 2182
6559 4645
6560 111
6561 256
6562 2483
6563 6553
6564 1082
6565 3201
6566 1525
6567 2758
6568 811
6569 6563
6570 852
6571 6569
6572 1363
6573 3110
6574 2839
6575 2313
6576 262
6577 6571
6578 1463
6579 2132
6580 645
6581 6577
6582 2186
6583 5129
6584 821
6585 2598
6586 2573
6587 4685
6588 472
6589 4151
6590 1959
6591 2662
6592 101
6593 5729
6594 1510
6595 3921
6596 1157
6597 2908
6598 3271
6599 6581
6600 126
6601 3515
6602 3299
6603 3886
6604 1243
6605 3957
6606 1436
6607 6599
6608 265
6609 4358
6610 1977
6611 4193
6612 782
6613 4979
6614 3301
6615 600
6616 823
6617 5533
6618 2194
6619 6607
6620 951
6621 4406
6622 1435
6623 5363
6624 76
6625 1269
6626 3307
6627 3698
6628 1637
6629 4705
6630 858
6631 5899
6632 827
6633 1708
6634 2987
6635 3963
6636 730
6637 6619
6638 3313
6639 4414
6640 237
6641 5221
6642 592
6643 3905
6644 1043
6645 2634
6646 3319
6647 3211
6648 542
6649 6313
6650 765
6651 2932
6652 1657
6653 6637
6654 2206
6655 1029
6656 11
6657 3130
6658 3323
6659 6653
6660 372
6661 6659
6662 3329
6663 4426
6664 325
6665 3567
6666 1358
6667 5777
6668 1663
6669 1496
6670 1311
6671 4735
6672 274
6673 6661
6674 2881
6675 1494
6676 1667
6677 4207
6678 940
6679 6673
6680 489
6681 3302
6682 2761
6683 5809
6684 1094
6685 2715
6686 3331
6687 2956
6688 119
6689 6679
6690 1266
6691 6689
6692 1165
6693 3382
6694 3343
6695 3333
6696 232
6697 5549
6698 2509
6699 1610
6700 549
6701 6691
6702 2218
6703 6701
6704 409
6705 1668
6706 2335
6707 5933
6708 902
6709 6703
6710 1239
6711 4442
6712 829
6713 3275
6714 1468
6715 2847
6716 1349
6717 4474
6718 3347
6719 6709
6720 30
6721 3311
6722 3359
6723 1264
6724 1369
6725 2367
6726 1802
6727 4205
6728 529
6729 4478
6730 1983
6731 5311
6732 364
6733 6719
6734 1705
6735 2658
6736 419
6737 6733
6738 2234
6739 5377
6740 993
6741 2060
6742 3361
6743 4249
6744 554
6745 3417
6746 3371
6747 3674
6748 1195
6749 5057
6750 216
6751 6191
6752 199
6753 4486
6754 2051
6755 2865
6756 1114
6757 5267
6758 3103
6759 2972
6760 363
6761 6737
6762 950
6763 6761
6764 1411
6765 1554
6766 2561
6767 5917
6768 172
6769 4765
6770 2019
6771 3658
6772 1669
6773 5599
6774 2246
6775 2421
6776 245
6777 1928
6778 3373
6779 6763
6780 654
6781 6779
6782 3389
6783 2210
6784 47
6785 3021
6786 1012
6787 4291
6788 1693
6789 4118
6790 1335
6791 6781
6792 562
6793 6791
6794 2993
6795 1788
6796 1697
6797 4835
6798 1414
6799 5731
6800 117
6801 4502
6802 2941
6803 6793
6804 160
6805 3981
6806 2923
6807 4534
6808 589
6809 4319
6810 1338
6811 3425
6812 1397
6813 3004
6814 3391
6815 2967
6816 134
6817 5161
6818 2395
6819 4538
6820 609
6821 6001
6822 1492
6823 6803
6824 839
6825 990
6826 3407
6827 6823
6828 1126
6829 6827
6830 2031
6831 1064
6832 295
6833 6829
6834 1586
6835 4083
6836 1699
6837 3854
6838 2827
6839 4855
6840 204
6841 6833
6842 2149
6843 4546
6844 1219
6845 2883
6846 1570
6847 6031
6848 103
6849 3028
6850 1179
6851 4147
6852 1138
6853 2905
6854 2641
6855 2694
6856 853
6857 6841
6858 904
6859 4913
6860 375
6861 4562
6862 3053
6863 6857
6864 154
6865 4101
6866 3413
6867 2140
6868 1261
6869 6863
6870 1362
6871 6869
6872 857
6873 3358
6874 2435
6875 567
6876 724
6877 3971
6878 3043
6879 4574
6880 123
6881 4885
6882 1798
6883 6871
6884 1709
6885 624
6886 2177
6887 5963
6888 370
6889 6241
6890 1551
6891 4586
6892 1721
6893 6431
6894 1516
6895 2895
6896 421
6897 1666
6898 3433
6899 6883
6900 342
6901 6161
6902 1495
6903 2332
6904 859
6905 4119
6906 2258
6907 6899
6908 1057
6909 2150
6910 2049
6911 6907
6912 8
6913 6119
6914 3449
6915 2742
6916 935
6917 6911
6918 2302
6919 2821
6920 501
6921 3044
6922 3457
6923 3895
6924 1142
6925 2439
6926 3461
6927 4594
6928 431
6929 4477
6930 420
6931 5359
6932 1723
6933 4618
6934 3463
6935 3621
6936 338
6937 4915
6938 3467
6939 2008
6940 1011
6941 4333
6942 1826
6943 5969
6944 145
6945 2766
6946 2831
6947 6917
6948 764
6949 6947
6950 1233
6951 3170
6952 511
6953 5213
6954 2006
6955 3399
6956 1333
6957 3076
6958 1675
6959 6949
6960 138
6961 6959
6962 2809
6963 2786
6964 1733
6965 2955
6966 656
6967 6961
6968 671
6969 3686
6970 1443
6971 6967
6972 790
6973 6103
6974 2191
6975 1044
6976 107
6977 6971
6978 2306
6979 4955
6980 1041
6981 3806
6982 3469
6983 6977
6984 356
6985 2373
6986 2455
6987 3406
6988 1741
6989 5497
6990 1374
6991 6983
6992 323
6993 1240
6994 2893
6995 4143
6996 658
6997 6991
6998 3491
6999 4622
7000 135
7001 6997
7002 1532
7003 5977
7004 1313
7005 2778
7006 3161
7007 1925
7008 142
7009 6437
7010 2073
7011 2516
7012 1747
7013 7001
7014 1630
7015 3363
7016 863
7017 4666
7018 1127
7019 7013
7020 264
7021 3445
7022 3499
7023 4678
7024 433
7025 2493
7026 2326
7027 7019
7028 1205
7029 1876
7030 1581
7031 6059
7032 566
7033 5753
7034 3511
7035 1830
7036 1753
7037 6467
7038 988
7039 7027
7040 21
7041 4682
7042 2495
7043 7039
7044 1154
7045 4197
7046 2959
7047 736
7048 877
7049 3995
7050 774
7051 4417
7052 1517
7053 4694
7054 3517
7055 3081
7056 100
7057 7043
7058 3527
7059 3938
7060 1047
7061 5567
7062 1442
7063 4985
7064 881
7065 1812
7066 3529
7067 5611
7068 986
7069 7057
7070 1455
7071 4702
7072 143
7073 4487
7074 1016
7075 2529
7076 1357
7077 3310
7078 3533
7079 7069
7080 318
7081 6319
7082 3539
7083 3092
7084 665
7085 3531
7086 2342
7087 6239
7088 439
7089 3562
7090 2103
7091 5045
7092 772
7093 6179
7094 3541
7095 1722
7096 883
7097 6407
7098 1210
7099 6583
7100 603
7101 2056
7102 2867
7103 7079
7104 62
7105 1725
7106 1547
7107 3838
7108 1759
7109 7103
7110 876
7111 5951
7112 565
7113 4714
7114 3547
7115 4227
7116 1174
7117 4501
7118 3557
7119 2180
7120 249
7121 7109
7122 2362
7123 5317
7124 1441
7125 918
7126 2515
7127 7121
7128 112
7129 7127
7130 1653
7131 4742
7132 1777
7133 5065
7134 1702
7135 4269
7136 211
7137 2596
7138 3239
7139 2597
7140 390
7141 5921
7142 3559
7143 4754
7144 731
7145 4281
7146 1556
7147 5095
7148 1783
7149 4762
7150 693
7151 7129
7152 278
7153 5833
7154 1775
7155 1128
7156 1787
7157 5447
7158 2374
7159 7151
7160 519
7161 2030
7162 3571
7163 4301
7164 788
7165 4287
7166 3581
7167 4766
7168 5
7169 6283
7170 1398
7171 6499
7172 1099
7173 3148
7174 2587
7175 1665
7176 418
7177 7159
7178 2759
7179 4778
7180 1059
7181 6683
7182 680
7183 4529
7184 443
7185 2802
7186 3583
7187 7177
7188 1186
7189 4015
7190 2127
7191 2236
7192 667
7193 7187
7194 1498
7195 4299
7196 1255
7197 4786
7198 3127
7199 5909
7200 36
7201 6341
7202 2981
7203 1250
7204 1789
7205 2667
7206 2386
7207 7193
7208 611
7209 1328
7210 1515
7211 7207
7212 1198
7213 7211
7214 3593
7215 2046
7216 259
7217 5105
7218 1588
7219 7213
7220 867
7221 3634
7222 2869
7223 6641
7224 410
7225 1521
7226 3607
7227 1988
7228 1507
7229 7219
7230 1434
7231 5155
7232 109
7233 4798
7234 3613
7235 4317
7236 488
7237 7229
7238 1505
7239 3842
7240 537
7241 6017
7242 1742
7243 7237
7244 1801
7245 1140
7246 3617
7247 7243
7248 298
7249 4571
7250 621
7251 4822
7252 775
7253 7247
7254 1276
7255 4341
7256 887
7257 3922
7258 3077
7259 3835
7260 294
7261 6157
7262 3623
7263 2104
7264 223
7265 4353
7266 1670
7267 4961
7268 1387
7269 4834
7270 2157
7271 4613
7272 388
7273 5165
7274 3631
7275 1602
7276 1339
7277 6443
7278 2402
7279 5543
7280 165
7281 3188
7282 2219
7283 7253
7284 1202
7285 3741
7286 3637
7287 3370
7288 907
7289 5983
7290 192
7291 5947
7292 1811
7293 2002
7294 2545
7295 4359
7296 34
7297 7283
7298 3071
7299 3236
7300 639
7301 3475
7302 2426
7303 6527
7304 553
7305 2874
7306 3047
7307 7297
7308 460
7309 7307
7310 1599
7311 4846
7312 449
7313 6767
7314 1786
7315 1785
7316 1537
7317 2152
7318 3643
7319 6127
7320 354
7321 7309
7322 2605
7323 4874
7324 1823
7325 2547
7326 868
7327 5473
7328 227
7329 3470
7330 2181
7331 7321
7332 946
7333 7331
7334 3247
7335 1884
7336 635
7337 3059
7338 2434
7339 6401
7340 1077
7341 4882
7342 3659
7343 5195
7344 104
7345 3597
7346 3671
7347 4234
7348 1141
7349 7333
7350 450
7351 7349
7352 911
7353 2788
7354 3673
7355 4377
7356 1214
7357 5245
7358 3091
7359 2954
7360 57
7361 5603
7362 1604
7363 6107
7364 1285
7365 2922
7366 2599
7367 6439
7368 586
7369 7351
7370 1281
7371 880
7372 1513
7373 6887
7374 2446
7375 1431
7376 457
7377 4894
7378 1885
7379 6493
7380 444
7381 2891
7382 3677
7383 3914
7384 737
7385 2985
7386 2458
7387 6557
7388 1831
7389 3244
7390 2199
7391 6511
7392 70
7393 7369
7394 3691
7395 1794
7396 1681
7397 6193
7398 1048
7399 3725
7400 279
7401 4918
7402 3697
7403 4627
7404 1226
7405 4413
7406 1805
7407 3284
7408 461
7409 6757
7410 1122
7411 7393
7412 1391
7413 3490
7414 2317
7415 4443
7416 404
7417 7411
7418 3701
7419 4934
7420 705
7421 6623
7422 2462
7423 6259
7424 23
7425 504
7426 3139
7427 5255
7428 1234
7429 4199
7430 2217
7431 4946
7432 919
7433 7417
7434 1060
7435 4449
7436 847
7437 3782
7438 3709
7439 6847
7440 174
7441 5305
7442 3481
7443 3292
7444 1847
7445 4461
7446 1846
7447 4711
7448 425
7449 3982
7450 1251
7451 7433
7452 304
7453 5773
7454 3719
7455 2010
7456 229
7457 7451
7458 1526
7459 7457
7460 1101
7461 3308
7462 2035
7463 5629
7464 614
7465 4467
7466 3727
7467 4318
7468 1861
7469 3115
7470 948
7471 6931
7472 463
7473 4042
7474 3007
7475 1881
7476 830
7477 7459
7478 3733
7479 2168
7480 273
7481 7477
7482 1886
7483 5315
7484 1867
7485 2946
7486 3281
7487 7481
7488 44
7489 7487
7490 1545
7491 3122
7492 1871
7493 5989
7494 2474
7495 4479
7496 929
7497 1300
7498 2983
7499 7489
7500 162
7501 6281
7502 1421
7503 4366
7504 305
7505 3723
7506 1096
7507 7499
7508 1873
7509 4954
7510 2229
7511 3565
7512 622
7513 4739
7514 1859
7515 1956
7516 1877
7517 7507
7518 1730
7519 7171
7520 129
7521 4066
7522 3739
7523 7517
7524 476
7525 1845
7526 3149
7527 4202
7528 937
7529 7523
7530 1446
7531 5707
7532 1315
7533 928
7534 3761
7535 2751
7536 302
7537 7529
7538 3767
7539 3530
7540 759
7541 7537
7542 1636
7543 6613
7544 703
7545 2994
7546 875
7547 7541
7548 806
7549 7547
7550 1341
7551 3316
7552 53
7553 4345
7554 2498
7555 4497
7556 1879
7557 3178
7558 3769
7559 7549
7560 120
7561 7559
7562 3349
7563 5006
7564 1711
7565 3237
7566 1958
7567 4085
7568 287
7569 2116
7570 2253
7571 6649
7572 1238
7573 7561
7574 2615
7575 1746
7576 941
7577 7573
7578 1676
7579 3619
7580 1119
7581 2890
7582 2743
7583 7577
7584 146
7585 3441
7586 3779
7587 2216
7588 1345
7589 7583
7590 798
7591 7589
7592 781
7593 5042
7594 3793
7595 2175
7596 796
7597 6901
7598 2921
7599 3614
7600 153
7601 4781
7602 1790
7603 7591
7604 1889
7605 1452
7606 3797
7607 7603
7608 626
7609 5345
7610 2271
7611 4346
7612 1169
7613 6023
7614 688
7615 4533
7616 65
7617 5062
7618 3113
7619 6749
7620 678
7621 7607
7622 3131
7623 980
7624 947
7625 1593
7626 2146
7627 5911
7628 1901
7629 5078
7630 1605
7631 6347
7632 188
7633 5759
7634 2359
7635 3018
7636 1501
7637 5435
7638 2074
7639 7621
7640 543
7641 2248
7642 3803
7643 7639
7644 550
7645 2877
7646 3821
7647 5086
7648 233
7649 7643
7650 468
7651 5455
7652 1907
7653 5098
7654 3403
7655 4569
7656 322
7657 5423
7658 2705
7659 2356
7660 1137
7661 6751
7662 2518
7663 6497
7664 467
7665 2130
7666 3823
7667 3367
7668 536
7669 7649
7670 1749
7671 5102
7672 655
7673 7669
7674 2554
7675 2637
7676 1649
7677 3356
7678 2429
7679 5465
7680 6
7681 7673
7682 3097
7683 4246
7684 1417
7685 3243
7686 1180
7687 7681
7688 841
7689 3206
7690 2283
7691 7687
7692 1262
7693 3775
7694 3833
7695 816
7696 341
7697 7093
7698 2558
7699 7691
7700 315
7701 3874
7702 3847
7703 7699
7704 412
7705 3477
7706 3851
7707 3590
7708 1591
7709 6457
7710 1506
7711 4837
7712 239
7713 3412
7714 1955
7715 4593
7716 1282
7717 7703
7718 2899
7719 4582
7720 573
7721 5485
7722 616
7723 7717
7724 1913
7725 1818
7726 3853
7727 7723
7728 190
7729 6731
7730 2307
7731 3428
7732 1931
7733 3689
7734 2566
7735 2145
7736 953
7737 5114
7738 3337
7739 7169
7740 492
7741 7727
7742 1825
7743 3818
7744 49
7745 4629
7746 2578
7747 6667
7748 1529
7749 1480
7750 783
7751 6289
7752 442
7753 7741
7754 3863
7755 1806
7756 1355
7757 7753
7758 1684
7759 7757
7760 267
7761 4334
7762 3877
7763 5515
7764 1286
7765 4647
7766 2443
7767 3436
7768 967
7769 5837
7770 930
7771 6817
7772 1403
7773 5158
7774 2299
7775 2763
7776 32
7777 3395
7778 3881
7779 5182
7780 1149
7781 6989
7782 2582
7783 7339
7784 685
7785 2004
7786 2951
7787 6523
7788 742
7789 7759
7790 1887
7791 2350
7792 479
7793 7789
7794 1724
7795 4659
7796 1933
7797 4142
7798 2735
7799 4907
7800 198
7801 6049
7802 3397
7803 1352
7804 1949
7805 3165
7806 2594
7807 6169
7808 59
7809 4454
7810 1407
7811 7313
7812 580
7813 6589
7814 3889
7815 3054
7816 971
7817 7793
7818 2602
7819 5545
7820 741
7821 2044
7822 3907
7823 7817
7824 314
7825 2799
7826 2255
7827 5186
7828 1717
7829 7823
7830 552
7831 6697
7832 581
7833 3670
7834 3911
7835 4677
7836 1294
7837 5941
7838 3917
7839 2684
7840 75
7841 7829
7842 2606
7843 3857
7844 1457
7845 3126
7846 3919
7847 4505
7848 428
7849 7009
7850 1359
7851 5218
7852 1639
7853 7841
7854 910
7855 4701
7856 487
7857 1424
7858 3923
7859 6187
7860 762
7861 5585
7862 3929
7863 5234
7864 977
7865 1617
7866 1292
7867 7853
7868 1385
7869 4838
7870 2319
7871 5993
7872 74
7873 7867
7874 3277
7875 540
7876 1211
7877 7873
7878 2134
7879 7877
7880 579
7881 4154
7882 2785
7883 7879
7884 568
7885 4029
7886 3931
7887 3262
7888 299
7889 2375
7890 1542
7891 6611
7892 1951
7893 3452
7894 3943
7895 4713
7896 430
7897 6533
7898 2471
7899 5242
7900 657
7901 7883
7902 1732
7903 5615
7904 187
7905 2262
7906 3233
7907 7901
7908 1306
7909 4963
7910 1635
7911 2264
7912 779
7913 7067
7914 2614
7915 4737
7916 1973
7917 2530
7918 3193
7919 7907
7920 84
7921 6889
7922 2977
7923 4658
7924 1405
7925 2817
7926 2638
7927 7919
7928 983
7929 3508
7930 1947
7931 3535
7932 1318
7933 7927
7934 3947
7935 2166
7936 29
7937 7933
7938 400
7939 6019
7940 1167
7941 5266
7942 2023
7943 5203
7944 634
7945 3345
7946 3013
7947 3524
7948 1979
7949 7937
7950 846
7951 7949
7952 335
7953 3346
7954 3293
7955 3813
7956 572
7957 7597
7958 3173
7959 3730
7960 591
7961 6953
7962 2642
7963 7951
7964 1253
7965 1272
7966 2815
7967 7279
7968 158
7969 6677
7970 2361
7971 5294
7972 1987
7973 3965
7974 1756
7975 1449
7976 991
7977 5314
7978 3967
7979 7081
7980 510
7981 6403
7982 3223
7983 3532
7984 491
7985 4749
7986 686
7987 3925
7988 1993
7989 5318
7990 1677
7991 7493
7992 248
7993 7963
7994 2845
7995 2442
7996 1997
7997 5033
7998 2378
7999 7123
8000 27
8001 2260
8002 3989
8003 7003
8004 874
8005 4791
8006 4001
8007 3926
8008 385
8009 7993
8010 996
8011 8009
8012 1999
8013 5326
8014 4003
8015 3405
8016 326
8017 8011
8018 3383
8019 448
8020 1191
8021 6743
8022 1810
8023 7303
8024 689
8025 1854
8026 4007
8027 6593
8028 844
8029 4495
8030 1491
8031 5342
8032 241
8033 6233
8034 2222
8035 4803
8036 925
8037 2924
8038 4013
8039 8017
8040 366
8041 3731
8042 4019
8043 3790
8044 2003
8045 4821
8046 1112
8047 6787
8048 499
8049 5354
8050 855
8051 7031
8052 826
8053 8039
8054 4021
8055 2076
8056 799
8057 5645
8058 1898
8059 8053
8060 957
8061 5366
8062 3151
8063 5089
8064 20
8065 4827
8066 3317
8067 5374
8068 2011
8069 8059
8070 1578
8071 5755
8072 997
8073 1672
8074 2513
8075 1989
8076 1322
8077 7141
8078 2855
8079 5378
8080 291
8081 8069
8082 1772
8083 6943
8084 1763
8085 1050
8086 3377
8087 8081
8088 662
8089 8087
8090 2391
8091 2668
8092 845
8093 8089
8094 2278
8095 4839
8096 133
8097 5386
8098 4027
8099 4565
8100 144
8101 8093
8102 4049
8103 4402
8104 1009
8105 4857
8106 1910
8107 2989
8108 2017
8109 2444
8110 2427
8111 8101
8112 242
8113 5015
8114 4051
8115 3138
8116 2027
8117 8111
8118 1036
8119 6631
8120 345
8121 5398
8122 3683
8123 8117
8124 1346
8125 891
8126 3029
8127 1640
8128 113
8129 5131
8130 1614
8131 7181
8132 1751
8133 5414
8134 1975
8135 4863
8136 436
8137 7373
8138 3421
8139 5422
8140 651
8141 5765
8142 2014
8143 6071
8144 503
8145 2148
8146 4057
8147 8123
8148 890
8149 6371
8150 1413
8151 2618
8152 1013
8153 7453
8154 1192
8155 3435
8156 2029
8157 5426
8158 4073
8159 7289
8160 78
8161 8147
8162 1645
8163 3548
8164 1661
8165 3819
8166 2654
8167 8161
8168 1019
8169 3830
8170 2091
8171 8167
8172 892
8173 5173
8174 3599
8175 1926
8176 355
8177 4433
8178 1978
8179 8171
8180 1203
8181 1552
8182 4079
8183 4075
8184 406
8185 4881
8186 4091
8187 5438
8188 1577
8189 7157
8190 660
8191 8179
8192 1
8193 5458
8194 3107
8195 2919
8196 1354
8197 5815
8198 4093
8199 3628
8200 333
8201 7261
8202 2722
8203 6809
8204 1415
8205 3246
8206 2569
8207 6463
8208 136
8209 8191
8210 2433
8211 2470
8212 2039
8213 7421
8214 1922
8215 4089
8216 803
8217 2212
8218 2885
8219 8209
8220 786
8221 8219
8222 4099
8223 5462
8224 251
8225 1935
8226 1796
8227 7327
8228 637
8229 4378
8230 2463
8231 8221
8232 250
8233 8231
8234 3287
8235 1416
8236 1541
8237 8233
8238 2734
8239 3605
8240 303
8241 4514
8242 3443
8243 8237
8244 908
8245 3471
8246 2465
8247 5482
8248 1021
8249 7739
8250 378
8251 6541
8252 2053
8253 2540
8254 4111
8255 3729
8256 82
8257 6707
8258 4127
8259 5498
8260 795
8261 5201
8262 416
8263 8243
8264 1031
8265 2346
8266 4129
8267 5855
8268 1034
8269 8263
8270 2469
8271 3644
8272 301
8273 8269
8274 1930
8275 2853
8276 2063
8277 4814
8278 4133
8279 6227
8280 228
8281 3025
8282 3589
8283 3374
8284 1819
8285 4911
8286 2746
8287 8273
8288 155
8289 2344
8290 2481
8291 8287
8292 1366
8293 8291
8294 1771
8295 2190
8296 767
8297 8293
8298 1828
8299 7831
8300 711
8301 5506
8302 2935
8303 5491
8304 334
8305 3129
8306 4139
8307 2948
8308 1769
8309 5905
8310 1626
8311 8297
8312 1033
8313 4082
8314 4153
8315 4971
8316 280
8317 8311
8318 4157
8319 4558
8320 33
8321 7097
8322 2414
8323 4255
8324 2069
8325 1116
8326 3401
8327 5257
8328 674
8329 8317
8330 975
8331 5534
8332 2081
8333 6941
8334 1844
8335 4989
8336 509
8337 3890
8338 2611
8339 7627
8340 822
8341 7361
8342 3649
8343 1616
8344 695
8345 5001
8346 2266
8347 6331
8348 2083
8349 1862
8350 1467
8351 5935
8352 92
8353 8329
8354 4159
8355 3282
8356 2087
8357 7729
8358 1970
8359 7051
8360 357
8361 3676
8362 3379
8363 8353
8364 962
8365 3495
8366 3569
8367 5554
8368 521
8369 8363
8370 696
8371 5299
8372 1045
8373 5578
8374 3431
8375 1647
8376 694
8377 8369
8378 3551
8379 1700
8380 1227
8381 3887
8382 1582
8383 7663
8384 127
8385 2706
8386 2965
8387 8377
8388 916
8389 8387
8390 2487
8391 5582
8392 1039
8393 3745
8394 2762
8395 4047
8396 2089
8397 2456
8398 2431
8399 6913
8400 90
8401 7801
8402 4177
8403 5594
8404 1267
8405 4107
8406 1852
8407 5965
8408 1049
8409 5602
8410 1587
8411 7073
8412 1382
8413 7439
8414 2995
8415 1092
8416 257
8417 7463
8418 2242
8419 8389
8420 1257
8421 3970
8422 4201
8423 8419
8424 176
8425 2979
8426 2653
8427 4418
8428 1025
8429 8423
8430 1662
8431 8429
8432 377
8433 3716
8434 4211
8435 3585
8436 1054
8437 4081
8438 4217
8439 4094
8440 597
8441 6821
8442 1220
8443 8431
8444 2099
8445 3342
8446 3737
8447 8443
8448 14
8449 4355
8450 1089
8451 2488
8452 2111
8453 7519
8454 2798
8455 4233
8456 745
8457 5606
8458 4219
8459 5327
8460 516
8461 8447
8462 4229
8463 3190
8464 361
8465 5007
8466 2054
8467 8461
8468 1633
8469 3748
8470 735
8471 7913
8472 698
8473 7037
8474 3587
8475 1962
8476 1727
8477 4175
8478 1208
8479 8083
8480 141
8481 3514
8482 4231
8483 6383
8484 970
8485 5079
8486 4241
8487 2812
8488 1051
8489 7117
8490 1686
8491 6005
8492 1337
8493 4726
8494 3799
8495 5091
8496 212
8497 6509
8498 3005
8499 5638
8500 351
8501 8467
8502 2354
8503 5383
8504 1061
8505 480
8506 4243
8507 7697
8508 1402
8509 6893
8510 1767
8511 5666
8512 85
8513 8501
8514 1148
8515 4191
8516 2113
8517 4238
8518 4253
8519 6065
8520 402
8521 8513
8522 4259
8523 3764
8524 2129
8525 1827
8526 1150
8527 8521
8528 407
8529 5674
8530 2517
8531 7531
8532 584
8533 4465
8534 3133
8535 3378
8536 623
8537 8527
8538 2818
8539 8537
8540 885
8541 3124
8542 4261
8543 8539
8544 166
8545 5097
8546 4271
8547 2170
8548 2131
8549 7979
8550 612
8551 6487
8552 1063
8553 5686
8554 2365
8555 3657
8556 1102
8557 8077
8558 2681
8559 2504
8560 309
8561 6085
8562 2846
8563 8543
8564 2137
8565 3414
8566 4273
8567 7183
8568 260
8569 4403
8570 2559
8571 5702
8572 2141
8573 8563
8574 2854
8575 1125
8576 61
8577 3788
8578 4283
8579 6973
8580 462
8581 8573
8582 3035
8583 5714
8584 713
8585 3783
8586 752
8587 7859
8588 1853
8589 4010
8590 2571
8591 3283
8592 346
8593 7249
8594 4289
8595 2172
8596 1465
8597 8581
8598 2858
8599 8597
8600 369
8601 5074
8602 1729
8603 6115
8604 932
8605 5127
8606 3487
8607 5066
8608 263
8609 8599
8610 1110
8611 7811
8612 2143
8613 1288
8614 3763
8615 5163
8616 706
8617 6145
8618 3973
8619 3146
8620 1263
8621 7099
8622 1868
8623 8609
8624 175
8625 1026
8626 3791
8627 8623
8628 1418
8629 8627
8630 2577
8631 2620
8632 869
8633 7387
8634 2866
8635 3171
8636 1469
8637 5722
8638 3065
8639 7379
8640 24
8641 8629
8642 3197
8643 5002
8644 2153
8645 2805
8646 1778
8647 8641
8648 817
8649 3364
8650 1503
8651 7363
8652 1010
8653 6539
8654 4297
8655 3426
8656 523
8657 5411
8658 1364
8659 6155
8660 1293
8661 5758
8662 3953
8663 8647
8664 578
8665 5169
8666 3085
8667 1648
8668 1351
8669 8663
8670 1014
8671 4807
8672 269
8673 2650
8674 4327
8675 3033
8676 956
8677 8669
8678 4337
8679 3598
8680 435
8681 8677
8682 2878
8683 7633
8684 1793
8685 2292
8686 3977
8687 4615
8688 358
8689 8681
8690 1533
8691 5774
8692 1739
8693 8689
8694 760
8695 3999
8696 1069
8697 4642
8698 4339
8699 8693
8700 414
8701 3815
8702 3859
8703 3812
8704 13
8705 5199
8706 2894
8707 8699
8708 1535
8709 5794
8710 2013
8711 8033
8712 196
8713 8707
8714 4349
8715 2370
8716 2161
8717 7087
8718 2902
8719 8713
8720 321
8721 1768
8722 2075
8723 4543
8724 1438
8725 3123
8726 4357
8727 5806
8728 1087
8729 4715
8730 1068
8731 8719
8732 1643
8733 4958
8734 2723
8735 5223
8736 110
8737 8731
8738 3263
8739 3868
8740 969
8741 8737
8742 2494
8743 6185
8744 1091
8745 1974
8746 4363
8747 8741
8748 128
8749 7271
8750 405
8751 5818
8752 541
8753 8747
8754 2906
8755 3939
8756 1379
8757 2740
8758 3427
8759 7769
8760 426
8761 8753
8762 3641
8763 4294
8764 1555
8765 5241
8766 1916
8767 5509
8768 131
8769 4526
8770 2589
8771 4325
8772 1066
8773 8149
8774 3811
8775 792
8776 1093
8777 7747
8778 1190
8779 8761
8780 1299
8781 5834
8782 4373
8783 8779
8784 236
8785 3615
8786 3439
8787 4462
8788 1331
8789 3913
8790 1698
8791 7367
8792 755
8793 3884
8794 4391
8795 5259
8796 1454
8797 7837
8798 3713
8799 4090
8800 63
8801 7403
8802 1256
8803 8783
8804 1943
8805 3462
8806 2015
8807 8803
8808 718
8809 7201
8810 2631
8811 2324
8812 2179
8813 6245
8814 2398
8815 4551
8816 391
8817 5854
8818 4397
8819 8807
8820 300
8821 8819
8822 2779
8823 4342
8824 1097
8825 3141
8826 2918
8827 4895
8828 2203
8829 1712
8830 2643
8831 8821
8832 38
8833 3479
8834 3095
8835 2958
8836 1849
8837 8831
8838 1948
8839 8837
8840 429
8841 4190
8842 4409
8843 7223
8844 854
8845 4071
8846 4421
8847 3908
8848 365
8849 8839
8850 954
8851 7661
8852 2207
8853 4906
8854 3893
8855 1995
8856 296
8857 6617
8858 4141
8859 5878
8860 1317
8861 8849
8862 1990
8863 8861
8864 271
8865 2316
8866 2233
8867 8863
8868 1466
8869 4475
8870 2649
8871 5906
8872 1103
8873 7871
8874 1196
8875 1809
8876 1565
8877 3682
8878 3629
8879 7447
8880 186
8881 8137
8882 4423
8883 1720
8884 2213
8885 5277
8886 2942
8887 8867
8888 679
8889 5914
8890 1695
8891 6773
8892 748
8893 8887
8894 4441
8895 3522
8896 137
8897 5365
8898 2962
8899 5579
8900 747
8901 3116
8902 4447
8903 6739
8904 470
8905 4323
8906 4189
8907 5926
8908 1651
8909 7897
8910 336
8911 5185
8912 547
8913 5938
8914 4451
8915 5331
8916 1478
8917 7409
8918 1375
8919 3932
8920 633
8921 5663
8922 2966
8923 8893
8924 1691
8925 1170
8926 4457
8927 7957
8928 116
8929 8923
8930 2193
8931 4994
8932 805
8933 8929
8934 2974
8935 5349
8936 1109
8937 2536
8938 3959
8939 6295
8940 834
8941 8933
8942 3341
8943 3766
8944 451
8945 5361
8946 1340
8947 7277
8948 2221
8949 5134
8950 1557
8951 8941
8952 734
8953 6385
8954 1519
8955 2364
8956 2237
8957 5687
8958 2978
8959 4901
8960 15
8961 4646
8962 4463
8963 8951
8964 632
8965 3297
8966 4481
8967 2950
8968 901
8969 8963
8970 1254
8971 8969
8972 2239
8973 3964
8974 3155
8975 3177
8976 182
8977 7783
8978 3721
8979 5254
8980 1329
8981 6395
8982 1964
8983 7513
8984 1117
8985 3558
8986 4483
8987 4879
8988 1030
8989 8051
8990 2001
8991 992
8992 277
8993 4693
8994 2986
8995 3765
8996 1837
8997 5942
8998 2807
8999 8971
9000 108
9001 8999
9002 3205
9003 5998
9004 2243
9005 5367
9006 2482
9007 9001
9008 557
9009 1540
9010 1833
9011 9007
9012 1486
9013 9011
9014 4493
9015 3594
9016 475
9017 7571
9018 1304
9019 7061
9020 777
9021 5162
9022 3707
9023 6415
9024 86
9025 2601
9026 4507
9027 2756
9028 1829
9029 9013
9030 1230
9031 5677
9032 1123
9033 6002
9034 4513
9035 4521
9036 964
9037 6445
9038 4517
9039 4826
9040 327
9041 9029
9042 1834
9043 9041
9044 1105
9045 1464
9046 4519
9047 8453
9048 506
9049 9043
9050 1611
9051 4210
9052 2059
9053 5747
9054 1996
9055 5403
9056 281
9057 6022
9058 3215
9059 9049
9060 894
9061 5291
9062 3667
9063 3196
9064 707
9065 2325
9066 2998
9067 9059
9068 2251
9069 6038
9070 2661
9071 8213
9072 80
9073 8159
9074 3817
9075 882
9076 2267
9077 7153
9078 2158
9079 6455
9080 669
9081 3988
9082 3961
9083 8207
9084 1502
9085 4161
9086 1855
9087 5038
9088 67
9089 8201
9090 1164
9091 9067
9092 2269
9093 4310
9094 4523
9095 4017
9096 746
9097 5761
9098 4547
9099 2648
9100 495
9101 7939
9102 2294
9103 9091
9104 563
9105 3606
9106 3473
9107 6485
9108 532
9109 9103
9110 2721
9111 6046
9112 793
9113 7601
9114 1450
9115 5433
9116 1927
9117 4036
9118 3827
9119 5789
9120 102
9121 6505
9122 4549
9123 6074
9124 2273
9125 1917
9126 968
9127 9109
9128 785
9129 4498
9130 1659
9131 7391
9132 1514
9133 9127
9134 4561
9135 1380
9136 569
9137 9133
9138 3022
9139 5797
9140 1347
9141 3794
9142 3235
9143 7807
9144 452
9145 4611
9146 3419
9147 6082
9148 2281
9149 6515
9150 1062
9151 9137
9152 77
9153 1744
9154 3743
9155 5469
9156 1070
9157 9151
9158 4063
9159 5494
9160 681
9161 9157
9162 2012
9163 2275
9164 1679
9165 2838
9166 4567
9167 8383
9168 362
9169 7849
9170 1905
9171 4052
9172 2287
9173 9161
9174 1918
9175 3231
9176 899
9177 3230
9178 3839
9179 7991
9180 312
9181 9173
9182 4583
9183 6098
9184 185
9185 3423
9186 3046
9187 9181
9188 2293
9189 4076
9190 2733
9191 5335
9192 758
9193 7199
9194 4591
9195 3642
9196 833
9197 6799
9198 1420
9199 9187
9200 171
9201 6122
9202 4223
9203 9199
9204 1166
9205 3855
9206 4597
9207 1624
9208 1129
9209 9203
9210 1758
9211 8791
9212 1075
9213 4898
9214 3497
9215 4539
9216 4
9217 7711
9218 2863
9219 4330
9220 1371
9221 9209
9222 2162
9223 7543
9224 1151
9225 1332
9226 3265
9227 9221
9228 1522
9229 5803
9230 2211
9231 4654
9232 571
9233 6535
9234 544
9235 5493
9236 2297
9237 6134
9238 4031
9239 9227
9240 210
9241 9239
9242 4603
9243 3212
9244 2309
9245 5043
9246 2318
9247 6595
9248 169
9249 6158
9250 837
9251 3703
9252 1004
9253 8143
9254 3295
9255 3678
9256 913
9257 9241
9258 3062
9259 8299
9260 1383
9261 1000
9262 2933
9263 8003
9264 382
9265 4173
9266 4033
9267 6166
9268 1585
9269 6061
9270 1212
9271 8023
9272 1003
9273 3878
9274 4621
9275 2115
9276 1538
9277 9257
9278 4637
9279 4084
9280 69
9281 9277
9282 1430
9283 9281
9284 1393
9285 3702
9286 4639
9287 7471
9288 328
9289 6605
9290 2757
9291 5338
9292 1843
9293 9283
9294 3086
9295 2541
9296 395
9297 4124
9298 4643
9299 7033
9300 522
9301 8509
9302 4649
9303 4390
9304 1153
9305 5541
9306 1204
9307 8251
9308 1903
9309 4738
9310 1275
9311 9293
9312 178
9313 8357
9314 4651
9315 912
9316 1703
9317 1715
9318 3098
9319 9311
9320 687
9321 5126
9322 3869
9323 9319
9324 620
9325 3303
9326 4657
9327 6178
9328 329
9329 8279
9330 1842
9331 5945
9332 2311
9333 3068
9334 3883
9335 5583
9336 766
9337 9323
9338 2185
9339 3934
9340 1389
9341 9337
9342 1336
9343 9341
9344 71
9345 2490
9346 4663
9347 7799
9348 1258
9349 9343
9350 819
9351 4132
9352 815
9353 8471
9354 3106
9355 5601
9356 2333
9357 6218
9358 4673
9359 4525
9360 132
9361 4123
9362 4321
9363 6238
9364 2339
9365 5613
9366 2110
9367 5083
9368 1163
9369 2696
9370 2787
9371 9349
9372 938
9373 5555
9374 4387
9375 486
9376 283
9377 9371
9378 2036
9379 8611
9380 915
9381 4982
9382 4679
9383 5873
9384 494
9385 5619
9386 3179
9387 2780
9388 2341
9389 8399
9390 1866
9391 9377
9392 577
9393 5626
9394 2065
9395 5631
9396 368
9397 9391
9398 3503
9399 5258
9400 387
9401 4745
9402 3118
9403 9397
9404 2347
9405 1428
9406 4691
9407 7619
9408 50
9409 7921
9410 2811
9411 6242
9412 1969
9413 9403
9414 2084
9415 3945
9416 721
9417 5822
9418 3523
9419 9413
9420 906
9421 9419
9422 3305
9423 2776
9424 493
9425 2277
9426 3134
9427 5971
9428 2351
9429 4430
9430 2109
9431 9421
9432 508
9433 9431
9434 3901
9435 2418
9436 1655
9437 9433
9438 1078
9439 9437
9440 159
9441 4156
9442 4703
9443 5695
9444 1546
9445 5637
9446 4721
9447 5246
9448 1171
9449 5999
9450 360
9451 7909
9452 1781
9453 4978
9454 3611
9455 5133
9456 386
9457 4775
9458 4723
9459 4196
9460 861
9461 9439
9462 2686
9463 9461
9464 605
9465 3714
9466 4729
9467 9463
9468 1028
9469 7111
9470 2823
9471 2590
9472 31
9473 9467
9474 3142
9475 3357
9476 1919
9477 704
9478 3365
9479 9473
9480 438
9481 8347
9482 2947
9483 4922
9484 2357
9485 4035
9486 1508
9487 8131
9488 587
9489 6274
9490 2343
9491 9479
9492 1090
9493 6013
9494 4171
9495 2388
9496 1181
9497 9491
9498 3158
9499 5035
9500 459
9501 6326
9502 4733
9503 5863
9504 56
9505 5667
9506 2225
9507 6334
9508 2371
9509 7781
9510 1878
9511 9497
9512 851
9513 2980
9514 4087
9515 3507
9516 1298
9517 8497
9518 4751
9519 5542
9520 195
9521 9511
9522 1444
9523 8549
9524 2377
9525 2034
9526 3017
9527 6635
9528 778
9529 7997
9530 2841
9531 2792
9532 2381
9533 9521
9534 2230
9535 5703
9536 139
9537 2366
9538 4097
9539 9533
9540 564
9541 4945
9542 3949
9543 6338
9544 1187
9545 4503
9546 2542
9547 9539
9548 1015
9549 4204
9550 1629
9551 9547
9552 394
9553 8473
9554 3601
9555 1650
9556 2383
9557 8483
9558 848
9559 3577
9560 699
9561 6362
9562 3385
9563 9017
9564 1574
9565 5721
9566 4759
9567 4244
9568 209
9569 6805
9570 966
9571 7241
9572 2389
9573 6374
9574 4783
9575 3411
9576 340
9577 8909
9578 4787
9579 5858
9580 1401
9581 4697
9582 3166
9583 4805
9584 593
9585 1608
9586 4789
9587 9551
9588 1118
9589 8651
9590 1965
9591 5206
9592 749
9593 8413
9594 1628
9595 4947
9596 2393
9597 4490
9598 4793
9599 7291
9600 18
9601 9587
9602 4799
9603 2492
9604 625
9605 4251
9606 3194
9607 8063
9608 1193
9609 6382
9610 2523
9611 6835
9612 664
9613 9601
9614 2261
9615 3786
9616 599
9617 8321
9618 2270
9619 9613
9620 1023
9621 4252
9622 3653
9623 9619
9624 794
9625 945
9626 4801
9627 6406
9628 1817
9629 9623
9630 1236
9631 9629
9632 205
9633 4114
9634 4813
9635 4773
9636 994
9637 7771
9638 4307
9639 1040
9640 717
9641 8903
9642 3202
9643 9631
9644 2399
9645 3846
9646 2585
9647 6041
9648 244
9649 9643
9650 1719
9651 6418
9652 1921
9653 4825
9654 3214
9655 5739
9656 871
9657 2852
9658 3031
9659 8129
9660 570
9661 9649
9662 4817
9663 6434
9664 149
9665 5793
9666 1384
9667 6865
9668 2411
9669 3962
9670 2859
9671 8551
9672 638
9673 7319
9674 3415
9675 1476
9676 1961
9677 9661
9678 3218
9679 9677
9680 147
9681 4570
9682 4343
9683 7961
9684 1052
9685 4587
9686 3749
9687 6442
9688 835
9689 9679
9690 1326
9691 6139
9692 2417
9693 2824
9694 3937
9695 4065
9696 194
9697 9689
9698 4037
9699 5546
9700 801
9701 8881
9702 700
9703 9019
9704 1201
9705 3858
9706 3781
9707 7397
9708 1594
9709 6035
9710 2901
9711 3476
9712 601
9713 6167
9714 3226
9715 4209
9716 1685
9717 5402
9718 4469
9719 9697
9720 96
9721 9719
9722 4831
9723 4610
9724 1001
9725 3447
9726 3238
9727 8777
9728 17
9729 3268
9730 2055
9731 7967
9732 1618
9733 9721
9734 4379
9735 2226
9736 1213
9737 5665
9738 2092
9739 9733
9740 1437
9741 4706
9742 4861
9743 9739
9744 230
9745 5799
9746 3073
9747 2312
9748 2423
9749 9743
9750 594
9751 4925
9752 893
9753 6458
9754 4871
9755 5847
9756 1076
9757 6181
9758 2405
9759 6502
9760 177
9761 9143
9762 3242
9763 8173
9764 2437
9765 1740
9766 4267
9767 9749
9768 434
9769 9767
9770 2913
9771 6506
9772 1735
9773 7613
9774 1432
9775 2223
9776 473
9777 6514
9778 4877
9779 3955
9780 942
9781 9769
9782 4331
9783 4276
9784 1217
9785 5151
9786 2290
9787 9781
9788 2441
9789 5302
9790 1743
9791 9787
9792 52
9793 6905
9794 4187
9795 3882
9796 2117
9797 8633
9798 2546
9799 8621
9800 225
9801 784
9802 2783
9803 9791
9804 1394
9805 4371
9806 4889
9807 4630
9808 607
9809 7423
9810 1284
9811 9803
9812 1477
9813 6518
9814 3455
9815 4917
9816 802
9817 9811
9818 4903
9819 4348
9820 1461
9821 5605
9822 3254
9823 5117
9824 293
9825 2286
9826 2197
9827 9077
9828 440
9829 9817
9830 2931
9831 5014
9832 1223
9833 9829
9834 1946
9835 4155
9836 2447
9837 4364
9838 4909
9839 9833
9840 222
9841 8261
9842 2635
9843 4966
9844 1957
9845 3633
9846 2164
9847 9307
9848 1229
9849 3050
9850 1737
9851 9839
9852 1622
9853 8639
9854 4103
9855 1704
9856 35
9857 9851
9858 2726
9859 9857
9860 897
9861 5678
9862 4919
9863 6995
9864 524
9865 5853
9866 4931
9867 2926
9868 2459
9869 9179
9870 1290
9871 9859
9872 613
9873 4372
9874 4933
9875 1971
9876 1642
9877 5135
9878 3101
9879 5146
9880 561
9881 8843
9882 944
9883 9871
9884 1745
9885 3918
9886 4937
9887 9883
9888 202
9889 4669
9890 2337
9891 3020
9892 2467
9893 8327
9894 2314
9895 5919
9896 1231
9897 6542
9898 2425
9899 8653
9900 252
9901 9887
9902 4943
9903 6598
9904 617
9905 4215
9906 2486
9907 9901
9908 2473
9909 2872
9910 2949
9911 4277
9912 530
9913 7999
9914 4951
9915 3954
9916 1891
9917 8557
9918 1564
9919 5885
9920 87
9921 6602
9922 1813
9923 9907
9924 1646
9925 3501
9926 3505
9927 4388
9928 923
9929 9923
9930 1902
9931 9929
9932 1991
9933 2870
9934 4957
9935 5937
9936 152
9937 8857
9938 4967
9939 6614
9940 1005
9941 9931
9942 3274
9943 9263
9944 763
9945 1716
9946 4969
9947 2875
9948 1654
9949 9941
9950 1773
9951 5974
9952 307
9953 8153
9954 1460
9955 3759
9956 2159
9957 6626
9958 4169
9959 8189
9960 474
9961 7045
9962 3679
9963 1184
9964 2021
9965 5961
9966 2086
9967 9949
9968 415
9969 6638
9970 2973
9971 6413
9972 1084
9973 9967
9974 4973
9975 1530
9976 943
9977 6209
9978 3314
9979 7501
9980 1473
9981 4412
9982 2755
9983 8479
9984 22
9985 5979
9986 4987
9987 6646
9988 1561
9989 7115
9990 744
9991 8989
9992 1237
9993 6658
9994 4369
9995 5991
9996 650
9997 8371
9998 4993
9999 2716
10000 81
