1 1
2 2
3 4
4 6
5 3
6 9
7 12
8 8
9 10
10 5
11 15
12 18
13 14
14 7
15 21
16 24
17 16
18 20
19 22
20 11
21 33
22 27
23 30
24 25
25 35
26 28
27 26
28 13
29 39
30 36
31 32
32 34
33 17
34 51
35 42
36 38
37 19
38 57
39 45
40 40
41 44
42 46
43 23
44 69
45 48
46 50
47 52
48 54
49 56
50 49
51 63
52 60
53 55
54 65
55 70
56 58
57 29
58 87
59 66
60 62
61 31
62 93
63 72
64 64
65 68
66 74
67 37
68 111
69 75
70 78
71 76
72 80
73 82
74 41
75 123
76 81
77 84
78 77
79 88
80 86
81 43
82 129
83 90
84 85
85 95
86 100
87 92
88 94
89 47
90 141
91 96
92 98
93 91
94 104
95 102
96 99
97 105
98 108
99 106
100 53
101 159
102 114
103 110
104 112
105 116
106 118
107 59
108 177
109 117
110 120
111 115
112 125
113 130
114 122
115 61
116 183
117 126
118 119
119 133
120 140
121 124
122 128
123 132
124 121
125 143
126 154
127 134
128 67
129 201
130 135
131 138
132 136
133 142
134 71
135 213
136 144
137 146
138 73
139 219
140 147
141 150
142 145
143 155
144 160
145 148
146 152
147 156
148 153
149 162
150 158
151 79
152 237
153 165
154 168
155 161
156 175
157 170
158 164
159 166
160 83
161 249
162 171
163 174
164 172
165 176
166 178
167 89
168 267
169 180
170 182
171 169
172 195
173 185
174 190
175 184
176 186
177 188
178 192
179 189
180 196
181 194
182 97
183 291
184 198
185 187
186 204
187 200
188 202
189 101
190 303
191 207
192 210
193 203
194 217
195 224
196 206
197 103
198 309
199 216
200 208
201 212
202 214
203 107
204 321
205 222
206 218
207 109
208 327
209 225
210 205
211 215
212 220
213 209
214 228
215 226
216 113
217 339
218 231
219 234
220 221
221 238
222 230
223 232
224 236
225 240
226 235
227 245
228 250
229 242
230 244
231 246
232 243
233 252
234 248
235 254
236 127
237 381
238 255
239 258
240 256
241 260
242 247
243 266
244 259
245 273
246 261
247 264
248 253
249 275
250 265
251 270
252 262
253 131
254 393
255 276
256 268
257 272
258 274
259 137
260 411
261 279
262 282
263 278
264 139
265 417
266 285
267 280
268 284
269 286
270 288
271 290
272 292
273 294
274 287
275 301
276 308
277 296
278 298
279 149
280 447
281 297
282 300
283 295
284 305
285 310
286 302
287 151
288 453
289 306
290 289
291 323
292 304
293 312
294 299
295 322
296 314
297 157
298 471
299 315
300 318
301 316
302 320
303 324
304 326
305 163
306 489
307 330
308 319
309 341
310 352
311 328
312 332
313 334
314 167
315 501
316 333
317 336
318 329
319 343
320 350
321 325
322 335
323 340
324 338
325 342
326 344
327 346
328 173
329 519
330 345
331 348
332 351
333 354
334 356
335 358
336 179
337 537
338 357
339 360
340 355
341 365
342 370
343 362
344 181
345 543
346 363
347 366
348 364
349 368
350 372
351 369
352 375
353 378
354 371
355 385
356 374
357 376
358 380
359 361
360 399
361 384
362 382
363 191
364 573
365 387
366 390
367 377
368 403
369 416
370 386
371 193
372 579
373 396
374 388
375 392
376 394
377 197
378 591
379 402
380 398
381 199
382 597
383 405
384 395
385 400
386 404
387 406
388 408
389 391
390 414
391 410
392 412
393 418
394 407
395 429
396 420
397 413
398 427
399 434
400 422
401 211
402 633
403 423
404 426
405 424
406 428
407 430
408 415
409 425
410 435
411 432
412 436
413 438
414 440
415 442
416 444
417 441
418 448
419 446
420 223
421 669
422 450
423 445
424 455
425 460
426 437
427 456
428 452
429 454
430 227
431 681
432 459
433 462
434 451
435 473
436 484
437 458
438 229
439 687
440 465
441 468
442 464
443 466
444 233
445 699
446 474
447 470
448 472
449 476
450 469
451 483
452 477
453 480
454 475
455 485
456 490
457 478
458 239
459 717
460 486
461 482
462 241
463 723
464 492
465 488
466 494
467 481
468 507
469 495
470 498
471 496
472 500
473 502
474 251
475 753
476 504
477 497
478 511
479 518
480 506
481 508
482 510
483 493
484 522
485 512
486 514
487 257
488 771
489 513
490 516
491 520
492 505
493 515
494 525
495 528
496 517
497 539
498 532
499 524
500 526
501 263
502 789
503 531
504 534
505 530
506 535
507 540
508 536
509 538
510 269
511 807
512 546
513 533
514 559
515 572
516 542
517 271
518 813
519 549
520 552
521 529
522 575
523 545
524 550
525 544
526 527
527 558
528 548
529 554
530 277
531 831
532 555
533 560
534 553
535 567
536 561
537 564
538 556
539 562
540 281
541 843
542 570
543 551
544 580
545 565
546 585
547 576
548 566
549 283
550 849
551 582
552 568
553 574
554 578
555 584
556 586
557 293
558 879
559 588
560 581
561 595
562 590
563 592
564 594
565 583
566 605
567 600
568 596
569 598
570 602
571 604
572 606
573 603
574 609
575 612
576 608
577 589
578 620
579 610
580 614
581 307
582 921
583 615
584 618
585 616
586 622
587 311
588 933
589 621
590 624
591 611
592 637
593 623
594 630
595 625
596 635
597 640
598 626
599 313
600 939
601 627
602 636
603 628
604 632
605 634
606 317
607 951
608 639
609 642
610 638
611 644
612 646
613 629
614 663
615 645
616 648
617 650
618 652
619 654
620 651
621 657
622 660
623 649
624 671
625 682
626 656
627 658
628 662
629 331
630 993
631 666
632 664
633 668
634 670
635 655
636 665
637 672
638 674
639 337
640 1011
641 675
642 678
643 676
644 680
645 684
646 686
647 679
648 693
649 690
650 667
651 696
652 688
653 692
654 694
655 347
656 1041
657 702
658 689
659 715
660 685
661 695
662 700
663 698
664 349
665 1047
666 705
667 708
668 704
669 706
670 353
671 1059
672 711
673 714
674 697
675 731
676 748
677 710
678 712
679 716
680 718
681 359
682 1077
683 720
684 722
685 703
686 740
687 724
688 726
689 728
690 707
691 721
692 735
693 725
694 730
695 732
696 729
697 738
698 734
699 367
700 1101
701 741
702 744
703 713
704 736
705 742
706 746
707 373
708 1119
709 747
710 750
711 745
712 755
713 760
714 752
715 754
716 756
717 749
718 763
719 770
720 737
721 759
722 762
723 758
724 379
725 1137
726 765
727 768
728 764
729 766
730 383
731 1149
732 774
733 772
734 776
735 778
736 389
737 1167
738 777
739 780
740 767
741 793
742 806
743 775
744 785
745 790
746 782
747 784
748 786
749 783
750 792
751 781
752 803
753 814
754 788
755 794
756 397
757 1191
758 795
759 798
760 779
761 817
762 836
763 796
764 800
765 802
766 401
767 1203
768 801
769 804
770 808
771 810
772 805
773 791
774 812
775 816
776 799
777 833
778 819
779 822
780 818
781 409
782 1227
783 825
784 815
785 820
786 824
787 826
788 828
789 830
790 832
791 834
792 837
793 840
794 835
795 845
796 850
797 838
798 419
799 1257
800 846
801 842
802 421
803 1263
804 852
805 844
806 848
807 854
808 847
809 858
810 855
811 860
812 856
813 862
814 431
815 1293
816 861
817 864
818 866
819 433
820 1299
821 867
822 870
823 841
824 899
825 868
826 872
827 874
828 851
829 888
830 873
831 876
832 878
833 439
834 1317
835 882
836 875
837 865
838 880
839 869
840 891
841 885
842 890
843 884
844 871
845 897
846 894
847 886
848 443
849 1329
850 900
851 892
852 896
853 889
854 903
855 906
856 898
857 449
858 1347
859 909
860 912
861 893
862 931
863 910
864 895
865 905
866 915
867 918
868 901
869 935
870 902
871 904
872 908
873 914
874 457
875 1371
876 924
877 913
878 946
879 916
880 920
881 922
882 461
883 1383
884 927
885 930
886 925
887 940
888 926
889 463
890 1389
891 936
892 923
893 949
894 962
895 928
896 932
897 934
898 467
899 1401
900 942
901 938
902 917
903 945
904 948
905 944
906 950
907 952
908 954
909 956
910 958
911 479
912 1437
913 957
914 960
915 955
916 965
917 970
918 964
919 966
920 943
921 984
922 963
923 969
924 972
925 968
926 974
927 487
928 1461
929 975
930 978
931 976
932 980
933 959
934 973
935 987
936 981
937 990
938 979
939 1001
940 988
941 982
942 491
943 1473
944 996
945 986
946 992
947 961
948 1023
949 999
950 1002
951 994
952 998
953 499
954 1497
955 1005
956 985
957 995
958 1000
959 1004
960 1006
961 503
962 1509
963 1008
964 1010
965 1012
966 989
967 1032
968 1014
969 1016
970 1018
971 509
972 1527
973 1017
974 1020
975 1003
976 1037
977 1054
978 1022
979 1015
980 1025
981 1030
982 1024
983 1026
984 1007
985 1045
986 1034
987 1028
988 1036
989 1029
990 1035
991 1038
992 1040
993 1027
994 1053
995 1044
996 1042
997 521
998 1563
999 1050
1000 1043
1001 1057
1002 1064
1003 1046
1004 523
1005 1569
1006 1056
1007 1048
1008 1052
1009 1058
1010 1060
1011 1055
1012 1065
1013 1062
1014 1066
1015 1068
1016 1070
1017 1072
1018 1074
1019 1071
1020 1078
1021 1067
1022 1089
1023 1080
1024 1075
1025 1085
1026 1090
1027 1076
1028 1082
1029 541
1030 1623
1031 1083
1032 1086
1033 1084
1034 1088
1035 1092
1036 1079
1037 1105
1038 1095
1039 1098
1040 1094
1041 547
1042 1641
1043 1104
1044 1081
1045 1127
1046 1099
1047 1106
1048 1096
1049 1100
1050 1102
1051 1073
1052 1110
1053 1107
1054 1113
1055 1116
1056 1108
1057 1112
1058 1114
1059 557
1060 1671
1061 1122
1062 1111
1063 1133
1064 1144
1065 1118
1066 1120
1067 1115
1068 1125
1069 1128
1070 1124
1071 1126
1072 563
1073 1689
1074 1131
1075 1134
1076 1130
1077 1132
1078 1136
1079 1138
1080 569
1081 1707
1082 1140
1083 1121
1084 1159
1085 1178
1086 1142
1087 571
1088 1713
1089 1143
1090 1146
1091 1148
1092 1141
1093 1155
1094 1135
1095 1145
1096 1150
1097 1152
1098 1154
1099 577
1100 1731
1101 1158
1102 1156
1103 1139
1104 1173
1105 1161
1106 1164
1107 1160
1108 1162
1109 1166
1110 1168
1111 1170
1112 1157
1113 1183
1114 1169
1115 1176
1116 1172
1117 1174
1118 587
1119 1761
1120 1179
1121 1182
1122 1180
1123 1165
1124 1175
1125 1185
1126 1188
1127 1177
1128 1199
1129 1210
1130 1184
1131 1147
1132 1209
1133 1194
1134 1186
1135 593
1136 1779
1137 1197
1138 1190
1139 1192
1140 1196
1141 1198
1142 599
1143 1797
1144 1200
1145 1195
1146 1205
1147 1215
1148 1206
1149 1202
1150 601
1151 1803
1152 1212
1153 1204
1154 1208
1155 1214
1156 607
1157 1821
1158 1218
1159 1189
1160 1230
1161 1216
1162 1220
1163 1222
1164 1224
1165 1207
1166 1241
1167 1258
1168 1221
1169 1232
1170 1211
1171 1225
1172 1235
1173 1240
1174 1226
1175 613
1176 1839
1177 1233
1178 1236
1179 1228
1180 1234
1181 617
1182 1851
1183 1239
1184 1242
1185 1219
1186 1265
1187 1243
1188 1254
1189 1238
1190 619
1191 1857
1192 1245
1193 1248
1194 1244
1195 1246
1196 1250
1197 1252
1198 1256
1199 1260
1200 1251
1201 1266
1202 1262
1203 631
1204 1893
1205 1269
1206 1272
1207 1264
1208 1268
1209 1270
1210 1255
1211 1275
1212 1278
1213 1274
1214 1253
1215 1267
1216 1281
1217 1284
1218 1276
1219 1247
1220 1290
1221 1280
1222 1282
1223 641
1224 1923
1225 1287
1226 1261
1227 1300
1228 1285
1229 1295
1230 1288
1231 1286
1232 643
1233 1929
1234 1296
1235 1292
1236 1273
1237 1311
1238 1302
1239 1271
1240 1312
1241 1294
1242 647
1243 1941
1244 1305
1245 1308
1246 1298
1247 1304
1248 1306
1249 653
1250 1959
1251 1314
1252 1310
1253 1315
1254 1320
1255 1309
1256 1316
1257 1318
1258 659
1259 1977
1260 1323
1261 1326
1262 1313
1263 1339
1264 1352
1265 1322
1266 661
1267 1983
1268 1332
1269 1324
1270 1328
1271 1330
1272 1325
1273 1335
1274 1338
1275 1334
1276 1336
1277 1340
1278 1342
1279 1331
1280 1353
1281 1341
1282 1344
1283 1337
1284 1351
1285 1358
1286 1346
1287 673
1288 2019
1289 1350
1290 1345
1291 1355
1292 1360
1293 1343
1294 1377
1295 1356
1296 1348
1297 1354
1298 677
1299 2031
1300 1359
1301 1362
1302 1364
1303 1333
1304 1376
1305 1366
1306 683
1307 2049
1308 1365
1309 1368
1310 1349
1311 1387
1312 1406
1313 1369
1314 1443
1315 1374
1316 1370
1317 1372
1318 1378
1319 1380
1320 1357
1321 1403
1322 1426
1323 1382
1324 691
1325 2073
1326 1386
1327 1375
1328 1385
1329 1390
1330 1384
1331 1388
1332 1392
1333 1363
1334 1410
1335 1394
1336 1396
1337 1398
1338 1395
1339 1400
1340 1379
1341 1393
1342 1407
1343 1404
1344 1391
1345 1417
1346 1430
1347 1397
1348 1408
1349 1402
1350 701
1351 2103
1352 1413
1353 1416
1354 1412
1355 1414
1356 1418
1357 709
1358 2127
1359 1419
1360 1422
1361 1420
1362 1405
1363 1415
1364 1425
1365 1428
1366 1411
1367 1445
1368 1435
1369 1421
1370 1442
1371 1424
1372 1432
1373 1434
1374 1431
1375 1440
1376 1436
1377 1438
1378 719
1379 2157
1380 1446
1381 1444
1382 1448
1383 1450
1384 1452
1385 1441
1386 1463
1387 1449
1388 1455
1389 1458
1390 1454
1391 727
1392 2181
1393 1464
1394 1456
1395 1460
1396 1462
1397 1466
1398 733
1399 2199
1400 1467
1401 1470
1402 1465
1403 1475
1404 1480
1405 1468
1406 1472
1407 1474
1408 1476
1409 1478
1410 739
1411 2217
1412 1479
1413 1482
1414 1469
1415 1495
1416 1485
1417 1488
1418 1457
1419 1504
1420 1484
1421 1477
1422 1491
1423 1494
1424 1486
1425 743
1426 2229
1427 1500
1428 1490
1429 1492
1430 1496
1431 1498
1432 1502
1433 751
1434 2253
1435 1503
1436 1506
1437 1508
1438 1510
1439 1505
1440 1512
1441 1514
1442 757
1443 2271
1444 1515
1445 1518
1446 1507
1447 1529
1448 1540
1449 1516
1450 1520
1451 1501
1452 1539
1453 1521
1454 1524
1455 1522
1456 761
1457 2283
1458 1530
1459 1513
1460 1547
1461 1519
1462 1526
1463 1528
1464 1532
1465 1534
1466 1536
1467 1533
1468 1542
1469 1538
1470 769
1471 2307
1472 1545
1473 1525
1474 1535
1475 1550
1476 1544
1477 1546
1478 773
1479 2319
1480 1548
1481 1551
1482 1554
1483 1517
1484 1558
1485 1552
1486 1556
1487 1560
1488 1555
1489 1565
1490 1570
1491 1562
1492 1564
1493 1541
1494 1587
1495 1557
1496 1566
1497 1537
1498 1590
1499 1568
1500 1561
1501 1575
1502 1572
1503 1574
1504 787
1505 2361
1506 1578
1507 1576
1508 1580
1509 1582
1510 1584
1511 1573
1512 1586
1513 1588
1514 1592
1515 1594
1516 797
1517 2391
1518 1581
1519 1593
1520 1596
1521 1577
1522 1615
1523 1585
1524 1595
1525 1600
1526 1598
1527 1602
1528 1599
1529 1605
1530 1608
1531 1604
1532 1606
1533 1610
1534 1589
1535 1603
1536 1617
1537 1611
1538 1614
1539 1612
1540 1616
1541 1618
1542 809
1543 2427
1544 1620
1545 1622
1546 811
1547 2433
1548 1626
1549 1624
1550 1628
1551 1591
1552 1634
1553 1630
1554 1625
1555 1635
1556 1629
1557 1632
1558 1636
1559 1638
1560 1631
1561 1645
1562 1640
1563 1642
1564 821
1565 2463
1566 1644
1567 1646
1568 823
1569 2469
1570 1647
1571 1650
1572 1639
1573 1661
1574 1672
1575 1648
1576 1652
1577 1654
1578 827
1579 2481
1580 1653
1581 1656
1582 1633
1583 1679
1584 1702
1585 1658
1586 829
1587 2487
1588 1659
1589 1662
1590 1660
1591 1655
1592 1665
1593 1668
1594 1664
1595 1651
1596 1677
1597 1674
1598 1643
1599 1696
1600 1666
1601 1649
1602 1683
1603 1680
1604 1670
1605 1675
1606 1685
1607 1690
1608 1676
1609 1678
1610 839
1611 2517
1612 1686
1613 1682
1614 1684
1615 1688
1616 1692
1617 1694
1618 1673
1619 1687
1620 1701
1621 1695
1622 1698
1623 1700
1624 1704
1625 1706
1626 853
1627 2559
1628 1710
1629 1691
1630 1729
1631 1703
1632 1716
1633 1705
1634 1715
1635 1708
1636 1712
1637 1714
1638 857
1639 2571
1640 1719
1641 1722
1642 1681
1643 1763
1644 1720
1645 1718
1646 859
1647 2577
1648 1725
1649 1728
1650 1724
1651 1726
1652 863
1653 2589
1654 1734
1655 1717
1656 1751
1657 1768
1658 1730
1659 1732
1660 1736
1661 1738
1662 1727
1663 1749
1664 1737
1665 1740
1666 1711
1667 1769
1668 1798
1669 1742
1670 1744
1671 1746
1672 1743
1673 1750
1674 1735
1675 1745
1676 1755
1677 1752
1678 1748
1679 1754
1680 877
1681 2631
1682 1758
1683 1756
1684 1760
1685 1762
1686 881
1687 2643
1688 1764
1689 1757
1690 1771
1691 1778
1692 1766
1693 883
1694 2649
1695 1767
1696 1770
1697 1765
1698 1775
1699 1780
1700 1772
1701 1774
1702 887
1703 2661
1704 1773
1705 1776
1706 1739
1707 1786
1708 1782
1709 1784
1710 1788
1711 1785
1712 1790
1713 1792
1714 1794
1715 1781
1716 1807
1717 1820
1718 1795
1719 1800
1720 1791
1721 1806
1722 1796
1723 1802
1724 1804
1725 1793
1726 1815
1727 1805
1728 1810
1729 1808
1730 1812
1731 1809
1732 1818
1733 1814
1734 907
1735 2721
1736 1824
1737 1816
1738 1822
1739 911
1740 2733
1741 1827
1742 1799
1743 1813
1744 1834
1745 1826
1746 1828
1747 1830
1748 1825
1749 1835
1750 1840
1751 1817
1752 1863
1753 1833
1754 1836
1755 1819
1756 1853
1757 1870
1758 1832
1759 1838
1760 919
1761 2757
1762 1842
1763 1844
1764 1846
1765 1848
1766 1837
1767 1859
1768 1872
1769 1845
1770 1850
1771 1852
1772 1854
1773 1856
1774 1858
1775 929
1776 2787
1777 1860
1778 1829
1779 1888
1780 1862
1781 1841
1782 1855
1783 1865
1784 1875
1785 1866
1786 1864
1787 1868
1788 1874
1789 937
1790 2811
1791 1869
1792 1876
1793 1878
1794 1880
1795 1882
1796 941
1797 2823
1798 1881
1799 1843
1800 1900
1801 1884
1802 1886
1803 1890
1804 1883
1805 1897
1806 1904
1807 1887
1808 1896
1809 1892
1810 1849
1811 1935
1812 1885
1813 1895
1814 1905
1815 1899
1816 1902
1817 1894
1818 947
1819 2841
1820 1908
1821 1898
1822 1906
1823 953
1824 2859
1825 1911
1826 1914
1827 1903
1828 1925
1829 1910
1830 1912
1831 1916
1832 1918
1833 1920
1834 1915
1835 1930
1836 1922
1837 1891
1838 1952
1839 1924
1840 1926
1841 1917
1842 1932
1843 1909
1844 1955
1845 1921
1846 1938
1847 1919
1848 1957
1849 1976
1850 1928
1851 1934
1852 967
1853 2901
1854 1944
1855 1936
1856 1940
1857 1942
1858 971
1859 2913
1860 1947
1861 1950
1862 1937
1863 1963
1864 1989
1865 1953
1866 1939
1867 1946
1868 1948
1869 1954
1870 977
1871 2931
1872 1956
1873 1958
1874 1960
1875 1945
1876 1965
1877 1962
1878 1964
1879 1966
1880 983
1881 2949
1882 1968
1883 1927
1884 1974
1885 1967
1886 1981
1887 1988
1888 1970
1889 1972
1890 1943
1891 2001
1892 1971
1893 1980
1894 1969
1895 1991
1896 2002
1897 1978
1898 1982
1899 991
1900 2973
1901 1986
1902 1984
1903 1990
1904 1975
1905 1985
1906 1995
1907 1992
1908 1994
1909 997
1910 2991
1911 1998
1912 1961
1913 2014
1914 1996
1915 2000
1916 2004
1917 2006
1918 2008
1919 2010
1920 2005
1921 2015
1922 2020
1923 2012
1924 2016
1925 2007
1926 2013
1927 2022
1928 2018
1929 1009
1930 3027
1931 2025
1932 2028
1933 2024
1934 2026
1935 1013
1936 3039
1937 2034
1938 2030
1939 2009
1940 2023
1941 2037
1942 2040
1943 2032
1944 2036
1945 2038
1946 1019
1947 3057
1948 2043
1949 2046
1950 2035
1951 2045
1952 2050
1953 2042
1954 1021
1955 3063
1956 2052
1957 2033
1958 2071
1959 2090
1960 2044
1961 2048
1962 2054
1963 2041
1964 2067
1965 2055
1966 2058
1967 2051
1968 2065
1969 2060
1970 2056
1971 2062
1972 1031
1973 3093
1974 2061
1975 2064
1976 2021
1977 2068
1978 2057
1979 2074
1980 2066
1981 1033
1982 3099
1983 2070
1984 2047
1985 2093
1986 2072
1987 2076
1988 2078
1989 1039
1990 3117
1991 2079
1992 2082
1993 2080
1994 2075
1995 2085
1996 2088
1997 2059
1998 2117
1999 2146
2000 2084
2001 2086
2002 2092
2003 2094
2004 2091
2005 2097
2006 2100
2007 2095
2008 2105
2009 2110
2010 2096
2011 2098
2012 1049
2013 3147
2014 2106
2015 2102
2016 1051
2017 3153
2018 2109
2019 2112
2020 2101
2021 2123
2022 2134
2023 2104
2024 2108
2025 2077
2026 2139
2027 2115
2028 2118
2029 2114
2030 2107
2031 2121
2032 2124
2033 2116
2034 2120
2035 2122
2036 1061
2037 3183
2038 2130
2039 2125
2040 2135
2041 2128
2042 2126
2043 1063
2044 3189
2045 2133
2046 2136
2047 2132
2048 2119
2049 2145
2050 2140
2051 2138
2052 1069
2053 3207
2054 2142
2055 2144
2056 2148
2057 2150
2058 2152
2059 2154
2060 2151
2061 2160
2062 2155
2063 2165
2064 2170
2065 2149
2066 2156
2067 2158
2068 2162
2069 2164
2070 2166
2071 2147
2072 2185
2073 2175
2074 2163
2075 2169
2076 2172
2077 2168
2078 2174
2079 1087
2080 3261
2081 2178
2082 2167
2083 2189
2084 2200
2085 2176
2086 2159
2087 2193
2088 2184
2089 2171
2090 2197
2091 2210
2092 2180
2093 2182
2094 1091
2095 3273
2096 2187
2097 2190
2098 2186
2099 1093
2100 3279
2101 2196
2102 2188
2103 2192
2104 2194
2105 1097
2106 3291
2107 2202
2108 2198
2109 2177
2110 2191
2111 2205
2112 2195
2113 2215
2114 2220
2115 2183
2116 2242
2117 2204
2118 2206
2119 1103
2120 3309
2121 2208
2122 2211
2123 2214
2124 2173
2125 2226
2126 2212
2127 2216
2128 2218
2129 1109
2130 3327
2131 2223
2132 2232
2133 2201
2134 2263
2135 2294
2136 2222
2137 2224
2138 2228
2139 2230
2140 2225
2141 2235
2142 2238
2143 2234
2144 1117
2145 3351
2146 2241
2147 2244
2148 2227
2149 2261
2150 2219
2151 2233
2152 2240
2153 2236
2154 2246
2155 1123
2156 3369
2157 2247
2158 2250
2159 2245
2160 2255
2161 2260
2162 2248
2163 2252
2164 2254
2165 2231
2166 2277
2167 2256
2168 2209
2169 2303
2170 2268
2171 2258
2172 1129
2173 3387
2174 2259
2175 2262
2176 2249
2177 2275
2178 2265
2179 2270
2180 2264
2181 2266
2182 2272
2183 2274
2184 2276
2185 2278
2186 2280
2187 2282
2188 2284
2189 2286
2190 2288
2191 2290
2192 2285
2193 2295
2194 2289
2195 2292
2196 2296
2197 2298
2198 2300
2199 2302
2200 1151
2201 3453
2202 2301
2203 2304
2204 2306
2205 1153
2206 3459
2207 2310
2208 2299
2209 2318
2210 2257
2211 2331
2212 2313
2213 2316
2214 2308
2215 2312
2216 2314
2217 2320
2218 2291
2219 2349
2220 2322
2221 2279
2222 2332
2223 2321
2224 2343
2225 2325
2226 2305
2227 2315
2228 2330
2229 2324
2230 2317
2231 2338
2232 2326
2233 1163
2234 3489
2235 2328
2236 2334
2237 2336
2238 2340
2239 2327
2240 2353
2241 2366
2242 2342
2243 1171
2244 3513
2245 2337
2246 2346
2247 2323
2248 2369
2249 2392
2250 2344
2251 2348
2252 2350
2253 2335
2254 2345
2255 2352
2256 2354
2257 2356
2258 2358
2259 2355
2260 2360
2261 2362
2262 1181
2263 3543
2264 2364
2265 2367
2266 2370
2267 2365
2268 2375
2269 2380
2270 2329
2271 2363
2272 2397
2273 2373
2274 2359
2275 2387
2276 2376
2277 2368
2278 2372
2279 2374
2280 1187
2281 3561
2282 2379
2283 2382
2284 2378
2285 2384
2286 2386
2287 1193
2288 3579
2289 2385
2290 2388
2291 2390
2292 2394
2293 2396
2294 2398
2295 2400
2296 2395
2297 2405
2298 2410
2299 2402
2300 1201
2301 3603
2302 2403
2303 2406
2304 2404
2305 2408
2306 2401
2307 2415
2308 2409
2309 2412
2310 2414
2311 2416
2312 2418
2313 2420
2314 2422
2315 2424
2316 2421
2317 2430
2318 2425
2319 2435
2320 2440
2321 2426
2322 1213
2323 3639
2324 2436
2325 2407
2326 2465
2327 2431
2328 2442
2329 2428
2330 2432
2331 2413
2332 2451
2333 2439
2334 2445
2335 2448
2336 2434
2337 1217
2338 3651
2339 2454
2340 2438
2341 2444
2342 2446
2343 1223
2344 3669
2345 2457
2346 2429
2347 2443
2348 2450
2349 2452
2350 2456
2351 2458
2352 1229
2353 3687
2354 2460
2355 2419
2356 2478
2357 2462
2358 1231
2359 3693
2360 2466
2361 2464
2362 2453
2363 2475
2364 2455
2365 2470
2366 2468
2367 2472
2368 2474
2369 1237
2370 3711
2371 2484
2372 2461
2373 2507
2374 2530
2375 2476
2376 2480
2377 2449
2378 2511
2379 2490
2380 2482
2381 2486
2382 2488
2383 2492
2384 2471
2385 2485
2386 2495
2387 2500
2388 2494
2389 2496
2390 2483
2391 2509
2392 2522
2393 2498
2394 1249
2395 3747
2396 2493
2397 2499
2398 2502
2399 2504
2400 2506
2401 2508
2402 2489
2403 2527
2404 2513
2405 2520
2406 2505
2407 2510
2408 2512
2409 2514
2410 2516
2411 2479
2412 2546
2413 2518
2414 1259
2415 3777
2416 2523
2417 2526
2418 2524
2419 2528
2420 2532
2421 2529
2422 2535
2423 2515
2424 2525
2425 2540
2426 2534
2427 2536
2428 2538
2429 2491
2430 2544
2431 2541
2432 2497
2433 2519
2434 2552
2435 2542
2436 2501
2437 2562
2438 2547
2439 2550
2440 2533
2441 2567
2442 2584
2443 2548
2444 2554
2445 1277
2446 3831
2447 2553
2448 2556
2449 2558
2450 1279
2451 3837
2452 2565
2453 2545
2454 2555
2455 2560
2456 2564
2457 2566
2458 1283
2459 3849
2460 2568
2461 2570
2462 2572
2463 2574
2464 2561
2465 2587
2466 2600
2467 2575
2468 2580
2469 2537
2470 2596
2471 2563
2472 2585
2473 2590
2474 2569
2475 2576
2476 2578
2477 1289
2478 3867
2479 2583
2480 2586
2481 2582
2482 1291
2483 3873
2484 2592
2485 2588
2486 2594
2487 1297
2488 3891
2489 2595
2490 2598
2491 2601
2492 2604
2493 2573
2494 2635
2495 2605
2496 2610
2497 2581
2498 2639
2499 2597
2500 2611
2501 2618
2502 2602
2503 1301
2504 3903
2505 2607
2506 2613
2507 2616
2508 2606
2509 1303
2510 3909
2511 2619
2512 2622
2513 2599
2514 2645
2515 2615
2516 2620
2517 2608
2518 2612
2519 2614
2520 1307
2521 3921
2522 2625
2523 2628
2524 2624
2525 2626
2526 2630
2527 2632
2528 2634
2529 2636
2530 2638
2531 1319
2532 3957
2533 2637
2534 2640
2535 2629
2536 2651
2537 2662
2538 2642
2539 1321
2540 3963
2541 2646
2542 2644
2543 2648
2544 2650
2545 2652
2546 2654
2547 1327
2548 3981
2549 2655
2550 2658
2551 2656
2552 2660
2553 2603
2554 2641
2555 2679
2556 2664
2557 2627
2558 2698
2559 2666
2560 2623
2561 2684
2562 2668
2563 2670
2564 2665
2565 2675
2566 2680
2567 2672
2568 2674
2569 2653
2570 2667
2571 2673
2572 2676
2573 2678
2574 2682
2575 2685
2576 2688
2577 2681
2578 2695
2579 2690
2580 2686
2581 2669
2582 2703
2583 2691
2584 2694
2585 2692
2586 2696
2587 2700
2588 2697
2589 2706
2590 2702
2591 2704
2592 2708
2593 2710
2594 2705
2595 2715
2596 2709
2597 2712
2598 2714
2599 2716
2600 2718
2601 2720
2602 2722
2603 1361
2604 4083
2605 2724
2606 2726
2607 2728
2608 2717
2609 2730
2610 2723
2611 2737
2612 2744
2613 2732
2614 2734
2615 1367
2616 4101
2617 2727
2618 2736
2619 2738
2620 2701
2621 2774
2622 2740
2623 2725
2624 2735
2625 2745
2626 2739
2627 2742
2628 2746
2629 1373
2630 4119
2631 2748
2632 2750
2633 2752
2634 2754
2635 2751
2636 2758
2637 2756
2638 2743
2639 2769
2640 2760
2641 2755
2642 2765
2643 2770
2644 2762
2645 1381
2646 4143
2647 2763
2648 2766
2649 2764
2650 2768
2651 2772
2652 2761
2653 2783
2654 2794
2655 2776
2656 2778
2657 2775
2658 2780
2659 2782
2660 2784
2661 2781
2662 2790
2663 2759
2664 2821
2665 2779
2666 2786
2667 2788
2668 2747
2669 2814
2670 2792
2671 2796
2672 2793
2673 2799
2674 2802
2675 2798
2676 1399
2677 4197
2678 2805
2679 2771
2680 2822
2681 2800
2682 2785
2683 2795
2684 2808
2685 2804
2686 2806
2687 2810
2688 2812
2689 2816
2690 2818
2691 1409
2692 4227
2693 2817
2694 2820
2695 2773
2696 2832
2697 2824
2698 2826
2699 2828
2700 2807
2701 2835
2702 2815
2703 2825
2704 2830
2705 2834
2706 2836
2707 2838
2708 2827
2709 2849
2710 2842
2711 2813
2712 2871
2713 2829
2714 2844
2715 2840
2716 2845
2717 2850
2718 2831
2719 2869
2720 2888
2721 2846
2722 1423
2723 4269
2724 2847
2725 2853
2726 2856
2727 2839
2728 2873
2729 2860
2730 2848
2731 2852
2732 2854
2733 1427
2734 4281
2735 2862
2736 2809
2737 2915
2738 2855
2739 2865
2740 2868
2741 2858
2742 1429
2743 4287
2744 2874
2745 2864
2746 2866
2747 1433
2748 4299
2749 2877
2750 2863
2751 2870
2752 2872
2753 2876
2754 2878
2755 1439
2756 4317
2757 2880
2758 2875
2759 2885
2760 2890
2761 2882
2762 2884
2763 2886
2764 2883
2765 2889
2766 2892
2767 2894
2768 1447
2769 4341
2770 2895
2771 2898
2772 2891
2773 2905
2774 2900
2775 2896
2776 2902
2777 1451
2778 4353
2779 2904
2780 2893
2781 2926
2782 2906
2783 1453
2784 4359
2785 2907
2786 2910
2787 2908
2788 2912
2789 2899
2790 2925
2791 2916
2792 2914
2793 2867
2794 2928
2795 2918
2796 1459
2797 4377
2798 2919
2799 2922
2800 2920
2801 2924
2802 2881
2803 2948
2804 2930
2805 2932
2806 2934
2807 2936
2808 2938
2809 2940
2810 2933
2811 2947
2812 2954
2813 2942
2814 1471
2815 4413
2816 2937
2817 2943
2818 2946
2819 2944
2820 2921
2821 2967
2822 2952
2823 2911
2824 2982
2825 2950
2826 2935
2827 2945
2828 2955
2829 2958
2830 2929
2831 2987
2832 3016
2833 2951
2834 2964
2835 2956
2836 2960
2837 2923
2838 2997
2839 2961
2840 2968
2841 2962
2842 1481
2843 4443
2844 2970
2845 2959
2846 2981
2847 2992
2848 2941
2849 2975
2850 2965
2851 2980
2852 2966
2853 1483
2854 4449
2855 2976
2856 2972
2857 2974
2858 1487
2859 4461
2860 2979
2861 2985
2862 2988
2863 2978
2864 1489
2865 4467
2866 2994
2867 2984
2868 2986
2869 1493
2870 4479
2871 3000
2872 2990
2873 2977
2874 3003
2875 2989
2876 2996
2877 2998
2878 1499
2879 4497
2880 3006
2881 3002
2882 2983
2883 3021
2884 3009
2885 3012
2886 3004
2887 3008
2888 3010
2889 2995
2890 3005
2891 3015
2892 3018
2893 3014
2894 3020
2895 3022
2896 1511
2897 4533
2898 3024
2899 3017
2900 3031
2901 3038
2902 3007
2903 3069
2904 3025
2905 3030
2906 3026
2907 3028
2908 3032
2909 3034
2910 2993
2911 3066
2912 3033
2913 3036
2914 3013
2915 3059
2916 3040
2917 3035
2918 3045
2919 3042
2920 3029
2921 3055
2922 3050
2923 3044
2924 3046
2925 1523
2926 4569
2927 3048
2928 3051
2929 3054
2930 3052
2931 3056
2932 3058
2933 3047
2934 3080
2935 3060
2936 3043
2937 3077
2938 3094
2939 3062
2940 1531
2941 4593
2942 3072
2943 3064
2944 3068
2945 3070
2946 3065
2947 3075
2948 3078
2949 3074
2950 3076
2951 3082
2952 3084
2953 3081
2954 3087
2955 3073
2956 3101
2957 3108
2958 3071
2959 3145
2960 3085
2961 3090
2962 3086
2963 1543
2964 4629
2965 3096
2966 3053
2967 3124
2968 3088
2969 3092
2970 3098
2971 1549
2972 4647
2973 3102
2974 3091
2975 3113
2976 3135
2977 3095
2978 3100
2979 3104
2980 3106
2981 1553
2982 4659
2983 3105
2984 3110
2985 3112
2986 3114
2987 3111
2988 3120
2989 3107
2990 3133
2991 3146
2992 3116
2993 3097
2994 3154
2995 3118
2996 1559
2997 4677
2998 3123
2999 3126
3000 3122
3001 3115
3002 3125
3003 3130
3004 3128
3005 3132
3006 3103
3007 3161
3008 3190
3009 3134
3010 1567
3011 4701
3012 3129
3013 3136
3014 3138
3015 3140
3016 3142
3017 1571
3018 4713
3019 3141
3020 3144
3021 3148
3022 3150
3023 3143
3024 3157
3025 3164
3026 3152
3027 3156
3028 3158
3029 1579
3030 4737
3031 3159
3032 3162
3033 3131
3034 3193
3035 3224
3036 3160
3037 3155
3038 3165
3039 3168
3040 3166
3041 1583
3042 4749
3043 3171
3044 3174
3045 3151
3046 3197
3047 3220
3048 3170
3049 3172
3050 3176
3051 3178
3052 3180
3053 3127
3054 3186
3055 3177
3056 3192
3057 3173
3058 3211
3059 3185
3060 3175
3061 3195
3062 3198
3063 3182
3064 3139
3065 3212
3066 3179
3067 3196
3068 3149
3069 3216
3070 3184
3071 3188
3072 3194
3073 1597
3074 4791
3075 3201
3076 3204
3077 3200
3078 3202
3079 1601
3080 4803
3081 3210
3082 3205
3083 3215
3084 3225
3085 3213
3086 3199
3087 3206
3088 3208
3089 3214
3090 1607
3091 4821
3092 3219
3093 3222
3094 3218
3095 1609
3096 4827
3097 3228
3098 3226
3099 1613
3100 4839
3101 3231
3102 3234
3103 3223
3104 3245
3105 3230
3106 3232
3107 3236
3108 3238
3109 1619
3110 4857
3111 3237
3112 3240
3113 3235
3114 3250
3115 3242
3116 1621
3117 4863
3118 3243
3119 3246
3120 3244
3121 3248
3122 3227
3123 3241
3124 3255
3125 3249
3126 3252
3127 3254
3128 1627
3129 4881
3130 3258
3131 3256
3132 3260
3133 3262
3134 3264
3135 3247
3136 3281
3137 3298
3138 3266
3139 3268
3140 3270
3141 3265
3142 3275
3143 3280
3144 3239
3145 3318
3146 3267
3147 3276
3148 3263
3149 3289
3150 3278
3151 3272
3152 3274
3153 1637
3154 4911
3155 3282
3156 3284
3157 3286
3158 3233
3159 3294
3160 3285
3161 3288
3162 3290
3163 3269
3164 3283
3165 3297
3166 3300
3167 3292
3168 3296
3169 3302
3170 3304
3171 3306
3172 3277
3173 3335
3174 3295
3175 3305
3176 3310
3177 3308
3178 3312
3179 3303
3180 3315
3181 3320
3182 3314
3183 1657
3184 4971
3185 3321
3186 3324
3187 3316
3188 3322
3189 3311
3190 3325
3191 3287
3192 3344
3193 3326
3194 1663
3195 4989
3196 3330
3197 3293
3198 3367
3199 3328
3200 3332
3201 3334
3202 1667
3203 5001
3204 3333
3205 3336
3206 3338
3207 1669
3208 5007
3209 3339
3210 3342
3211 3340
3212 3345
3213 3348
3214 3317
3215 3379
3216 3410
3217 3346
3218 3350
3219 3352
3220 3354
3221 3341
3222 3380
3223 3355
3224 3360
3225 3353
3226 3374
3227 3356
3228 3358
3229 3362
3230 3364
3231 3366
3232 3349
3233 3383
3234 3400
3235 3365
3236 3370
3237 3368
3238 3372
3239 3357
3240 3363
3241 3375
3242 3378
3243 3376
3244 3382
3245 3384
3246 3337
3247 3408
3248 3381
3249 3388
3250 3377
3251 3399
3252 3390
3253 3385
3254 3395
3255 3402
3256 3386
3257 1693
3258 5079
3259 3393
3260 3396
3261 3392
3262 3394
3263 1697
3264 5091
3265 3405
3266 3411
3267 3414
3268 3398
3269 1699
3270 5097
3271 3417
3272 3420
3273 3401
3274 3439
3275 3458
3276 3404
3277 3406
3278 3412
3279 3416
3280 3409
3281 3423
3282 3426
3283 3418
3284 1709
3285 5127
3286 3429
3287 3432
3288 3419
3289 3445
3290 3415
3291 3425
3292 3430
3293 3422
3294 3424
3295 3428
3296 3434
3297 3436
3298 3438
3299 3435
3300 3440
3301 3397
3302 3476
3303 3421
3304 3443
3305 3454
3306 3442
3307 1721
3308 5163
3309 3441
3310 3444
3311 3403
3312 3485
3313 3450
3314 3427
3315 3473
3316 3496
3317 3446
3318 1723
3319 5169
3320 3447
3321 3456
3322 3448
3323 3452
3324 3460
3325 3455
3326 3465
3327 3437
3328 3451
3329 3468
3330 3462
3331 3464
3332 3466
3333 1733
3334 5199
3335 3471
3336 3474
3337 3470
3338 3472
3339 3478
3340 3431
3341 3504
3342 3477
3343 3480
3344 3475
3345 3490
3346 3482
3347 1741
3348 5223
3349 3483
3350 3486
3351 3479
3352 3493
3353 3500
3354 3484
3355 3488
3356 3492
3357 3494
3358 1747
3359 5241
3360 3495
3361 3498
3362 3487
3363 3509
3364 3520
3365 3502
3366 3506
3367 1753
3368 5259
3369 3501
3370 3507
3371 3510
3372 3497
3373 3523
3374 3536
3375 3508
3376 3512
3377 3514
3378 3516
3379 3518
3380 1759
3381 5277
3382 3519
3383 3522
3384 3524
3385 3526
3386 3528
3387 3521
3388 3535
3389 3505
3390 3515
3391 3525
3392 3530
3393 3532
3394 3534
3395 3503
3396 3565
3397 3540
3398 3481
3399 3599
3400 3538
3401 3542
3402 3531
3403 3537
3404 3546
3405 3544
3406 3548
3407 3550
3408 3545
3409 3555
3410 3549
3411 3552
3412 3554
3413 1777
3414 5331
3415 3558
3416 3556
3417 3560
3418 3562
3419 3564
3420 3553
3421 3570
3422 3563
3423 3577
3424 3584
3425 3566
3426 1783
3427 5349
3428 3567
3429 3573
3430 3576
3431 3568
3432 3572
3433 3574
3434 1787
3435 5361
3436 3582
3437 3578
3438 1789
3439 5367
3440 3585
3441 3575
3442 3580
3443 3586
3444 3588
3445 3590
3446 3592
3447 3594
3448 3591
3449 3597
3450 3600
3451 3595
3452 3605
3453 3598
3454 3596
3455 3602
3456 1801
3457 5403
3458 3606
3459 3604
3460 3551
3461 3618
3462 3608
3463 3610
3464 3612
3465 3569
3466 3652
3467 3614
3468 3601
3469 3627
3470 3609
3471 3615
3472 3620
3473 3616
3474 3622
3475 1811
3476 5433
3477 3621
3478 3587
3479 3638
3480 3624
3481 3626
3482 3589
3483 3663
3484 3619
3485 3630
3486 3625
3487 3635
3488 3640
3489 3628
3490 3632
3491 3634
3492 3611
3493 3657
3494 3633
3495 3636
3496 3642
3497 3644
3498 3646
3499 1823
3500 5469
3501 3645
3502 3648
3503 3629
3504 3667
3505 3686
3506 3650
3507 3654
3508 3647
3509 3661
3510 3668
3511 3656
3512 3658
3513 3660
3514 3655
3515 3665
3516 3670
3517 3662
3518 1831
3519 5493
3520 3666
3521 3653
3522 3679
3523 3692
3524 3664
3525 3672
3526 3674
3527 3641
3528 3685
3529 3675
3530 3678
3531 3676
3532 3680
3533 3682
3534 3684
3535 3681
3536 3690
3537 3649
3538 3731
3539 3689
3540 3696
3541 3688
3542 3694
3543 1847
3544 5541
3545 3699
3546 3702
3547 3698
3548 3700
3549 3695
3550 3705
3551 3708
3552 3704
3553 3706
3554 3710
3555 3703
3556 3717
3557 3714
3558 3712
3559 3683
3560 3741
3561 3720
3562 3715
3563 3725
3564 3730
3565 3716
3566 3718
3567 3707
3568 3729
3569 3723
3570 3726
3571 3722
3572 1861
3573 5583
3574 3732
3575 3724
3576 3728
3577 3734
3578 1867
3579 5601
3580 3735
3581 3738
3582 3736
3583 3740
3584 3742
3585 1871
3586 5613
3587 3744
3588 3746
3589 1873
3590 5619
3591 3750
3592 3745
3593 3752
3594 3748
3595 3754
3596 1877
3597 5631
3598 3753
3599 3756
3600 3758
3601 1879
3602 5637
3603 3759
3604 3762
3605 3743
3606 3781
3607 3800
3608 3755
3609 3760
3610 3713
3611 3792
3612 3764
3613 3766
3614 3768
3615 3765
3616 3770
3617 3757
3618 3774
3619 3737
3620 3811
3621 3848
3622 3772
3623 3749
3624 3795
3625 3751
3626 3773
3627 3780
3628 3771
3629 3783
3630 3786
3631 3776
3632 3778
3633 1889
3634 5667
3635 3789
3636 3798
3637 3782
3638 3721
3639 3843
3640 3787
3641 3794
3642 3784
3643 3788
3644 3790
3645 3775
3646 3785
3647 3805
3648 3810
3649 3796
3650 3802
3651 1901
3652 5703
3653 3801
3654 3804
3655 3806
3656 3808
3657 3791
3658 3825
3659 3807
3660 3813
3661 3816
3662 3763
3663 3834
3664 3812
3665 3814
3666 1907
3667 5721
3668 3819
3669 3822
3670 3809
3671 3835
3672 3815
3673 3820
3674 3818
3675 3824
3676 3826
3677 1913
3678 5739
3679 3828
3680 3799
3681 3857
3682 3829
3683 3836
3684 3830
3685 3832
3686 3838
3687 3840
3688 3842
3689 3844
3690 3846
3691 3850
3692 3817
3693 3839
3694 3861
3695 3852
3696 3854
3697 3856
3698 3858
3699 3855
3700 3845
3701 3860
3702 3862
3703 1931
3704 5793
3705 3864
3706 3841
3707 3887
3708 3874
3709 3866
3710 1933
3711 5799
3712 3870
3713 3827
3714 3913
3715 3871
3716 3878
3717 3868
3718 3872
3719 3876
3720 3859
3721 3893
3722 3910
3723 3865
3724 3875
3725 3880
3726 3882
3727 3879
3728 3885
3729 3888
3730 3884
3731 3886
3732 3890
3733 3892
3734 3894
3735 3883
3736 3905
3737 3895
3738 3900
3739 3896
3740 3898
3741 1949
3742 5847
3743 3897
3744 3906
3745 3899
3746 3920
3747 3902
3748 1951
3749 5853
3750 3912
3751 3904
3752 3908
3753 3914
3754 3916
3755 3918
3756 3915
3757 3924
3758 3922
3759 3869
3760 3942
3761 3926
3762 3928
3763 3930
3764 3925
3765 3935
3766 3940
3767 3932
3768 3934
3769 3927
3770 3933
3771 3936
3772 3938
3773 3944
3774 3946
3775 1973
3776 5919
3777 3939
3778 3945
3779 3948
3780 3901
3781 3984
3782 3950
3783 3952
3784 3954
3785 3951
3786 3960
3787 3949
3788 3971
3789 3982
3790 3956
3791 3958
3792 1979
3793 5937
3794 3966
3795 3962
3796 3941
3797 3955
3798 3965
3799 3970
3800 3964
3801 3968
3802 3937
3803 3999
3804 3969
3805 3972
3806 3974
3807 1987
3808 5961
3809 3975
3810 3978
3811 3961
3812 3995
3813 3980
3814 3976
3815 3983
3816 3990
3817 3985
3818 4000
3819 3986
3820 1993
3821 5979
3822 3987
3823 3993
3824 3996
3825 3959
3826 4033
3827 4070
3828 3988
3829 3992
3830 3994
3831 1997
3832 5991
3833 4002
3834 3973
3835 4031
3836 4060
3837 3997
3838 4004
3839 3991
3840 4017
3841 4005
3842 4008
3843 3998
3844 1999
3845 5997
3846 4011
3847 4014
3848 4006
3849 2003
3850 6009
3851 4020
3852 3953
3853 4012
3854 4010
3855 4015
3856 4025
3857 3979
3858 4048
3859 4016
3860 4018
3861 3977
3862 4059
3863 4023
3864 4026
3865 4022
3866 2011
3867 6033
3868 4029
3869 4032
3870 4024
3871 4028
3872 4009
3873 4047
3874 4035
3875 4030
3876 4034
3877 2017
3878 6051
3879 4038
3880 4036
3881 4040
3882 4042
3883 4044
3884 4041
3885 4050
3886 4045
3887 4055
3888 4065
3889 4053
3890 4039
3891 4046
3892 4052
3893 4054
3894 2027
3895 6081
3896 4056
3897 4043
3898 4069
3899 4082
3900 4058
3901 2029
3902 6087
3903 4062
3904 4064
3905 4066
3906 4068
3907 4071
3908 4074
3909 4067
3910 4081
3911 4037
3912 4092
3913 4061
3914 4123
3915 4085
3916 4075
3917 4080
3918 4063
3919 4097
3920 4114
3921 4072
3922 4076
3923 4078
3924 2039
3925 6117
3926 4077
3927 4086
3928 4084
3929 4088
3930 4090
3931 4094
3932 4096
3933 4098
3934 4089
3935 4095
3936 4100
3937 4102
3938 4104
3939 4106
3940 2053
3941 6159
3942 4107
3943 4110
3944 4105
3945 4115
3946 4120
3947 4108
3948 4112
3949 4116
3950 4109
3951 4130
3952 4118
3953 4122
3954 4113
3955 4125
3956 4103
3957 4136
3958 4124
3959 4126
3960 2063
3961 6189
3962 4128
3963 4131
3964 4134
3965 4121
3966 4147
3967 4158
3968 4132
3969 4138
3970 2069
3971 6207
3972 4137
3973 4140
3974 4117
3975 4163
3976 4186
3977 4142
3978 4144
3979 4146
3980 4148
3981 4087
3982 4154
3983 4150
3984 4135
3985 4145
3986 4155
3987 4149
3988 4152
3989 4156
3990 4160
3991 4162
3992 2081
3993 6243
3994 4161
3995 4164
3996 4166
3997 2083
3998 6249
3999 4167
4000 4170
4001 4165
4002 4151
4003 4172
4004 4168
4005 4174
4006 2087
4007 6261
4008 4173
4009 4176
4010 4178
4011 2089
4012 6267
4013 4179
4014 4182
4015 4141
4016 4223
4017 4264
4018 4180
4019 4169
4020 4191
4021 4185
4022 4175
4023 4190
4024 4184
4025 4188
4026 4192
4027 4194
4028 4196
4029 4198
4030 2099
4031 6297
4032 4200
4033 4193
4034 4207
4035 4214
4036 4171
4037 4257
4038 4202
4039 4204
4040 4206
4041 4203
4042 4209
4043 4212
4044 4199
4045 4216
4046 4208
4047 4210
4048 4195
4049 4205
4050 4215
4051 4218
4052 4181
4053 4255
4054 4220
4055 4222
4056 2111
4057 6333
4058 4221
4059 4224
4060 4213
4061 4235
4062 4225
4063 4230
4064 4183
4065 4272
4066 4226
4067 2113
4068 6339
4069 4233
4070 4236
4071 4228
4072 4232
4073 4234
4074 4238
4075 4240
4076 4187
4077 4266
4078 4239
4079 4242
4080 4244
4081 4246
4082 4248
4083 4189
4084 4260
4085 4245
4086 4250
4087 4252
4088 4254
4089 4251
4090 4263
4091 4249
4092 4256
4093 4237
4094 4275
4095 4265
4096 4270
4097 4258
4098 2129
4099 6387
4100 4278
4101 4247
4102 4309
4103 4340
4104 4262
4105 2131
4106 6393
4107 4284
4108 4267
4109 4301
4110 4268
4111 4274
4112 2137
4113 6411
4114 4290
4115 4276
4116 4280
4117 4282
4118 2141
4119 6423
4120 4293
4121 4296
4122 4286
4123 2143
4124 6429
4125 4302
4126 4288
4127 4292
4128 4294
4129 4298
4130 4277
4131 4291
4132 4305
4133 4285
4134 4295
4135 4300
4136 4304
4137 4306
4138 2153
4139 6459
4140 4308
4141 4310
4142 4312
4143 4279
4144 4323
4145 4311
4146 4314
4147 4316
4148 4303
4149 4329
4150 4320
4151 4315
4152 4325
4153 4330
4154 4318
4155 4322
4156 2161
4157 6483
4158 4326
4159 4319
4160 4333
4161 4347
4162 4324
4163 4328
4164 4332
4165 4313
4166 4351
4167 4370
4168 4334
4169 4336
4170 4338
4171 4335
4172 4344
4173 4342
4174 4346
4175 4348
4176 4350
4177 4321
4178 4379
4179 4408
4180 4352
4181 4354
4182 4356
4183 4345
4184 4355
4185 4360
4186 4358
4187 2179
4188 6537
4189 4362
4190 4364
4191 4366
4192 4307
4193 4380
4194 4365
4195 4368
4196 4361
4197 4375
4198 4382
4199 4372
4200 4374
4201 4371
4202 4383
4203 4386
4204 4343
4205 4429
4206 4472
4207 4376
4208 4378
4209 4367
4210 4389
4211 4392
4212 4331
4213 4402
4214 4384
4215 4388
4216 4390
4217 4385
4218 4395
4219 4398
4220 4394
4221 4381
4222 4407
4223 4401
4224 4404
4225 4396
4226 4400
4227 4405
4228 4410
4229 4403
4230 4369
4231 4420
4232 4406
4233 2203
4234 6609
4235 4416
4236 4393
4237 4439
4238 4462
4239 4412
4240 4414
4241 2207
4242 6621
4243 4419
4244 4422
4245 4411
4246 4433
4247 4444
4248 4418
4249 4424
4250 4417
4251 4431
4252 4425
4253 4415
4254 4430
4255 4426
4256 2213
4257 6639
4258 4428
4259 4387
4260 4469
4261 4510
4262 4432
4263 4434
4264 4436
4265 4438
4266 4440
4267 4435
4268 4445
4269 4450
4270 4442
4271 2221
4272 6663
4273 4437
4274 4446
4275 4427
4276 4465
4277 4455
4278 4452
4279 4399
4280 4482
4281 4448
4282 4454
4283 4456
4284 4458
4285 4460
4286 4464
4287 4466
4288 4459
4289 4473
4290 4470
4291 4468
4292 4474
4293 2237
4294 6711
4295 4476
4296 4478
4297 2239
4298 6717
4299 4485
4300 4475
4301 4480
4302 4484
4303 4486
4304 2243
4305 6729
4306 4488
4307 4471
4308 4505
4309 4490
4310 4492
4311 4494
4312 4487
4313 4501
4314 4508
4315 4496
4316 4498
4317 4500
4318 4491
4319 4503
4320 4506
4321 4502
4322 2251
4323 6753
4324 4509
4325 4512
4326 4504
4327 4514
4328 4453
4329 4526
4330 4495
4331 4515
4332 4518
4333 4516
4334 4520
4335 4522
4336 4524
4337 4511
4338 4537
4339 4550
4340 4525
4341 4530
4342 4521
4343 4477
4344 4499
4345 4532
4346 4528
4347 4534
4348 2267
4349 6801
4350 4527
4351 4536
4352 4529
4353 4543
4354 4554
4355 4531
4356 4577
4357 4600
4358 4535
4359 4540
4360 4538
4361 2269
4362 6807
4363 4539
4364 4542
4365 4544
4366 4546
4367 2273
4368 6819
4369 4545
4370 4548
4371 4551
4372 4557
4373 4560
4374 4541
4375 4579
4376 4598
4377 4552
4378 4556
4379 4489
4380 4623
4381 4563
4382 4566
4383 4558
4384 4562
4385 2281
4386 6843
4387 4572
4388 4564
4389 4568
4390 4570
4391 4555
4392 4565
4393 4575
4394 4578
4395 4571
4396 4585
4397 4580
4398 4574
4399 2287
4400 6861
4401 4581
4402 4584
4403 4576
4404 4582
4405 4553
4406 4611
4407 4587
4408 4590
4409 4573
4410 4607
4411 4624
4412 4586
4413 2293
4414 6879
4415 4596
4416 4588
4417 4592
4418 4594
4419 2297
4420 6891
4421 4599
4422 4602
4423 4589
4424 4615
4425 4595
4426 4605
4427 4608
4428 4604
4429 4606
4430 4559
4431 4653
4432 4609
4433 4620
4434 4610
4435 4612
4436 4614
4437 4616
4438 4618
4439 2309
4440 6927
4441 4617
4442 4626
4443 4622
4444 2311
4445 6933
4446 4632
4447 4628
4448 4630
4449 4625
4450 4635
4451 4638
4452 4634
4453 4613
4454 4627
4455 4641
4456 4644
4457 4601
4458 4687
4459 4730
4460 4631
4461 4642
4462 4636
4463 4640
4464 4645
4465 4650
4466 4619
4467 4681
4468 4712
4469 4646
4470 4648
4471 4652
4472 4654
4473 4656
4474 4658
4475 4660
4476 4655
4477 4662
4478 4664
4479 4666
4480 2333
4481 6999
4482 4665
4483 4668
4484 4670
4485 4672
4486 4674
4487 4633
4488 4715
4489 4669
4490 4676
4491 4678
4492 2339
4493 7017
4494 4671
4495 4680
4496 4667
4497 4693
4498 4706
4499 4682
4500 2341
4501 7023
4502 4683
4503 4686
4504 4675
4505 4685
4506 4690
4507 4684
4508 4688
4509 4692
4510 4689
4511 4695
4512 4698
4513 4694
4514 2347
4515 7041
4516 4704
4517 4696
4518 4700
4519 4702
4520 2351
4521 7053
4522 4707
4523 4710
4524 4705
4525 4720
4526 4661
4527 4740
4528 4708
4529 4697
4530 4711
4531 4718
4532 4714
4533 2357
4534 7071
4535 4716
4536 4719
4537 4722
4538 4724
4539 4726
4540 4709
4541 4743
4542 4725
4543 4728
4544 4731
4545 4734
4546 4732
4547 4736
4548 4699
4549 4773
4550 4746
4551 4738
4552 4742
4553 2371
4554 7113
4555 4752
4556 4741
4557 4763
4558 4774
4559 4739
4560 4753
4561 4760
4562 4735
4563 4745
4564 4750
4565 4744
4566 4748
4567 4754
4568 2377
4569 7131
4570 4755
4571 4758
4572 4756
4573 4727
4574 4785
4575 4761
4576 4764
4577 4762
4578 2381
4579 7143
4580 4767
4581 4770
4582 4717
4583 4806
4584 4766
4585 2383
4586 7149
4587 4776
4588 4768
4589 4772
4590 4778
4591 2389
4592 7167
4593 4779
4594 4782
4595 4780
4596 4765
4597 4775
4598 4790
4599 4784
4600 4771
4601 4797
4602 4788
4603 4769
4604 4807
4605 4796
4606 4786
4607 2393
4608 7179
4609 4794
4610 4747
4611 4841
4612 4888
4613 4792
4614 4798
4615 2399
4616 7197
4617 4800
4618 4795
4619 4781
4620 4802
4621 4804
4622 4808
4623 4810
4624 4805
4625 4815
4626 4809
4627 4812
4628 4814
4629 4816
4630 4818
4631 4820
4632 4822
4633 2411
4634 7233
4635 4824
4636 4757
4637 4828
4638 4777
4639 4811
4640 4845
4641 4825
4642 4830
4643 4823
4644 4836
4645 4826
4646 4832
4647 4834
4648 2417
4649 7251
4650 4833
4651 4842
4652 4838
4653 4840
4654 4829
4655 4851
4656 4837
4657 4844
4658 4846
4659 2423
4660 7269
4661 4848
4662 4850
4663 4835
4664 4855
4665 4860
4666 4852
4667 4854
4668 4856
4669 4858
4670 4862
4671 4849
4672 4875
4673 4865
4674 4870
4675 4864
4676 4866
4677 4868
4678 4872
4679 4843
4680 4901
4681 4914
4682 4869
4683 4878
4684 4874
4685 2437
4686 7311
4687 4884
4688 4847
4689 4921
4690 4879
4691 4886
4692 4876
4693 4853
4694 4899
4695 4887
4696 4890
4697 4880
4698 4819
4699 4898
4700 4867
4701 4929
4702 4893
4703 4896
4704 4882
4705 2441
4706 7323
4707 4902
4708 4859
4709 4945
4710 4885
4711 4895
4712 4873
4713 4906
4714 4892
4715 4894
4716 2447
4717 7341
4718 4905
4719 4900
4720 4904
4721 4908
4722 4910
4723 4912
4724 4916
4725 4918
4726 2459
4727 7377
4728 4917
4729 4920
4730 4915
4731 4925
4732 4930
4733 4913
4734 4947
4735 4923
4736 4926
4737 4922
4738 4924
4739 4928
4740 4907
4741 4935
4742 4932
4743 4934
4744 2467
4745 7401
4746 4938
4747 4936
4748 4940
4749 4883
4750 4959
4751 4941
4752 4944
4753 4942
4754 4946
4755 2473
4756 7419
4757 4950
4758 4939
4759 4961
4760 4972
4761 4948
4762 4952
4763 4954
4764 2477
4765 7431
4766 4953
4767 4927
4768 4966
4769 4956
4770 4897
4771 4980
4772 4955
4773 4960
4774 4958
4775 4891
4776 4964
4777 4962
4778 4965
4779 4968
4780 4970
4781 4949
4782 4963
4783 4977
4784 4974
4785 4976
4786 4978
4787 4982
4788 4984
4789 4986
4790 4983
4791 4992
4792 4979
4793 5005
4794 4975
4795 4985
4796 4990
4797 4988
4798 4994
4799 4996
4800 4998
4801 4981
4802 5015
4803 4995
4804 5000
4805 5002
4806 5004
4807 5006
4808 2503
4809 7509
4810 5010
4811 5008
4812 5012
4813 4991
4814 5014
4815 5016
4816 4997
4817 5035
4818 5020
4819 5018
4820 5022
4821 5013
4822 5019
4823 5025
4824 5028
4825 5024
4826 5026
4827 5030
4828 5032
4829 5034
4830 5031
4831 5037
4832 5040
4833 5033
4834 5047
4835 5054
4836 5036
4837 5038
4838 5027
4839 5049
4840 5043
4841 5046
4842 5017
4843 5075
4844 5045
4845 5050
4846 5042
4847 2521
4848 7563
4849 5052
4850 5044
4851 5048
4852 5056
4853 5058
4854 5055
4855 5060
4856 5062
4857 2531
4858 7593
4859 5061
4860 5064
4861 5066
4862 5068
4863 5070
4864 5057
4865 5083
4866 5096
4867 5072
4868 5074
4869 5076
4870 5029
4871 5123
4872 5170
4873 5065
4874 5080
4875 5078
4876 2539
4877 7617
4878 5067
4879 5073
4880 5082
4881 5071
4882 5093
4883 5104
4884 5084
4885 5053
4886 5115
4887 5085
4888 5088
4889 5086
4890 2543
4891 7629
4892 5094
4893 5090
4894 5092
4895 5098
4896 2549
4897 7647
4898 5100
4899 5095
4900 5105
4901 5110
4902 5089
4903 5103
4904 5106
4905 5069
4906 5143
4907 5180
4908 5102
4909 2551
4910 7653
4911 5109
4912 5112
4913 5041
4914 5183
4915 5254
4916 5108
4917 5114
4918 2557
4919 7671
4920 5118
4921 5116
4922 5120
4923 5122
4924 5124
4925 5063
4926 5146
4927 5126
4928 5128
4929 5130
4930 5111
4931 5149
4932 5168
4933 5117
4934 5131
4935 5138
4936 5132
4937 5134
4938 5136
4939 5121
4940 5133
4941 5139
4942 5142
4943 5140
4944 5125
4945 5135
4946 5145
4947 5148
4948 5137
4949 5159
4950 5152
4951 5129
4952 5175
4953 5150
4954 5144
4955 5154
4956 5151
4957 5157
4958 5160
4959 5155
4960 5165
4961 5185
4962 5190
4963 5156
4964 5158
4965 2579
4966 7737
4967 5166
4968 5162
4969 5164
4970 5172
4971 5174
4972 5161
4973 5187
4974 5173
4975 5194
4976 5141
4977 5238
4978 5176
4979 5178
4980 5181
4981 5184
4982 5182
4983 2591
4984 7773
4985 5193
4986 5196
4987 5186
4988 2593
4989 7779
4990 5202
4991 5188
4992 5192
4993 5198
4994 5200
4995 5195
4996 5205
4997 5208
4998 5177
4999 5239
5000 5213
5001 5226
5002 5204
5003 5206
5004 5210
5005 5212
5006 5214
5007 5203
5008 5225
5009 5215
5010 5201
5011 5222
5012 5216
5013 5218
5014 2609
5015 7827
5016 5211
5017 5217
5018 5220
5019 5191
5020 5249
5021 5278
5022 5224
5023 5228
5024 5230
5025 5232
5026 5229
5027 5235
5028 5240
5029 5234
5030 2617
5031 7851
5032 5244
5033 5221
5034 5267
5035 5290
5036 5236
5037 5219
5038 5253
5039 5247
5040 5250
5041 5242
5042 2621
5043 7863
5044 5256
5045 5246
5046 5248
5047 5207
5048 5289
5049 5262
5050 5252
5051 5258
5052 5260
5053 5245
5054 5255
5055 5265
5056 5268
5057 5264
5058 5243
5059 5257
5060 5271
5061 5274
5062 5266
5063 2633
5064 7899
5065 5280
5066 5269
5067 5291
5068 5302
5069 5270
5070 5272
5071 5276
5072 5282
5073 5263
5074 5301
5075 5283
5076 5286
5077 5284
5078 5288
5079 5292
5080 5285
5081 5275
5082 5295
5083 5298
5084 5294
5085 2647
5086 7941
5087 5304
5088 5287
5089 5321
5090 5338
5091 5296
5092 5300
5093 5305
5094 5310
5095 5251
5096 5340
5097 5306
5098 5299
5099 5313
5100 5307
5101 5316
5102 5308
5103 5312
5104 5314
5105 2657
5106 7971
5107 5319
5108 5322
5109 5318
5110 2659
5111 7977
5112 5325
5113 5315
5114 5320
5115 5324
5116 5326
5117 2663
5118 7989
5119 5328
5120 5330
5121 5317
5122 5343
5123 5334
5124 5327
5125 5341
5126 5348
5127 5332
5128 5336
5129 5342
5130 2671
5131 8013
5132 5337
5133 5346
5134 5335
5135 5345
5136 5350
5137 5344
5138 5352
5139 5354
5140 2677
5141 8031
5142 5355
5143 5358
5144 5311
5145 5405
5146 5359
5147 5382
5148 5356
5149 5360
5150 5293
5151 5372
5152 5362
5153 5364
5154 5366
5155 2683
5156 8049
5157 5370
5158 5365
5159 5375
5160 5380
5161 5368
5162 5357
5163 5379
5164 5373
5165 5376
5166 5369
5167 5383
5168 5390
5169 5374
5170 2687
5171 8061
5172 5385
5173 5388
5174 5378
5175 2689
5176 8067
5177 5391
5178 5394
5179 5363
5180 5425
5181 5395
5182 5400
5183 5384
5184 5386
5185 2693
5186 8079
5187 5397
5188 5404
5189 5392
5190 5396
5191 5339
5192 5377
5193 5415
5194 5406
5195 5353
5196 5454
5197 5398
5198 2699
5199 8097
5200 5409
5201 5412
5202 5371
5203 5453
5204 5411
5205 5418
5206 5402
5207 5329
5208 5475
5209 5410
5210 5408
5211 5414
5212 2707
5213 8121
5214 5421
5215 5424
5216 5416
5217 5420
5218 5422
5219 2711
5220 8133
5221 5427
5222 5430
5223 5426
5224 2713
5225 8139
5226 5436
5227 5428
5228 5432
5229 5434
5230 5401
5231 5423
5232 5389
5233 5440
5234 5435
5235 5445
5236 5439
5237 5442
5238 5438
5239 2719
5240 8157
5241 5448
5242 5444
5243 5446
5244 5450
5245 5452
5246 5456
5247 5458
5248 2729
5249 8187
5250 5451
5251 5457
5252 5460
5253 5447
5254 5473
5255 5486
5256 5462
5257 2731
5258 8193
5259 5463
5260 5466
5261 5464
5262 5468
5263 5470
5264 5455
5265 5465
5266 5480
5267 5472
5268 5474
5269 5467
5270 5478
5271 5476
5272 5482
5273 2741
5274 8223
5275 5481
5276 5484
5277 5487
5278 5490
5279 5429
5280 5518
5281 5488
5282 5492
5283 5494
5284 5496
5285 5498
5286 2749
5287 8247
5288 5499
5289 5502
5290 5495
5291 5485
5292 5500
5293 5489
5294 5511
5295 5505
5296 5508
5297 5491
5298 5510
5299 5504
5300 5461
5301 5547
5302 5514
5303 5506
5304 2753
5305 8259
5306 5517
5307 5520
5308 5497
5309 5543
5310 5566
5311 5512
5312 5459
5313 5562
5314 5516
5315 5509
5316 5523
5317 5526
5318 5522
5319 5524
5320 5528
5321 5530
5322 5515
5323 5525
5324 5535
5325 5529
5326 5532
5327 5534
5328 2767
5329 8301
5330 5538
5331 5536
5332 5540
5333 5542
5334 5544
5335 5533
5336 5555
5337 5545
5338 5550
5339 5513
5340 5587
5341 5624
5342 5546
5343 5548
5344 5552
5345 5554
5346 2777
5347 8331
5348 5553
5349 5556
5350 5558
5351 5537
5352 5551
5353 5564
5354 5560
5355 5565
5356 5559
5357 5568
5358 5539
5359 5597
5360 5626
5361 5570
5362 5572
5363 5574
5364 5571
5365 5577
5366 5580
5367 5549
5368 5611
5369 5642
5370 5576
5371 5578
5372 2789
5373 8367
5374 5586
5375 5567
5376 5605
5377 5575
5378 5585
5379 5590
5380 5582
5381 2791
5382 8373
5383 5589
5384 5592
5385 5584
5386 5588
5387 5594
5388 2797
5389 8391
5390 5595
5391 5598
5392 5596
5393 5600
5394 5579
5395 5593
5396 5607
5397 5604
5398 5602
5399 2801
5400 8403
5401 5610
5402 5599
5403 5621
5404 5614
5405 5606
5406 2803
5407 8409
5408 5616
5409 5603
5410 5629
5411 5655
5412 5615
5413 5620
5414 5608
5415 5612
5416 5618
5417 5622
5418 5625
5419 5628
5420 5561
5421 5644
5422 5627
5423 5661
5424 5634
5425 5630
5426 5632
5427 5636
5428 5638
5429 2819
5430 8457
5431 5640
5432 5635
5433 5645
5434 5650
5435 5646
5436 5643
5437 5649
5438 5652
5439 5648
5440 5654
5441 5656
5442 5658
5443 5617
5444 5699
5445 5740
5446 5660
5447 5662
5448 5664
5449 5666
5450 2833
5451 8499
5452 5670
5453 5663
5454 5677
5455 5684
5456 5668
5457 5672
5458 5674
5459 2837
5460 8511
5461 5673
5462 5676
5463 5633
5464 5719
5465 5681
5466 5694
5467 5678
5468 5680
5469 5609
5470 5688
5471 5679
5472 5682
5473 5685
5474 5665
5475 5675
5476 5690
5477 5686
5478 2843
5479 8529
5480 5691
5481 5697
5482 5700
5483 5692
5484 5696
5485 5698
5486 5687
5487 5709
5488 5706
5489 5702
5490 2851
5491 8553
5492 5712
5493 5695
5494 5705
5495 5710
5496 5704
5497 5708
5498 5714
5499 2857
5500 8571
5501 5715
5502 5718
5503 5716
5504 5720
5505 5707
5506 5733
5507 5724
5508 5671
5509 5777
5510 5830
5511 5722
5512 2861
5513 8583
5514 5727
5515 5730
5516 5725
5517 5735
5518 5745
5519 5736
5520 5726
5521 5728
5522 5732
5523 5734
5524 5738
5525 5742
5526 5713
5527 5771
5528 5800
5529 5744
5530 5746
5531 5729
5532 5763
5533 5748
5534 5750
5535 5752
5536 5754
5537 5747
5538 5761
5539 5768
5540 5756
5541 5758
5542 2879
5543 8637
5544 5751
5545 5757
5546 5760
5547 5755
5548 5765
5549 5770
5550 5762
5551 5764
5552 5731
5553 5753
5554 5775
5555 5766
5556 5769
5557 5772
5558 5759
5559 5785
5560 5780
5561 5774
5562 2887
5563 8661
5564 5778
5565 5776
5566 5782
5567 5723
5568 5820
5569 5781
5570 5784
5571 5786
5572 5788
5573 5790
5574 5787
5575 5796
5576 5773
5577 5819
5578 5797
5579 5808
5580 5792
5581 5794
5582 2897
5583 8691
5584 5802
5585 5798
5586 5804
5587 5806
5588 2903
5589 8709
5590 5805
5591 5795
5592 5810
5593 5789
5594 5803
5595 5817
5596 5811
5597 5814
5598 5812
5599 5816
5600 5818
5601 2909
5602 8727
5603 5823
5604 5826
5605 5822
5606 5824
5607 5828
5608 5832
5609 5829
5610 5835
5611 5815
5612 5825
5613 5840
5614 5767
5615 5846
5616 5809
5617 5883
5618 5838
5619 5831
5620 5845
5621 5850
5622 5834
5623 2917
5624 8751
5625 5841
5626 5844
5627 5836
5628 5842
5629 5848
5630 5852
5631 5833
5632 5871
5633 5856
5634 5854
5635 2927
5636 8781
5637 5859
5638 5862
5639 5858
5640 5860
5641 5855
5642 5865
5643 5868
5644 5864
5645 5866
5646 5870
5647 5872
5648 5874
5649 5863
5650 5837
5651 5876
5652 5878
5653 2939
5654 8817
5655 5877
5656 5880
5657 5873
5658 5887
5659 5894
5660 5882
5661 5884
5662 5886
5663 5888
5664 5890
5665 5875
5666 5885
5667 5895
5668 5889
5669 5892
5670 5896
5671 5898
5672 5900
5673 5902
5674 5904
5675 5901
5676 5907
5677 5910
5678 5905
5679 5915
5680 5908
5681 5906
5682 2953
5683 8859
5684 5913
5685 5916
5686 5899
5687 5933
5688 5950
5689 5912
5690 5914
5691 2957
5692 8871
5693 5922
5694 5918
5695 5920
5696 5924
5697 5926
5698 2963
5699 8889
5700 5925
5701 5928
5702 5909
5703 5947
5704 5966
5705 5930
5706 5932
5707 5934
5708 5891
5709 5977
5710 6020
5711 5929
5712 5936
5713 5938
5714 2969
5715 8907
5716 5931
5717 5940
5718 5935
5719 5945
5720 5955
5721 5943
5722 5946
5723 5942
5724 2971
5725 8913
5726 5949
5727 5952
5728 5921
5729 5983
5730 6014
5731 5917
5732 5978
5733 5944
5734 5948
5735 5954
5736 5941
5737 5967
5738 5958
5739 5956
5740 5960
5741 5962
5742 5951
5743 5973
5744 5964
5745 5893
5746 5976
5747 5968
5748 5970
5749 5965
5750 5975
5751 5980
5752 5911
5753 5957
5754 5971
5755 5985
5756 5982
5757 5972
5758 5974
5759 5984
5760 5986
5761 5988
5762 5990
5763 5992
5764 5994
5765 5996
5766 5998
5767 2999
5768 8997
5769 6000
5770 5995
5771 6005
5772 6010
5773 6002
5774 3001
5775 9003
5776 6003
5777 6006
5778 5993
5779 6019
5780 6032
5781 6004
5782 6008
5783 6012
5784 6015
5785 6018
5786 5959
5787 6060
5788 6016
5789 5969
5790 6063
5791 6021
5792 6024
5793 6022
5794 3011
5795 9033
5796 6027
5797 5999
5798 6013
5799 6034
5800 6026
5801 6028
5802 6017
5803 6039
5804 6030
5805 5963
5806 6052
5807 6001
5808 6035
5809 6025
5810 6040
5811 6036
5812 6038
5813 3019
5814 9057
5815 6042
5816 5989
5817 6095
5818 6045
5819 6048
5820 6041
5821 6055
5822 6050
5823 6044
5824 6046
5825 3023
5826 9069
5827 6054
5828 6056
5829 6058
5830 6062
5831 6064
5832 6066
5833 6057
5834 6069
5835 6072
5836 6049
5837 6118
5838 6023
5839 6061
5840 6080
5841 6065
5842 6070
5843 6068
5844 6031
5845 6105
5846 6075
5847 6078
5848 6074
5849 3037
5850 9111
5851 6084
5852 6071
5853 6097
5854 6076
5855 6082
5856 3041
5857 9123
5858 6090
5859 6083
5860 6094
5861 6086
5862 6088
5863 6092
5864 6096
5865 6093
5866 6099
5867 6102
5868 6098
5869 3049
5870 9147
5871 6108
5872 6100
5873 6085
5874 6110
5875 6104
5876 6106
5877 6112
5878 6114
5879 6111
5880 6120
5881 6103
5882 6137
5883 6154
5884 6116
5885 6122
5886 3061
5887 9183
5888 6123
5889 6126
5890 6124
5891 6128
5892 6130
5893 6115
5894 6125
5895 6132
5896 6059
5897 6142
5898 6134
5899 3067
5900 9201
5901 6129
5902 6135
5903 6138
5904 6107
5905 6169
5906 6200
5907 6136
5908 6077
5909 6180
5910 6140
5911 6144
5912 6141
5913 6147
5914 6150
5915 6109
5916 6191
5917 6232
5918 6146
5919 6139
5920 6153
5921 6156
5922 6148
5923 6119
5924 6177
5925 6162
5926 6149
5927 6127
5928 6160
5929 6145
5930 6155
5931 6165
5932 6168
5933 6152
5934 6158
5935 3079
5936 9237
5937 6171
5938 6174
5939 6164
5940 6166
5941 3083
5942 9249
5943 6183
5944 6186
5945 6170
5946 6172
5947 6176
5948 6178
5949 3089
5950 9267
5951 6192
5952 6182
5953 6184
5954 6188
5955 6167
5956 6181
5957 6195
5958 6175
5959 6185
5960 6190
5961 6194
5962 6196
5963 6198
5964 6201
5965 6204
5966 6157
5967 6251
5968 6202
5969 6206
5970 6208
5971 6210
5972 6187
5973 6233
5974 6256
5975 6205
5976 6215
5977 6193
5978 6226
5979 6212
5980 6214
5981 6216
5982 6179
5983 6253
5984 6227
5985 6240
5986 6213
5987 6219
5988 6222
5989 6161
5990 6262
5991 6218
5992 3109
5993 9327
5994 6225
5995 6220
5996 6224
5997 6228
5998 6230
5999 6209
6000 6223
6001 6237
6002 6231
6003 6234
6004 6236
6005 6238
6006 3119
6007 9357
6008 6246
6009 6242
6010 3121
6011 9363
6012 6252
6013 6244
6014 6248
6015 6250
6016 6235
6017 6245
6018 6255
6019 6258
6020 6254
6021 6260
6022 6264
6023 6266
6024 6268
6025 6270
6026 6259
6027 6281
6028 6292
6029 6272
6030 6265
6031 6275
6032 6280
6033 6274
6034 3137
6035 9411
6036 6273
6037 6239
6038 6290
6039 6276
6040 6278
6041 6282
6042 6279
6043 6285
6044 6288
6045 6284
6046 6286
6047 6293
6048 6300
6049 6291
6050 6294
6051 6296
6052 6298
6053 6302
6054 6304
6055 6306
6056 6303
6057 6309
6058 6312
6059 6308
6060 6289
6061 6327
6062 6315
6063 6295
6064 6305
6065 6310
6066 6314
6067 6307
6068 6321
6069 6318
6070 6316
6071 6320
6072 6241
6073 6399
6074 6324
6075 6322
6076 6326
6077 3163
6078 9489
6079 6330
6080 6325
6081 6335
6082 6328
6083 6332
6084 6334
6085 3167
6086 9501
6087 6336
6088 6338
6089 3169
6090 9507
6091 6342
6092 6340
6093 6344
6094 6283
6095 6386
6096 6346
6097 6348
6098 6345
6099 6350
6100 6352
6101 6354
6102 6351
6103 6357
6104 6331
6105 6370
6106 6349
6107 6356
6108 6358
6109 6341
6110 6375
6111 6355
6112 6360
6113 6362
6114 3181
6115 9543
6116 6363
6117 6366
6118 6364
6119 6368
6120 6372
6121 6313
6122 6420
6123 6365
6124 6380
6125 6347
6126 6369
6127 6378
6128 6374
6129 3187
6130 9561
6131 6381
6132 6384
6133 6376
6134 6382
6135 3191
6136 9573
6137 6390
6138 6319
6139 6408
6140 6388
6141 6392
6142 6394
6143 6371
6144 6417
6145 6396
6146 6383
6147 6409
6148 6422
6149 6398
6150 6377
6151 6391
6152 6402
6153 6400
6154 6385
6155 6395
6156 6405
6157 6410
6158 6404
6159 6406
6160 3203
6161 9609
6162 6414
6163 6412
6164 6416
6165 6418
6166 3209
6167 9627
6168 6426
6169 6419
6170 6433
6171 6440
6172 6415
6173 6425
6174 6430
6175 6424
6176 6413
6177 6435
6178 6432
6179 6428
6180 6434
6181 3217
6182 9651
6183 6438
6184 6401
6185 6475
6186 6445
6187 6450
6188 6407
6189 6493
6190 6536
6191 6403
6192 6441
6193 6444
6194 6436
6195 6442
6196 3221
6197 9663
6198 6447
6199 6453
6200 6456
6201 6446
6202 6448
6203 6452
6204 6454
6205 6458
6206 3229
6207 9687
6208 6462
6209 6460
6210 6443
6211 6477
6212 6465
6213 6455
6214 6470
6215 6464
6216 6466
6217 6468
6218 6457
6219 6479
6220 6490
6221 6431
6222 6540
6223 6471
6224 6474
6225 6461
6226 6482
6227 6472
6228 6476
6229 6478
6230 6437
6231 6519
6232 6480
6233 6484
6234 6486
6235 6439
6236 6533
6237 6580
6238 6485
6239 6495
6240 6489
6241 6492
6242 6488
6243 6494
6244 6496
6245 6467
6246 6525
6247 6498
6248 6500
6249 6487
6250 6513
6251 6501
6252 6504
6253 6502
6254 3251
6255 9753
6256 6507
6257 6510
6258 6503
6259 6517
6260 6524
6261 6506
6262 3253
6263 9759
6264 6516
6265 6508
6266 6512
6267 6514
6268 3257
6269 9771
6270 6522
6271 6518
6272 3259
6273 9777
6274 6528
6275 6511
6276 6545
6277 6505
6278 6515
6279 6520
6280 6526
6281 6530
6282 6532
6283 6463
6284 6509
6285 6555
6286 6531
6287 6534
6288 6523
6289 6556
6290 6538
6291 6542
6292 3271
6293 9813
6294 6543
6295 6546
6296 6544
6297 6548
6298 6550
6299 6535
6300 6560
6301 6552
6302 6539
6303 6565
6304 6570
6305 6497
6306 6586
6307 6549
6308 6558
6309 6554
6310 6562
6311 6564
6312 6561
6313 6567
6314 6573
6315 6559
6316 6566
6317 6499
6318 6596
6319 6568
6320 6572
6321 6541
6322 6603
6323 6576
6324 6574
6325 6578
6326 6582
6327 6579
6328 6585
6329 6575
6330 6590
6331 6584
6332 6588
6333 6527
6334 6634
6335 6592
6336 6594
6337 6587
6338 6601
6339 6608
6340 6598
6341 3299
6342 9897
6343 6591
6344 6597
6345 6600
6346 6589
6347 6611
6348 6622
6349 6602
6350 3301
6351 9903
6352 6606
6353 6604
6354 6610
6355 6595
6356 6605
6357 6615
6358 6612
6359 6583
6360 6641
6361 6670
6362 6614
6363 3307
6364 9921
6365 6618
6366 6616
6367 6620
6368 6624
6369 6626
6370 3313
6371 9939
6372 6627
6373 6630
6374 6613
6375 6647
6376 6664
6377 6628
6378 6632
6379 6636
6380 6557
6381 6640
6382 6625
6383 6635
6384 6645
6385 6633
6386 6642
6387 6638
6388 3319
6389 9957
6390 6648
6391 6644
6392 6646
6393 3323
6394 9969
6395 6651
6396 6654
6397 6650
6398 6593
6399 6631
6400 6669
6401 6617
6402 6643
6403 6629
6404 6657
6405 6660
6406 6623
6407 6697
6408 6734
6409 6652
6410 6656
6411 6658
6412 3329
6413 9987
6414 6666
6415 6655
6416 6665
6417 6675
6418 6672
6419 6662
6420 3331
6421 9993
6422 6678
6423 6668
6424 6674
6425 6676
6426 6680
6427 6682
6428 6684
6429 6681
6430 6687
6431 6690
6432 6685
6433 6671
6434 6692
6435 6686
6436 3343
6437 10029
6438 6693
6439 6696
6440 6688
6441 6677
6442 6699
6443 6702
6444 6694
6445 3347
6446 10041
6447 6705
6448 6695
6449 6700
6450 6698
6451 6704
6452 6706
6453 6708
6454 6710
6455 6649
6456 6758
6457 6712
6458 6714
6459 6716
6460 6718
6461 3359
6462 10077
6463 6720
6464 6713
6465 6727
6466 6741
6467 6723
6468 6726
6469 6667
6470 6780
6471 6715
6472 6725
6473 6730
6474 6722
6475 3361
6476 10083
6477 6732
6478 6721
6479 6743
6480 6754
6481 6724
6482 6683
6483 6765
6484 6735
6485 6738
6486 6728
6487 6736
6488 6740
6489 6742
6490 3371
6491 10113
6492 6744
6493 6746
6494 3373
6495 10119
6496 6747
6497 6750
6498 6745
6499 6707
6500 6764
6501 6748
6502 6752
6503 6756
6504 6759
6505 6762
6506 6739
6507 6785
6508 6755
6509 6760
6510 6766
6511 6749
6512 6783
6513 6768
6514 6770
6515 6772
6516 6774
6517 6771
6518 6777
6519 6786
6520 6757
6521 6815
6522 6775
6523 6790
6524 6769
6525 6776
6526 6778
6527 3389
6528 10167
6529 6789
6530 6792
6531 6782
6532 3391
6533 10173
6534 6795
6535 6798
6536 6784
6537 6731
6538 6837
6539 6751
6540 6794
6541 6788
6542 6796
6543 6800
6544 6802
6545 6804
6546 6797
6547 6811
6548 6818
6549 6806
6550 6808
6551 6810
6552 6805
6553 6820
6554 6787
6555 6809
6556 6831
6557 6813
6558 6816
6559 6812
6560 6773
6561 6799
6562 6825
6563 6822
6564 6814
6565 3407
6566 10221
6567 6828
6568 6824
6569 6826
6570 3413
6571 10239
6572 6834
6573 6767
6574 6868
6575 6817
6576 6851
6577 6838
6578 6830
6579 6832
6580 6836
6581 6840
6582 6821
6583 6859
6584 6878
6585 6842
6586 6844
6587 6846
6588 6839
6589 6853
6590 6860
6591 6835
6592 6845
6593 6850
6594 6848
6595 6852
6596 6849
6597 6855
6598 6858
6599 6854
6600 6856
6601 6862
6602 6864
6603 6866
6604 3433
6605 10299
6606 6867
6607 6870
6608 6865
6609 6875
6610 6880
6611 6872
6612 6874
6613 6876
6614 6873
6615 6882
6616 6884
6617 6886
6618 6888
6619 6847
6620 6929
6621 6877
6622 6890
6623 6885
6624 6894
6625 6892
6626 6896
6627 6898
6628 3449
6629 10347
6630 6897
6631 6900
6632 6895
6633 6881
6634 6902
6635 6904
6636 6906
6637 6903
6638 6909
6639 6912
6640 6908
6641 6910
6642 6905
6643 6915
6644 6918
6645 6914
6646 3457
6647 10371
6648 6921
6649 6924
6650 6916
6651 6920
6652 6922
6653 3461
6654 10383
6655 6930
6656 6919
6657 6936
6658 6926
6659 3463
6660 10389
6661 6939
6662 6942
6663 6928
6664 6932
6665 6934
6666 3467
6667 10401
6668 6945
6669 6925
6670 6935
6671 6940
6672 6938
6673 3469
6674 10407
6675 6948
6676 6944
6677 6913
6678 6975
6679 6950
6680 6946
6681 6923
6682 6937
6683 6951
6684 6954
6685 6893
6686 7006
6687 6952
6688 6941
6689 6963
6690 6957
6691 6960
6692 6931
6693 6989
6694 7018
6695 6956
6696 6958
6697 6887
6698 6984
6699 6962
6700 6964
6701 6966
6702 6968
6703 6901
6704 7004
6705 6953
6706 6970
6707 6955
6708 6965
6709 6972
6710 6889
6711 7055
6712 6980
6713 6974
6714 6976
6715 6978
6716 6969
6717 6981
6718 6987
6719 6990
6720 6982
6721 3491
6722 10473
6723 6993
6724 6979
6725 6986
6726 6988
6727 6992
6728 6973
6729 7011
6730 6996
6731 6943
6732 7049
6733 7000
6734 6985
6735 6995
6736 7005
6737 7002
6738 6994
6739 6998
6740 3499
6741 10497
6742 7008
6743 7010
6744 7012
6745 7014
6746 7007
6747 7020
6748 7015
6749 7025
6750 7030
6751 7016
6752 7022
6753 3511
6754 10533
6755 7026
6756 7024
6757 7028
6758 7021
6759 7035
6760 7029
6761 7032
6762 7034
6763 3517
6764 10551
6765 7038
6766 7036
6767 7040
6768 7042
6769 7044
6770 7046
6771 7033
6772 7059
6773 7047
6774 7050
6775 7003
6776 7097
6777 7144
6778 7048
6779 7052
6780 7009
6781 7095
6782 7045
6783 7060
6784 7054
6785 3527
6786 10581
6787 7056
6788 7058
6789 3529
6790 10587
6791 7062
6792 7051
6793 7073
6794 7084
6795 7061
6796 7107
6797 7065
6798 7068
6799 7037
6800 7099
6801 7130
6802 7064
6803 7066
6804 3533
6805 10599
6806 7074
6807 7070
6808 7063
6809 7077
6810 7080
6811 7072
6812 7076
6813 7078
6814 3539
6815 10617
6816 7083
6817 7086
6818 7082
6819 3541
6820 10623
6821 7089
6822 7092
6823 7088
6824 7090
6825 7075
6826 7085
6827 7098
6828 7091
6829 7105
6830 7100
6831 7094
6832 3547
6833 10641
6834 7101
6835 7104
6836 7067
6837 7141
6838 7178
6839 7081
6840 7154
6841 7096
6842 7102
6843 7106
6844 7087
6845 7125
6846 7110
6847 7031
6848 7120
6849 7108
6850 7112
6851 7114
6852 3557
6853 10671
6854 7116
6855 7118
6856 3559
6857 10677
6858 7119
6859 7122
6860 7124
6861 7111
6862 7137
6863 7128
6864 7117
6865 7139
6866 7150
6867 7115
6868 7135
6869 7140
6870 7123
6871 7157
6872 7174
6873 7126
6874 7132
6875 7134
6876 7093
6877 7175
6878 7133
6879 7147
6880 7161
6881 7146
6882 7136
6883 7138
6884 7142
6885 3571
6886 10713
6887 7152
6888 7148
6889 7156
6890 7158
6891 7155
6892 7145
6893 7160
6894 7162
6895 3581
6896 10743
6897 7164
6898 7166
6899 3583
6900 10749
6901 7170
6902 7165
6903 7180
6904 7168
6905 7172
6906 7176
6907 7153
6908 7199
6909 7222
6910 7182
6911 7163
6912 7189
6913 7196
6914 7184
6915 7186
6916 3593
6917 10779
6918 7173
6919 7185
6920 7188
6921 7190
6922 7192
6923 7194
6924 7183
6925 7205
6926 7195
6927 7200
6928 7191
6929 7203
6930 7206
6931 7198
6932 7202
6933 7204
6934 7208
6935 7210
6936 7212
6937 7209
6938 7215
6939 7218
6940 7214
6941 3607
6942 10821
6943 7221
6944 7224
6945 7181
6946 7267
6947 7228
6948 7216
6949 7220
6950 7201
6951 7239
6952 7227
6953 7230
6954 7225
6955 7235
6956 7240
6957 7226
6958 3613
6959 10839
6960 7236
6961 7169
6962 7276
6963 7232
6964 7234
6965 3617
6966 10851
6967 7242
6968 7171
6969 7272
6970 7238
6971 7217
6972 7231
6973 7245
6974 7248
6975 7244
6976 7246
6977 3623
6978 10869
6979 7254
6980 7223
6981 7285
6982 7250
6983 7252
6984 7256
6985 7258
6986 7260
6987 7249
6988 7271
6989 7282
6990 7262
6991 3631
6992 10893
6993 7257
6994 7263
6995 7266
6996 7259
6997 7273
6998 7280
6999 7241
7000 7293
7001 7275
7002 7255
7003 7265
7004 7270
7005 7264
7006 7268
7007 7274
7008 3637
7009 10911
7010 7278
7011 7281
7012 7284
7013 7286
7014 3643
7015 10929
7016 7287
7017 7290
7018 7288
7019 7292
7020 7294
7021 7296
7022 7277
7023 7315
7024 7295
7025 7300
7026 7298
7027 7302
7028 7299
7029 7305
7030 7308
7031 7279
7032 7337
7033 7291
7034 7314
7035 7261
7036 7367
7037 7420
7038 7301
7039 7322
7040 7304
7041 7306
7042 7310
7043 7312
7044 7316
7045 7318
7046 3659
7047 10977
7048 7317
7049 7320
7050 7324
7051 7326
7052 7289
7053 7363
7054 7400
7055 7325
7056 7330
7057 7328
7058 7332
7059 7319
7060 7345
7061 7335
7062 7329
7063 7336
7064 7334
7065 7338
7066 7340
7067 7342
7068 3671
7069 11013
7070 7344
7071 7327
7072 7361
7073 7378
7074 7343
7075 7350
7076 7346
7077 3673
7078 11019
7079 7347
7080 7353
7081 7356
7082 7348
7083 7352
7084 7354
7085 3677
7086 11031
7087 7359
7088 7362
7089 7358
7090 7360
7091 7355
7092 7365
7093 7368
7094 7364
7095 7357
7096 7371
7097 7374
7098 7366
7099 7370
7100 7303
7101 7412
7102 7372
7103 7376
7104 7380
7105 7339
7106 7421
7107 7462
7108 7382
7109 3691
7110 11073
7111 7383
7112 7386
7113 7384
7114 7313
7115 7416
7116 7388
7117 7390
7118 7375
7119 7385
7120 7392
7121 7381
7122 7403
7123 7414
7124 7394
7125 3697
7126 11091
7127 7389
7128 7395
7129 7398
7130 7396
7131 7402
7132 3701
7133 11103
7134 7404
7135 7406
7136 7399
7137 7413
7138 7407
7139 7410
7140 7391
7141 7429
7142 7446
7143 7373
7144 7474
7145 7408
7146 7418
7147 3709
7148 11127
7149 7422
7150 7424
7151 7426
7152 7379
7153 7473
7154 7425
7155 7405
7156 7415
7157 7430
7158 7428
7159 7432
7160 7434
7161 7427
7162 7441
7163 7448
7164 7436
7165 7397
7166 7423
7167 7449
7168 7437
7169 7440
7170 7409
7171 7471
7172 7502
7173 7438
7174 3719
7175 11157
7176 7443
7177 7452
7178 7442
7179 7444
7180 7450
7181 7435
7182 7445
7183 7455
7184 7458
7185 7447
7186 7469
7187 7476
7188 7387
7189 7470
7190 7454
7191 3727
7192 11181
7193 7461
7194 7464
7195 7456
7196 7460
7197 7465
7198 7475
7199 7480
7200 7463
7201 7497
7202 7467
7203 7479
7204 7482
7205 7439
7206 7525
7207 7483
7208 7490
7209 7466
7210 3733
7211 11199
7212 7485
7213 7488
7214 7468
7215 7472
7216 7478
7217 3739
7218 11217
7219 7491
7220 7494
7221 7484
7222 7486
7223 7492
7224 7496
7225 7498
7226 7500
7227 7495
7228 7505
7229 7510
7230 7504
7231 7506
7232 7503
7233 7512
7234 7508
7235 7514
7236 7501
7237 7527
7238 7515
7239 7518
7240 7511
7241 7453
7242 7540
7243 7516
7244 7520
7245 7522
7246 3761
7247 11283
7248 7521
7249 7524
7250 7513
7251 7535
7252 7530
7253 7526
7254 7528
7255 7532
7256 7534
7257 3767
7258 11301
7259 7533
7260 7536
7261 7538
7262 3769
7263 11307
7264 7539
7265 7542
7266 7544
7267 7546
7268 7548
7269 7531
7270 7565
7271 7545
7272 7550
7273 7552
7274 7493
7275 7611
7276 7551
7277 7554
7278 7556
7279 7558
7280 3779
7281 11337
7282 7557
7283 7560
7284 7553
7285 7566
7286 7562
7287 7543
7288 7581
7289 7567
7290 7574
7291 7564
7292 7568
7293 7570
7294 7555
7295 7575
7296 7569
7297 7572
7298 7576
7299 7578
7300 7580
7301 7582
7302 7584
7303 7586
7304 3793
7305 11379
7306 7587
7307 7590
7308 7579
7309 7592
7310 7519
7311 7622
7312 7585
7313 7595
7314 7588
7315 7594
7316 3797
7317 11391
7318 7596
7319 7598
7320 7600
7321 7602
7322 7599
7323 7605
7324 7608
7325 7604
7326 7606
7327 3803
7328 11409
7329 7614
7330 7610
7331 7612
7332 7601
7333 7623
7334 7609
7335 7616
7336 7618
7337 7620
7338 7615
7339 7625
7340 7630
7341 7624
7342 7626
7343 7628
7344 7632
7345 7634
7346 7636
7347 7613
7348 7659
7349 7635
7350 7638
7351 7571
7352 7684
7353 7633
7354 7650
7355 7640
7356 7642
7357 3821
7358 11463
7359 7641
7360 7644
7361 7631
7362 7657
7363 7619
7364 7676
7365 7646
7366 3823
7367 11469
7368 7656
7369 7627
7370 7685
7371 7645
7372 7655
7373 7660
7374 7648
7375 7652
7376 7654
7377 7658
7378 7637
7379 7651
7380 7665
7381 7662
7382 7664
7383 7666
7384 3833
7385 11499
7386 7668
7387 7597
7388 7704
7389 7670
7390 7672
7391 7674
7392 7677
7393 7680
7394 7675
7395 7690
7396 7678
7397 7667
7398 7689
7399 7683
7400 7686
7401 7679
7402 7693
7403 7700
7404 7682
7405 7688
7406 7692
7407 7694
7408 3847
7409 11541
7410 7695
7411 7698
7412 7696
7413 7702
7414 3851
7415 11553
7416 7701
7417 7707
7418 7710
7419 7705
7420 7715
7421 7720
7422 7706
7423 3853
7424 11559
7425 7713
7426 7716
7427 7708
7428 7661
7429 7755
7430 7711
7431 7722
7432 7709
7433 7735
7434 7714
7435 7712
7436 7718
7437 7724
7438 7726
7439 3863
7440 11589
7441 7719
7442 7725
7443 7728
7444 7721
7445 7742
7446 7663
7447 7760
7448 7730
7449 7732
7450 7734
7451 7731
7452 7740
7453 7697
7454 7783
7455 7826
7456 7736
7457 7738
7458 7744
7459 7733
7460 7752
7461 7743
7462 7746
7463 7748
7464 7750
7465 7745
7466 7765
7467 7770
7468 7749
7469 7756
7470 7754
7471 3877
7472 11631
7473 7758
7474 7761
7475 7764
7476 7762
7477 3881
7478 11643
7479 7767
7480 7776
7481 7766
7482 7768
7483 7772
7484 7774
7485 7751
7486 7797
7487 7782
7488 7778
7489 3889
7490 11667
7491 7785
7492 7775
7493 7780
7494 7784
7495 7763
7496 7777
7497 7788
7498 7729
7499 7847
7500 7771
7501 7790
7502 7786
7503 7769
7504 7803
7505 7791
7506 7794
7507 7792
7508 7796
7509 7798
7510 7800
7511 7787
7512 7813
7513 7839
7514 7806
7515 7802
7516 7804
7517 7808
7518 7747
7519 7869
7520 7809
7521 7812
7522 7781
7523 7843
7524 7799
7525 7810
7526 7739
7527 7848
7528 7814
7529 3907
7530 11721
7531 7815
7532 7795
7533 7805
7534 7819
7535 7833
7536 7818
7537 7816
7538 7820
7539 7822
7540 3911
7541 11733
7542 7821
7543 7824
7544 7828
7545 7830
7546 7801
7547 7859
7548 7888
7549 7832
7550 7834
7551 3917
7552 11751
7553 7836
7554 7838
7555 3919
7556 11757
7557 7842
7558 7840
7559 7825
7560 7835
7561 7845
7562 7850
7563 7844
7564 7807
7565 7881
7566 7854
7567 7837
7568 7871
7569 7905
7570 7855
7571 7860
7572 7846
7573 3923
7574 11769
7575 7857
7576 7866
7577 7852
7578 7856
7579 7858
7580 3929
7581 11787
7582 7872
7583 7831
7584 7913
7585 7954
7586 7862
7587 3931
7588 11793
7589 7875
7590 7861
7591 7868
7592 7864
7593 7870
7594 7865
7595 7876
7596 7874
7597 7878
7598 7880
7599 7882
7600 7884
7601 7811
7602 7918
7603 7886
7604 3943
7605 11829
7606 7887
7607 7890
7608 7885
7609 7895
7610 7900
7611 7892
7612 7894
7613 3947
7614 11841
7615 7893
7616 7896
7617 7849
7618 7943
7619 7891
7620 7904
7621 7898
7622 7902
7623 7906
7624 7908
7625 7910
7626 7889
7627 7903
7628 7917
7629 7911
7630 7914
7631 7912
7632 7916
7633 7920
7634 7909
7635 7931
7636 7924
7637 7922
7638 7926
7639 7923
7640 7929
7641 7932
7642 7928
7643 7930
7644 7915
7645 7925
7646 7935
7647 7938
7648 7934
7649 3967
7650 11901
7651 7944
7652 7936
7653 7940
7654 7942
7655 7946
7656 7948
7657 7950
7658 7897
7659 8003
7660 8056
7661 7952
7662 7945
7663 7955
7664 7960
7665 7956
7666 7939
7667 7973
7668 7959
7669 7947
7670 7953
7671 7962
7672 7958
7673 7964
7674 7966
7675 7968
7676 7965
7677 7970
7678 7972
7679 7974
7680 7976
7681 7978
7682 3989
7683 11967
7684 7980
7685 7961
7686 7999
7687 8018
7688 7982
7689 7969
7690 7995
7691 7975
7692 7985
7693 7990
7694 7984
7695 7986
7696 7983
7697 7992
7698 7988
7699 7994
7700 7987
7701 8001
7702 7998
7703 7967
7704 8029
7705 8008
7706 7996
7707 8000
7708 8002
7709 4001
7710 12003
7711 8004
7712 7981
7713 8027
7714 8050
7715 8005
7716 8010
7717 7921
7718 8099
7719 8015
7720 8020
7721 8006
7722 4003
7723 12009
7724 8007
7725 8016
7726 8012
7727 8014
7728 4007
7729 12021
7730 8019
7731 7997
7732 8030
7733 7957
7734 8066
7735 8022
7736 8024
7737 8026
7738 4013
7739 12039
7740 8025
7741 8028
7742 8032
7743 8034
7744 8021
7745 8047
7746 8060
7747 8035
7748 8040
7749 8036
7750 8038
7751 4019
7752 12057
7753 8037
7754 8043
7755 8046
7756 8042
7757 4021
7758 12063
7759 8052
7760 7991
7761 8113
7762 8057
7763 8064
7764 8044
7765 8048
7766 8054
7767 4027
7768 12081
7769 8055
7770 8045
7771 8065
7772 8070
7773 8058
7774 7979
7775 8080
7776 8062
7777 8033
7778 8091
7779 8073
7780 8076
7781 8068
7782 8072
7783 8074
7784 8041
7785 8063
7786 8085
7787 8071
7788 8078
7789 8082
7790 8084
7791 8086
7792 8088
7793 8090
7794 8075
7795 8092
7796 8094
7797 8023
7798 8136
7799 8096
7800 8098
7801 4049
7802 12147
7803 8100
7804 8095
7805 8105
7806 8110
7807 8102
7808 4051
7809 12153
7810 8103
7811 8106
7812 8104
7813 8108
7814 8112
7815 8109
7816 8115
7817 8118
7818 8077
7819 8159
7820 8200
7821 8114
7822 4057
7823 12171
7824 8124
7825 8116
7826 8120
7827 8122
7828 8126
7829 8128
7830 8130
7831 8125
7832 8135
7833 8140
7834 8107
7835 8129
7836 8151
7837 8127
7838 8134
7839 8051
7840 8148
7841 8132
7842 8138
7843 8142
7844 8083
7845 8201
7846 8260
7847 8141
7848 8155
7849 8145
7850 8150
7851 8144
7852 8146
7853 4073
7854 12219
7855 8154
7856 8152
7857 8156
7858 8158
7859 4079
7860 12237
7861 8160
7862 8143
7863 8177
7864 8164
7865 8162
7866 8166
7867 8163
7868 8169
7869 8172
7870 8168
7871 8170
7872 8165
7873 8119
7874 8188
7875 8174
7876 8176
7877 8178
7878 8131
7879 8225
7880 8175
7881 8180
7882 8182
7883 4091
7884 12273
7885 8181
7886 8184
7887 8153
7888 8215
7889 8185
7890 8190
7891 8183
7892 8197
7893 8204
7894 8186
7895 4093
7896 12279
7897 8196
7898 8192
7899 8194
7900 8198
7901 4099
7902 12297
7903 8199
7904 8202
7905 8205
7906 8195
7907 8173
7908 8206
7909 8208
7910 8189
7911 8227
7912 8246
7913 8210
7914 8212
7915 8214
7916 8211
7917 8217
7918 8220
7919 8216
7920 8137
7921 8240
7922 8218
7923 8222
7924 4111
7925 12333
7926 8226
7927 8224
7928 8228
7929 8230
7930 8232
7931 8229
7932 8203
7933 8242
7934 8234
7935 8236
7936 8149
7937 8207
7938 8265
7939 8235
7940 8238
7941 8241
7942 8244
7943 8248
7944 8250
7945 8239
7946 8253
7947 8256
7948 8213
7949 8299
7950 8342
7951 8245
7952 8255
7953 8268
7954 8252
7955 8254
7956 4127
7957 12381
7958 8262
7959 8258
7960 4129
7961 12387
7962 8271
7963 8274
7964 8264
7965 8266
7966 4133
7967 12399
7968 8277
7969 8280
7970 8257
7971 8303
7972 8284
7973 8270
7974 8272
7975 8261
7976 8283
7977 8286
7978 8276
7979 8278
7980 4139
7981 12417
7982 8289
7983 8292
7984 8282
7985 8288
7986 8251
7987 8325
7988 8275
7989 8285
7990 8290
7991 8294
7992 8281
7993 8267
7994 8295
7995 8298
7996 8296
7997 8279
7998 8313
7999 8304
8000 8300
8001 8302
8002 8306
8003 4153
8004 12459
8005 8307
8006 8310
8007 8305
8008 8315
8009 8320
8010 8308
8011 8312
8012 8314
8013 4157
8014 12471
8015 8316
8016 8309
8017 8323
8018 8330
8019 8318
8020 4159
8021 12477
8022 8319
8023 8322
8024 8249
8025 8362
8026 8324
8027 8326
8028 8328
8029 8332
8030 8334
8031 8336
8032 8338
8033 8327
8034 8349
8035 8337
8036 8340
8037 8335
8038 8345
8039 8350
8040 8344
8041 8346
8042 8333
8043 8359
8044 8372
8045 8348
8046 8352
8047 8343
8048 8355
8049 8358
8050 8351
8051 8365
8052 8360
8053 8341
8054 8379
8055 8361
8056 8364
8057 8347
8058 8381
8059 8398
8060 8354
8061 4177
8062 12531
8063 8370
8064 8339
8065 8401
8066 8432
8067 8356
8068 8366
8069 8368
8070 8374
8071 8321
8072 8427
8073 8376
8074 8378
8075 8380
8076 8375
8077 8385
8078 8382
8079 8371
8080 8393
8081 8386
8082 8384
8083 8388
8084 8390
8085 8392
8086 8394
8087 8396
8088 8400
8089 8395
8090 8405
8091 8410
8092 8402
8093 4201
8094 12603
8095 8397
8096 8406
8097 8404
8098 8408
8099 8412
8100 8414
8101 8407
8102 8421
8103 8415
8104 8418
8105 8357
8106 8479
8107 8540
8108 8416
8109 8420
8110 8422
8111 4211
8112 12633
8113 8424
8114 8411
8115 8437
8116 8426
8117 8428
8118 8430
8119 8425
8120 8435
8121 8440
8122 8434
8123 4217
8124 12651
8125 8433
8126 8436
8127 8399
8128 8473
8129 8510
8130 8438
8131 4219
8132 12657
8133 8439
8134 8442
8135 8444
8136 8446
8137 8448
8138 8445
8139 8450
8140 8452
8141 8454
8142 8451
8143 8460
8144 8413
8145 8507
8146 8554
8147 8449
8148 8456
8149 8458
8150 4229
8151 12687
8152 8463
8153 8466
8154 8383
8155 8484
8156 8462
8157 4231
8158 12693
8159 8469
8160 8472
8161 8464
8162 8441
8163 8487
8164 8475
8165 8455
8166 8417
8167 8474
8168 8468
8169 8470
8170 8459
8171 8481
8172 8478
8173 8476
8174 8480
8175 8465
8176 8485
8177 8490
8178 8482
8179 4241
8180 12723
8181 8493
8182 8496
8183 8486
8184 4243
8185 12729
8186 8502
8187 8488
8188 8492
8189 8494
8190 8498
8191 8477
8192 8491
8193 8505
8194 8495
8195 8500
8196 8483
8197 8517
8198 8508
8199 8504
8200 8506
8201 4253
8202 12759
8203 8514
8204 8471
8205 8557
8206 8600
8207 8512
8208 8516
8209 8518
8210 4259
8211 12777
8212 8520
8213 8515
8214 8489
8215 8528
8216 8522
8217 4261
8218 12783
8219 8523
8220 8526
8221 8497
8222 8555
8223 8525
8224 8503
8225 8536
8226 8524
8227 8530
8228 8532
8229 8453
8230 8560
8231 8534
8232 8538
8233 8535
8234 8541
8235 8544
8236 8542
8237 4271
8238 12813
8239 8547
8240 8519
8241 8533
8242 8556
8243 8546
8244 4273
8245 12819
8246 8550
8247 8531
8248 8569
8249 8558
8250 8548
8251 8552
8252 8562
8253 8559
8254 8565
8255 8545
8256 8570
8257 8564
8258 8566
8259 4283
8260 12849
8261 8568
8262 8551
8263 8585
8264 8575
8265 8561
8266 8582
8267 8572
8268 8574
8269 8576
8270 8509
8271 8636
8272 8578
8273 4289
8274 12867
8275 8577
8276 8580
8277 8567
8278 8593
8279 8606
8280 8584
8281 8586
8282 8588
8283 8590
8284 8592
8285 8589
8286 8595
8287 8598
8288 8594
8289 4297
8290 12891
8291 8601
8292 8604
8293 8596
8294 8602
8295 8579
8296 8625
8297 8605
8298 8610
8299 8603
8300 8617
8301 8624
8302 8591
8303 8613
8304 8607
8305 8616
8306 8608
8307 8612
8308 8614
8309 8618
8310 8587
8311 8649
8312 8619
8313 8622
8314 8620
8315 8615
8316 8630
8317 8626
8318 8628
8319 8631
8320 8634
8321 8632
8322 8549
8323 8652
8324 8638
8325 8640
8326 8635
8327 8645
8328 8650
8329 8642
8330 8644
8331 8646
8332 8643
8333 8655
8334 8658
8335 8621
8336 8695
8337 8648
8338 8654
8339 4327
8340 12981
8341 8664
8342 8656
8343 8660
8344 8662
8345 8666
8346 8659
8347 8673
8348 8667
8349 8670
8350 8653
8351 8687
8352 8680
8353 8665
8354 8675
8355 8685
8356 8676
8357 8668
8358 8657
8359 8679
8360 8682
8361 8672
8362 8674
8363 4337
8364 13011
8365 8688
8366 8678
8367 4339
8368 13017
8369 8694
8370 8671
8371 8684
8372 8686
8373 8690
8374 8611
8375 8720
8376 8692
8377 8639
8378 8745
8379 8697
8380 8700
8381 8696
8382 8698
8383 4349
8384 13047
8385 8703
8386 8706
8387 8702
8388 8683
8389 8721
8390 8704
8391 8708
8392 8701
8393 8712
8394 8710
8395 8705
8396 8715
8397 8718
8398 8714
8399 4357
8400 13071
8401 8724
8402 8716
8403 8722
8404 8633
8405 8730
8406 8725
8407 8735
8408 8740
8409 8717
8410 8763
8411 8733
8412 8651
8413 8774
8414 8726
8415 4363
8416 13089
8417 8736
8418 8723
8419 8734
8420 8728
8421 8732
8422 8738
8423 8742
8424 8711
8425 8773
8426 8804
8427 8744
8428 8746
8429 4373
8430 13119
8431 8739
8432 8748
8433 8750
8434 8729
8435 8743
8436 8757
8437 8754
8438 8752
8439 8756
8440 8758
8441 8760
8442 8755
8443 8765
8444 8770
8445 8762
8446 8749
8447 8775
8448 8766
8449 8764
8450 8768
8451 8772
8452 8769
8453 8778
8454 8759
8455 8797
8456 8816
8457 8776
8458 8780
8459 8782
8460 4391
8461 13173
8462 8784
8463 8786
8464 8788
8465 8790
8466 8785
8467 8771
8468 8792
8469 8794
8470 4397
8471 13191
8472 8787
8473 8793
8474 8796
8475 8798
8476 8800
8477 8767
8478 8789
8479 8806
8480 8799
8481 8802
8482 8805
8483 8795
8484 8810
8485 8808
8486 8811
8487 8814
8488 8801
8489 8827
8490 8813
8491 8820
8492 8812
8493 8818
8494 4409
8495 13227
8496 8823
8497 8826
8498 8822
8499 8824
8500 8828
8501 8830
8502 8815
8503 8825
8504 8835
8505 8829
8506 8832
8507 8809
8508 8855
8509 8833
8510 8844
8511 8777
8512 8908
8513 8834
8514 8836
8515 8838
8516 8840
8517 8842
8518 4421
8519 13263
8520 8841
8521 8847
8522 8850
8523 8791
8524 8909
8525 8968
8526 8846
8527 4423
8528 13269
8529 8853
8530 8856
8531 8848
8532 8852
8533 8854
8534 8858
8535 8860
8536 8845
8537 8865
8538 8862
8539 8864
8540 8866
8541 8868
8542 8870
8543 8872
8544 8874
8545 8857
8546 8891
8547 8925
8548 8869
8549 8876
8550 8878
8551 8880
8552 8843
8553 8917
8554 8954
8555 8877
8556 8883
8557 8886
8558 8882
8559 4441
8560 13323
8561 8892
8562 8873
8563 8911
8564 8890
8565 8875
8566 8885
8567 8895
8568 8898
8569 8884
8570 8888
8571 8894
8572 4447
8573 13341
8574 8901
8575 8904
8576 8851
8577 8957
8578 8879
8579 8905
8580 8900
8581 8896
8582 8902
8583 4451
8584 13353
8585 8910
8586 8899
8587 8921
8588 8932
8589 8897
8590 8918
8591 8906
8592 8912
8593 8914
8594 4457
8595 13371
8596 8916
8597 8919
8598 8922
8599 8920
8600 8915
8601 8930
8602 8924
8603 8926
8604 4463
8605 13389
8606 8928
8607 8931
8608 8934
8609 8936
8610 8938
8611 8940
8612 8935
8613 8945
8614 8950
8615 8942
8616 8944
8617 8946
8618 8937
8619 8943
8620 8949
8621 8952
8622 8948
8623 8956
8624 8958
8625 8955
8626 8960
8627 8939
8628 8953
8629 8967
8630 8961
8631 8903
8632 8990
8633 8959
8634 8976
8635 8962
8636 4481
8637 13443
8638 8964
8639 8881
8640 8988
8641 8966
8642 4483
8643 13449
8644 8970
8645 8947
8646 8993
8647 9010
8648 8965
8649 8975
8650 8980
8651 8972
8652 8974
8653 8978
8654 8982
8655 8973
8656 8979
8657 8985
8658 8991
8659 8994
8660 8984
8661 8986
8662 4493
8663 13479
8664 9000
8665 8992
8666 8996
8667 8983
8668 9009
8669 8981
8670 8995
8671 9002
8672 8998
8673 8987
8674 9006
8675 8927
8676 9040
8677 9004
8678 9008
8679 9012
8680 9014
8681 4507
8682 13521
8683 9015
8684 9005
8685 9020
8686 9016
8687 9018
8688 9021
8689 9024
8690 8977
8691 9071
8692 9118
8693 9022
8694 9026
8695 4513
8696 13539
8697 9027
8698 9030
8699 9023
8700 9037
8701 9044
8702 9025
8703 9035
8704 9045
8705 9036
8706 9028
8707 9032
8708 9034
8709 4517
8710 13551
8711 9039
8712 9042
8713 9031
8714 9053
8715 9064
8716 9038
8717 4519
8718 13557
8719 9048
8720 9019
8721 9077
8722 9106
8723 9046
8724 4523
8725 13569
8726 9051
8727 9054
8728 9050
8729 9052
8730 9056
8731 9058
8732 9060
8733 9055
8734 9065
8735 9070
8736 9062
8737 9066
8738 9063
8739 9072
8740 9068
8741 9074
8742 9061
8743 9078
8744 8989
8745 9090
8746 9075
8747 9080
8748 9076
8749 9082
8750 9084
8751 9081
8752 9087
8753 9093
8754 9079
8755 9086
8756 9088
8757 9017
8758 9144
8759 9092
8760 9094
8761 4547
8762 13641
8763 9096
8764 9098
8765 4549
8766 13647
8767 9099
8768 9102
8769 9100
8770 9085
8771 9095
8772 9105
8773 9108
8774 9097
8775 9119
8776 9130
8777 9047
8778 9156
8779 9104
8780 9110
8781 9112
8782 9114
8783 9083
8784 9145
8785 9115
8786 9120
8787 9101
8788 9139
8789 9113
8790 9126
8791 9116
8792 9073
8793 9159
8794 9117
8795 9129
8796 9132
8797 9122
8798 4561
8799 13683
8800 9135
8801 9107
8802 9121
8803 9128
8804 9124
8805 9134
8806 4567
8807 13701
8808 9138
8809 9136
8810 9140
8811 9125
8812 9150
8813 9089
8814 9211
8815 9272
8816 9142
8817 9146
8818 9148
8819 9152
8820 9141
8821 9153
8822 9162
8823 9154
8824 9131
8825 9177
8826 9149
8827 9163
8828 9170
8829 9155
8830 9160
8831 9158
8832 9164
8833 9166
8834 4583
8835 13749
8836 9165
8837 9168
8838 9171
8839 9174
8840 9172
8841 9176
8842 9178
8843 9180
8844 9175
8845 9185
8846 9190
8847 9182
8848 4591
8849 13773
8850 9186
8851 9184
8852 9143
8853 9225
8854 9189
8855 9192
8856 9188
8857 9194
8858 4597
8859 13791
8860 9195
8861 9198
8862 9191
8863 9204
8864 9196
8865 9200
8866 9202
8867 9206
8868 4603
8869 13809
8870 9207
8871 9210
8872 9205
8873 9212
8874 9208
8875 9214
8876 9197
8877 9231
8878 9213
8879 9216
8880 9218
8881 9220
8882 9215
8883 9230
8884 9217
8885 9243
8886 9219
8887 9222
8888 9169
8889 9275
8890 9226
8891 9224
8892 9228
8893 9232
8894 9234
8895 9236
8896 9238
8897 9240
8898 9229
8899 9251
8900 9193
8901 9280
8902 9235
8903 9245
8904 9250
8905 9242
8906 4621
8907 13863
8908 9246
8909 9179
8910 9313
8911 9380
8912 9233
8913 9247
8914 9254
8915 9244
8916 9248
8917 9252
8918 9255
8919 9258
8920 9256
8921 9167
8922 9270
8923 9260
8924 9262
8925 9264
8926 9261
8927 9268
8928 9266
8929 9274
8930 4637
8931 13911
8932 9273
8933 9276
8934 9278
8935 4639
8936 13917
8937 9279
8938 9282
8939 9265
8940 9285
8941 9288
8942 9284
8943 9286
8944 4643
8945 13929
8946 9291
8947 9253
8948 9310
8949 9289
8950 9296
8951 9290
8952 9292
8953 9223
8954 9269
8955 9295
8956 9300
8957 9294
8958 9297
8959 9303
8960 9306
8961 9259
8962 9353
8963 9400
8964 9298
8965 4649
8966 13947
8967 9309
8968 9312
8969 9302
8970 4651
8971 13953
8972 9315
8973 9305
8974 9320
8975 9304
8976 9308
8977 9314
8978 4657
8979 13971
8980 9318
8981 9316
8982 9299
8983 9333
8984 9321
8985 9324
8986 9287
8987 9361
8988 9317
8989 9328
8990 9322
8991 9263
8992 9381
8993 9330
8994 9325
8995 9335
8996 9340
8997 9326
8998 4663
8999 13989
9000 9336
9001 9332
9002 9334
9003 9338
9004 9331
9005 9345
9006 9339
9007 9342
9008 9344
9009 9271
9010 9398
9011 9346
9012 4673
9013 14019
9014 9348
9015 9307
9016 9389
9017 9430
9018 9350
9019 9352
9020 9354
9021 9351
9022 9360
9023 9347
9024 9373
9025 9359
9026 9366
9027 9356
9028 9358
9029 4679
9030 14037
9031 9369
9032 9372
9033 9301
9034 9432
9035 9362
9036 9364
9037 9368
9038 9370
9039 9355
9040 9365
9041 9375
9042 9378
9043 9374
9044 9376
9045 9382
9046 4691
9047 14073
9048 9384
9049 9367
9050 9329
9051 9386
9052 9388
9053 9390
9054 9385
9055 9395
9056 9405
9057 9383
9058 9394
9059 9387
9060 9393
9061 9396
9062 9392
9063 9402
9064 9399
9065 9408
9066 9401
9067 9415
9068 9410
9069 9404
9070 9406
9071 4703
9072 14109
9073 9414
9074 9412
9075 9416
9076 9418
9077 9420
9078 9417
9079 9423
9080 9426
9081 9422
9082 9424
9083 9428
9084 9434
9085 9436
9086 9429
9087 9435
9088 9425
9089 9438
9090 9427
9091 9449
9092 9460
9093 9440
9094 9442
9095 4721
9096 14163
9097 9441
9098 9444
9099 9446
9100 4723
9101 14169
9102 9447
9103 9450
9104 9443
9105 9457
9106 9464
9107 9448
9108 9452
9109 9454
9110 9456
9111 9453
9112 9407
9113 9476
9114 9458
9115 4729
9116 14187
9117 9459
9118 9462
9119 9379
9120 9492
9121 9465
9122 9445
9123 9455
9124 9470
9125 9466
9126 4733
9127 14199
9128 9468
9129 9471
9130 9474
9131 9472
9132 9478
9133 9480
9134 9475
9135 9485
9136 9490
9137 9451
9138 9477
9139 9483
9140 9486
9141 9469
9142 9503
9143 9516
9144 9482
9145 9484
9146 9488
9147 9494
9148 9496
9149 9498
9150 9495
9151 9500
9152 9481
9153 9519
9154 9504
9155 9493
9156 9515
9157 9505
9158 9510
9159 9502
9160 4751
9161 14253
9162 9513
9163 9499
9164 9506
9165 9409
9166 9603
9167 9522
9168 9508
9169 9512
9170 9514
9171 9518
9172 4759
9173 14277
9174 9525
9175 9520
9176 9524
9177 9526
9178 9528
9179 9530
9180 9532
9181 9534
9182 9527
9183 9541
9184 9548
9185 9517
9186 9579
9187 9531
9188 9537
9189 9540
9190 9487
9191 9593
9192 9646
9193 9529
9194 9542
9195 9536
9196 9538
9197 9544
9198 9546
9199 9509
9200 9583
9201 9555
9202 9535
9203 9545
9204 9550
9205 9552
9206 9549
9207 9558
9208 9554
9209 9556
9210 9560
9211 9562
9212 9564
9213 9566
9214 4783
9215 14349
9216 9567
9217 9570
9218 9559
9219 9581
9220 9568
9221 9572
9222 9574
9223 4787
9224 14361
9225 9576
9226 9557
9227 9595
9228 9565
9229 9575
9230 9580
9231 9578
9232 4789
9233 14367
9234 9582
9235 9584
9236 9586
9237 4793
9238 14379
9239 9585
9240 9588
9241 9571
9242 9605
9243 9590
9244 9569
9245 9597
9246 9591
9247 9594
9248 9553
9249 9635
9250 9600
9251 9592
9252 9596
9253 9598
9254 4799
9255 14397
9256 9606
9257 9602
9258 4801
9259 14403
9260 9612
9261 9523
9262 9630
9263 9604
9264 9608
9265 9610
9266 9614
9267 9616
9268 9618
9269 9611
9270 9625
9271 9615
9272 9620
9273 9607
9274 9633
9275 9621
9276 9624
9277 9622
9278 9626
9279 4813
9280 14439
9281 9636
9282 9563
9283 9694
9284 9628
9285 9599
9286 9657
9287 9639
9288 9632
9289 9589
9290 9675
9291 9640
9292 9634
9293 4817
9294 14451
9295 9642
9296 9638
9297 9577
9298 9699
9299 9645
9300 9648
9301 9644
9302 9650
9303 9652
9304 9654
9305 9656
9306 9658
9307 9647
9308 9669
9309 9660
9310 9637
9311 9683
9312 9706
9313 9662
9314 4831
9315 14493
9316 9666
9317 9664
9318 9668
9319 9670
9320 9655
9321 9665
9322 9680
9323 9672
9324 9641
9325 9703
9326 9734
9327 9674
9328 9653
9329 9667
9330 9681
9331 9678
9332 9676
9333 9617
9334 9735
9335 9684
9336 9682
9337 9686
9338 9688
9339 9690
9340 9671
9341 9709
9342 9695
9343 9685
9344 9659
9345 9698
9346 9692
9347 9696
9348 9693
9349 9702
9350 9691
9351 9713
9352 9724
9353 9673
9354 9707
9355 9741
9356 9705
9357 9700
9358 9704
9359 9708
9360 9710
9361 9712
9362 9714
9363 9711
9364 9717
9365 9720
9366 9715
9367 9725
9368 9730
9369 9716
9370 9718
9371 9722
9372 4861
9373 14583
9374 9723
9375 9726
9376 9728
9377 9732
9378 9729
9379 9738
9380 9736
9381 9740
9382 9742
9383 4871
9384 14613
9385 9744
9386 9737
9387 9750
9388 9745
9389 9755
9390 9760
9391 9746
9392 9748
9393 9752
9394 9754
9395 4877
9396 14631
9397 9747
9398 9756
9399 9758
9400 9751
9401 9765
9402 9762
9403 9764
9404 9766
9405 9768
9406 9731
9407 9805
9408 9770
9409 9772
9410 9774
9411 9776
9412 9763
9413 9789
9414 9780
9415 9775
9416 9785
9417 9790
9418 9701
9419 9810
9420 9778
9421 4889
9422 14667
9423 9783
9424 9786
9425 9779
9426 9757
9427 9801
9428 9792
9429 9782
9430 9784
9431 9788
9432 9794
9433 9796
9434 9798
9435 9727
9436 9864
9437 9795
9438 9800
9439 9793
9440 9807
9441 9804
9442 9761
9443 9847
9444 9890
9445 9802
9446 9773
9447 9831
9448 9816
9449 9806
9450 4903
9451 14709
9452 9819
9453 9822
9454 9808
9455 9812
9456 9814
9457 9818
9458 4909
9459 14727
9460 9825
9461 9815
9462 9820
9463 9824
9464 9826
9465 9809
9466 9843
9467 9828
9468 9821
9469 9835
9470 9830
9471 9832
9472 9834
9473 9823
9474 9842
9475 9836
9476 9838
9477 4919
9478 14757
9479 9837
9480 9840
9481 9799
9482 9881
9483 9922
9484 9844
9485 9846
9486 9848
9487 9850
9488 9845
9489 9855
9490 9849
9491 9852
9492 9854
9493 9841
9494 9867
9495 9856
9496 9858
9497 9827
9498 9889
9499 9860
9500 9862
9501 4931
9502 14793
9503 9861
9504 9870
9505 9863
9506 9877
9507 9884
9508 9866
9509 4933
9510 14799
9511 9873
9512 9876
9513 9868
9514 9872
9515 9874
9516 4937
9517 14811
9518 9879
9519 9882
9520 9878
9521 9880
9522 9865
9523 9875
9524 9885
9525 9888
9526 9886
9527 4943
9528 14829
9529 9891
9530 9894
9531 9797
9532 9898
9533 9892
9534 9896
9535 9900
9536 9895
9537 9905
9538 9910
9539 9902
9540 4951
9541 14853
9542 9906
9543 9893
9544 9919
9545 9912
9546 9853
9547 9971
9548 9932
9549 9904
9550 9908
9551 9914
9552 4957
9553 14871
9554 9909
9555 9915
9556 9918
9557 9899
9558 9937
9559 9956
9560 9916
9561 9920
9562 9924
9563 9926
9564 9928
9565 9911
9566 9933
9567 9927
9568 9930
9569 9925
9570 9935
9571 9940
9572 9869
9573 10008
9574 9934
9575 4967
9576 14901
9577 9936
9578 9913
9579 9959
9580 9982
9581 9938
9582 4969
9583 14907
9584 9942
9585 9944
9586 9946
9587 4973
9588 14919
9589 9945
9590 9948
9591 9950
9592 9952
9593 9954
9594 9947
9595 9961
9596 9968
9597 9958
9598 9960
9599 9951
9600 9963
9601 9966
9602 9955
9603 9965
9604 9970
9605 9962
9606 9964
9607 9917
9608 10011
9609 9972
9610 9974
9611 4987
9612 14961
9613 9975
9614 9978
9615 9976
9616 9980
9617 9984
9618 9981
9619 9990
9620 9953
9621 10027
9622 10064
9623 9979
9624 9996
9625 9986
9626 4993
9627 14979
9628 9999
9629 9977
9630 9988
9631 9992
9632 9994
9633 9998
9634 4999
9635 14997
9636 10002
9637 10000
9638 9985
9639 9995
9640 10005
9641 10010
9642 9989
9643 10003
9644 10017
9645 10014
9646 10004
9647 9943
9648 10065
9649 10015
9650 10020
9651 10006
9652 5003
9653 15009
9654 10023
9655 9997
9656 10036
9657 10012
9658 10016
9659 10018
9660 5009
9661 15027
9662 10026
9663 10022
9664 5011
9665 15033
9666 10032
9667 10013
9668 10030
9669 10024
9670 10028
9671 10034
9672 10038
9673 10031
9674 10045
9675 10025
9676 10035
9677 10040
9678 10042
9679 5021
9680 15063
9681 10044
9682 10046
9683 5023
9684 15069
9685 10047
9686 10050
9687 9983
9688 10117
9689 10184
9690 10048
9691 10052
9692 10054
9693 10021
9694 10043
9695 10076
9696 10056
9697 10053
9698 10059
9699 10062
9700 10019
9701 10105
9702 10055
9703 10060
9704 10058
9705 10066
9706 10068
9707 10070
9708 10051
9709 10074
9710 10001
9711 10138
9712 10072
9713 10078
9714 5039
9715 15117
9716 10071
9717 10080
9718 10073
9719 10087
9720 10094
9721 9991
9722 10088
9723 10049
9724 10075
9725 10085
9726 10090
9727 10082
9728 10084
9729 10086
9730 10089
9731 10092
9732 10063
9733 10121
9734 10150
9735 10095
9736 10098
9737 10081
9738 10115
9739 10100
9740 10096
9741 10102
9742 5051
9743 15153
9744 10101
9745 10104
9746 10106
9747 10108
9748 10110
9749 10107
9750 10116
9751 10112
9752 10033
9753 10160
9754 10114
9755 10118
9756 5059
9757 15177
9758 10122
9759 10120
9760 10097
9761 10143
9762 10125
9763 10128
9764 10124
9765 10126
9766 10130
9767 10132
9768 10134
9769 10131
9770 10109
9771 10142
9772 10136
9773 10129
9774 10157
9775 10164
9776 10137
9777 10140
9778 10127
9779 10146
9780 10057
9781 10170
9782 10135
9783 10145
9784 10155
9785 10149
9786 10152
9787 10144
9788 10148
9789 10154
9790 5077
9791 15231
9792 10158
9793 10156
9794 10162
9795 5081
9796 15243
9797 10161
9798 10176
9799 10123
9800 10229
9801 10282
9802 10166
9803 10153
9804 10175
9805 10165
9806 10180
9807 10168
9808 10172
9809 10174
9810 5087
9811 15261
9812 10179
9813 10182
9814 10178
9815 10171
9816 10185
9817 10188
9818 10186
9819 10190
9820 10192
9821 10194
9822 10191
9823 10197
9824 10200
9825 10183
9826 10217
9827 10234
9828 10196
9829 10198
9830 5099
9831 15297
9832 10203
9833 10206
9834 10199
9835 10213
9836 10220
9837 10147
9838 10286
9839 10202
9840 5101
9841 15303
9842 10209
9843 10212
9844 10189
9845 10235
9846 10195
9847 10205
9848 10210
9849 10204
9850 10208
9851 10214
9852 5107
9853 15321
9854 10215
9855 10218
9856 10216
9857 10222
9858 10224
9859 10226
9860 5113
9861 15339
9862 10227
9863 10230
9864 10219
9865 10241
9866 10248
9867 10187
9868 10309
9869 10231
9870 10244
9871 10228
9872 10232
9873 10236
9874 10233
9875 10242
9876 10238
9877 5119
9878 15357
9879 10245
9880 10225
9881 10240
9882 10246
9883 10250
9884 10252
9885 10254
9886 10251
9887 10257
9888 10260
9889 10255
9890 10262
9891 10256
9892 10258
9893 10264
9894 10266
9895 10207
9896 10325
9897 10265
9898 10270
9899 10268
9900 10272
9901 10263
9902 10269
9903 10275
9904 10278
9905 10274
9906 10276
9907 10280
9908 10284
9909 10281
9910 10287
9911 10290
9912 10283
9913 10296
9914 10285
9915 10295
9916 10237
9917 10324
9918 10288
9919 10292
9920 10261
9921 10323
9922 10249
9923 10360
9924 10294
9925 5147
9926 15441
9927 10293
9928 10302
9929 10201
9930 10403
9931 10300
9932 10298
9933 10279
9934 10317
9935 10305
9936 10308
9937 10304
9938 10297
9939 10311
9940 10314
9941 10306
9942 5153
9943 15459
9944 10320
9945 10277
9946 10363
9947 10406
9948 10307
9949 10318
9950 10310
9951 10312
9952 10316
9953 10322
9954 10326
9955 10328
9956 10330
9957 10315
9958 10335
9959 10329
9960 10332
9961 10291
9962 10373
9963 10327
9964 10350
9965 10334
9966 5167
9967 15501
9968 10338
9969 10336
9970 10319
9971 10353
9972 10339
9973 10346
9974 10340
9975 10342
9976 5171
9977 15513
9978 10341
9979 10344
9980 10348
9981 10352
9982 10354
9983 10356
9984 10358
9985 5179
9986 15537
9987 10359
9988 10362
9989 10351
9990 10384
9991 10364
9992 10366
9993 10368
9994 10365
9995 10345
9996 10355
9997 10370
9998 10372
9999 10374
10000 10361






