0 0
1 1
2 3
3 7
4 11
5 15
6 23
7 35
8 43
9 47
10 55
11 67
12 79
13 95
14 123
15 155
16 171
17 175
18 183
19 195
20 207
21 223
22 251
23 283
24 303
25 319
26 347
27 383
28 423
29 483
30 571
31 651
32 683
33 687
34 695
35 707
36 719
37 735
38 763
39 795
40 815
41 831
42 859
43 895
44 935
45 995
46 1083
47 1163
48 1199
49 1215
50 1243
51 1279
52 1319
53 1379
54 1467
55 1551
56 1607
57 1667
58 1759
59 1871
60 2011
61 2219
62 2475
63 2667
64 2731
65 2735
66 2743
67 2755
68 2767
69 2783
70 2811
71 2843
72 2863
73 2879
74 2907
75 2943
76 2983
77 3043
78 3131
79 3211
80 3247
81 3263
82 3291
83 3327
84 3367
85 3427
86 3515
87 3599
88 3655
89 3715
90 3807
91 3919
92 4059
93 4267
94 4523
95 4715
96 4783
97 4799
98 4827
99 4863
100 4903
101 4963
102 5051
103 5135
104 5191
105 5251
106 5343
107 5455
108 5595
109 5803
110 6059
111 6255
112 6343
113 6403
114 6495
115 6607
116 6747
117 6955
118 7215
119 7439
120 7611
121 7823
122 8119
123 8483
124 8971
125 9643
126 10347
127 10795
128 10923
129 10927
130 10935
131 10947
132 10959
133 10975
134 11003
135 11035
136 11055
137 11071
138 11099
139 11135
140 11175
141 11235
142 11323
143 11403
144 11439
145 11455
146 11483
147 11519
148 11559
149 11619
150 11707
151 11791
152 11847
153 11907
154 11999
155 12111
156 12251
157 12459
158 12715
159 12907
160 12975
161 12991
162 13019
163 13055
164 13095
165 13155
166 13243
167 13327
168 13383
169 13443
170 13535
171 13647
172 13787
173 13995
174 14251
175 14447
176 14535
177 14595
178 14687
179 14799
180 14939
181 15147
182 15407
183 15631
184 15803
185 16015
186 16311
187 16675
188 17163
189 17835
190 18539
191 18987
192 19119
193 19135
194 19163
195 19199
196 19239
197 19299
198 19387
199 19471
200 19527
201 19587
202 19679
203 19791
204 19931
205 20139
206 20395
207 20591
208 20679
209 20739
210 20831
211 20943
212 21083
213 21291
214 21551
215 21775
216 21947
217 22159
218 22455
219 22819
220 23307
221 23979
222 24683
223 25135
224 25287
225 25347
226 25439
227 25551
228 25691
229 25899
230 26159
231 26383
232 26555
233 26767
234 27063
235 27427
236 27915
237 28587
238 29295
239 29775
240 30011
241 30223
242 30519
243 30883
244 31371
245 32047
246 32791
247 33411
248 33967
249 34687
250 35643
251 36859
252 38507
253 40555
254 42411
255 43435
256 43691
257 43695
258 43703
259 43715
260 43727
261 43743
262 43771
263 43803
264 43823
265 43839
266 43867
267 43903
268 43943
269 44003
270 44091
271 44171
272 44207
273 44223
274 44251
275 44287
276 44327
277 44387
278 44475
279 44559
280 44615
281 44675
282 44767
283 44879
284 45019
285 45227
286 45483
287 45675
288 45743
289 45759
290 45787
291 45823
292 45863
293 45923
294 46011
295 46095
296 46151
297 46211
298 46303
299 46415
300 46555
301 46763
302 47019
303 47215
304 47303
305 47363
306 47455
307 47567
308 47707
309 47915
310 48175
311 48399
312 48571
313 48783
314 49079
315 49443
316 49931
317 50603
318 51307
319 51755
320 51887
321 51903
322 51931
323 51967
324 52007
325 52067
326 52155
327 52239
328 52295
329 52355
330 52447
331 52559
332 52699
333 52907
334 53163
335 53359
336 53447
337 53507
338 53599
339 53711
340 53851
341 54059
342 54319
343 54543
344 54715
345 54927
346 55223
347 55587
348 56075
349 56747
350 57451
351 57903
352 58055
353 58115
354 58207
355 58319
356 58459
357 58667
358 58927
359 59151
360 59323
361 59535
362 59831
363 60195
364 60683
365 61355
366 62063
367 62543
368 62779
369 62991
370 63287
371 63651
372 64139
373 64815
374 65559
375 66179
376 66735
377 67455
378 68411
379 69627
380 71275
381 73323
382 75179
383 76203
384 76463
385 76479
386 76507
387 76543
388 76583
389 76643
390 76731
391 76815
392 76871
393 76931
394 77023
395 77135
396 77275
397 77483
398 77739
399 77935
400 78023
401 78083
402 78175
403 78287
404 78427
405 78635
406 78895
407 79119
408 79291
409 79503
410 79799
411 80163
412 80651
413 81323
414 82027
415 82479
416 82631
417 82691
418 82783
419 82895
420 83