1 1
2 2
3 1
4 1
5 3
6 2
7 1
8 4
9 1
10 1
11 1
12 2
13 2
14 3
15 1
16 5
17 2
18 1
19 1
20 6
21 4
22 1
23 3
24 2
25 1
26 1
27 1
28 1
29 7
30 2
31 2
32 1
33 8
34 3
35 1
36 1
37 4
38 2
39 5
40 1
41 9
42 2
43 1
44 1
45 1
46 3
47 3
48 6
49 1
50 2
51 2
52 2
53 4
54 1
55 1
56 10
57 3
58 2
59 1
60 11
61 1
62 1
63 1
64 1
65 1
66 5
67 2
68 7
69 1
70 4
71 3
72 2
73 2
74 1
75 1
76 12
77 8
78 1
79 6
80 2
81 3
82 1
83 1
84 1
85 13
86 4
87 2
88 1
89 14
90 5
91 1
92 1
93 3
94 2
95 2
96 9
97 1
98 15
99 2
100 1
101 1
102 1
103 1
104 4
105 4
106 3
107 3
108 1
109 7
110 2
111 6
112 1
113 1
114 16
115 2
116 2
117 2
118 1
119 5
120 3
121 4
122 1
123 1
124 1
125 8
126 2
127 10
128 1
129 17
130 3
131 2
132 1
133 1
134 18
135 11
136 1
137 4
138 2
139 2
140 1
141 1
142 1
143 1
144 1
145 1
146 6
147 3
148 5
149 2
150 1
151 19
152 7
153 1
154 1
155 9
156 2
157 4
158 3
159 1
160 20
161 2
162 2
163 1
164 1
165 1
166 21
167 12
168 1
169 3
170 3
171 2
172 8
173 1
174 1
175 5
176 4
177 6
178 2
179 1
180 22
181 3
182 1
183 1
184 1
185 1
186 2
187 2
188 2
189 2
190 13
191 1
192 23
193 4
194 2
195 1
196 1
197 7
198 3
199 14
200 1
201 10
202 2
203 5
204 1
205 1
206 1
207 24
208 3
209 2
210 2
211 1
212 6
213 4
214 9
215 1
216 1
217 11
218 2
219 15
220 1
221 8
222 3
223 2
224 1
225 1
226 1
227 1
228 1
229 25
230 4
231 4
232 1
233 5
234 2
235 2
236 3
237 3
238 1
239 1
240 26
241 7
242 2
243 1
244 27
245 6
246 1
247 1
248 1
249 4
250 3
251 2
252 16
253 1
254 28
255 2
256 2
257 2
258 1
259 1
260 29
261 5
262 3
263 1
264 12
265 2
266 4
267 1
268 1
269 1
270 1
271 30
272 8
273 2
274 1
275 9
276 3
277 10
278 1
279 1
280 6
281 2
282 2
283 17
284 1
285 7
286 4
287 3
288 2
289 1
290 1
291 1
292 5
293 5
294 18
295 1
296 13
297 2
298 11
299 1
300 1
301 3
302 3
303 3
304 4
305 2
306 2
307 1
308 31
309 1
310 1
311 1
312 1
313 1
314 1
315 1
316 14
317 2
318 6
319 3
320 1
321 32
322 5
323 2
324 1
325 1
326 8
327 4
328 19
329 1
330 3
331 2
332 2
333 2
334 7
335 1
336 1
337 1
338 33
339 9
340 2
341 1
342 34
343 4
344 3
345 1
346 1
347 15
348 2
349 20
350 1
351 6
352 5
353 2
354 2
355 1
356 1
357 1
358 1
359 10
360 3
361 21
362 1
363 4
364 4
365 2
366 12
367 1
368 1
369 35
370 3
371 3
372 2
373 1
374 36
375 8
376 1
377 1
378 1
379 7
380 2
381 2
382 5
383 4
384 1
385 11
386 3
387 6
388 2
389 1
390 1
391 37
392 22
393 1
394 16
395 2
396 3
397 1
398 1
399 1
400 1
401 1
402 9
403 4
404 2
405 2
406 2
407 2
408 1
409 38
410 13
411 1
412 1
413 5
414 3
415 2
416 23
417 1
418 39
419 4
420 2
421 1
422 1
423 1
424 6
425 6
426 7
427 3
428 1
429 8
430 2
431 2
432 14
433 1
434 1
435 40
436 10
437 2
438 1
439 4
440 3
441 3
442 5
443 1
444 1
445 1
446 1
447 17
448 2
449 24
450 1
451 41
452 3
453 2
454 2
455 1
456 1
457 42
458 6
459 4
460 1
461 18
462 2
463 9
464 1
465 1
466 1
467 12
468 3
469 11
470 2
471 1
472 7
473 5
474 15
475 1
476 1
477 4
478 2
479 2
480 2
481 8
482 3
483 1
484 43
485 2
486 1
487 1
488 1
489 1
490 1
491 1
492 44
493 25
494 1
495 6
496 3
497 2
498 4
499 4
500 1
501 1
502 45
503 5
504 2
505 2
506 1
507 46
508 3
509 3
510 1
511 1
512 1
513 19
514 2
515 26
516 1
517 10
518 4
519 7
520 2
521 1
522 1
523 13
524 3
525 27
526 1
527 9
528 2
529 2
530 6
531 1
532 1
533 1
534 1
535 8
536 5
537 4
538 3
539 2
540 1
541 47
542 16
543 1
544 1
545 20
546 2
547 28
548 1
549 14
550 3
551 2
552 2
553 2
554 1
555 1
556 1
557 11
558 4
559 29
560 1
561 21
562 2
563 5
564 3
565 1
566 1
567 7
568 6
569 12
570 2
571 1
572 48
573 4
574 1
575 1
576 1
577 1
578 1
579 3
580 3
581 2
582 2
583 30
584 1
585 49
586 8
587 2
588 1
589 1
590 50
591 9
592 3
593 1
594 5
595 4
596 2
597 10
598 1
599 1
600 1
601 51
602 6
603 2
604 2
605 1
606 15
607 3
608 17
609 1
610 1
611 22
612 2
613 7
614 4
615 1
616 52
617 3
618 2
619 1
620 1
621 1
622 1
623 53
624 5
625 5
626 1
627 2
628 2
629 2
630 2
631 2
632 18
633 1
634 1
635 4
636 4
637 3
638 13
639 2
640 1
641 8
642 6
643 11
644 1
645 1
646 1
647 23
648 2
649 3
650 3
651 3
652 1
653 54
654 4
655 2
656 2
657 1
658 1
659 9
660 5
661 31
662 1
663 7
664 3
665 2
666 1
667 1
668 1
669 1
670 1
671 1
672 1
673 1
674 55
675 14
676 2
677 1
678 12
679 4
680 6
681 3
682 1
683 1
684 10
685 2
686 2
687 32
688 1
689 56
690 5
691 2
692 1
693 1
694 1
695 16
696 3
697 8
698 4
699 1
700 24
701 2
702 19
703 1
704 1
705 57
706 3
707 2
708 2
709 2
710 1
711 58
712 7
713 1
714 1
715 1
716 1
717 6
718 4
719 2
720 33
721 1
722 5
723 3
724 3
725 9
726 2
727 1
728 1
729 59
730 34
731 1
732 11
733 2
734 2
735 4
736 3
737 1
738 1
739 1
740 60
741 15
742 2
743 1
744 61
745 20
746 1
747 1
748 8
749 3
750 2
751 6
752 5
753 1
754 13
755 4
756 2
757 2
758 1
759 1
760 1
761 1
762 1
763 7
764 7
765 10
766 3
767 1
768 25
769 2
770 21
771 1
772 1
773 62
774 4
775 4
776 2
777 1
778 17
779 3
780 12
781 1
782 1
783 1
784 5
785 2
786 2
787 2
788 35
789 1
790 9
791 6
792 3
793 3
794 2
795 1
796 1
797 14
798 4
799 36
800 1
801 26
802 2
803 8
804 1
805 1
806 1
807 1
808 18
809 3
810 7
811 2
812 2
813 1
814 63
815 5
816 4
817 1
818 1
819 27
820 2
821 11
822 3
823 1
824 64
825 6
826 2
827 1
828 1
829 1
830 65
831 37
832 1
833 4
834 3
835 2
836 2
837 22
838 1
839 1
840 66
841 16
842 2
843 1
844 10
845 5
846 3
847 1
848 1
849 1
850 1
851 1
852 1
853 28
854 2
855 9
856 4
857 1
858 8
859 7
860 2
861 2
862 2
863 2
864 1
865 1
866 6
867 3
868 3
869 38
870 1
871 29
872 2
873 13
874 1
875 1
876 1
877 15
878 4
879 5
880 3
881 2
882 1
883 67
884 23
885 1
886 1
887 12
888 2
889 2
890 39
891 1
892 19
893 3
894 4
895 2
896 1
897 1
898 1
899 1
900 68
901 6
902 6
903 1
904 30
905 2
906 7
907 3
908 1
909 1
910 11
911 5
912 8
913 2
914 2
915 1
916 4
917 4
918 4
919 14
920 1
921 1
922 1
923 9
924 3
925 2
926 40
927 1
928 69
929 10
930 2
931 1
932 1
933 70
934 4
935 3
936 3
937 1
938 6
939 2
940 2
941 2
942 5
943 1
944 1
945 1
946 1
947 1
948 71
949 17
950 2
951 1
952 20
953 3
954 24
955 1
956 1
957 7
958 4
959 2
960 41
961 1
962 72
963 3
964 2
965 2
966 1
967 1
968 1
969 8
970 8
971 42
972 1
973 5
974 5
975 2
976 6
977 4
978 1
979 1
980 21
981 3
982 18
983 2
984 1
985 73
986 9
987 1
988 1
989 1
990 1
991 13
992 2
993 2
994 12
995 3
996 1
997 16
998 4
999 11
1000 2
1001 1
1002 1
1003 74
1004 7
1005 5
1006 1
1007 3
1008 3
1009 3
1010 2
1011 15
1012 1
1013 1
1014 1
1015 10
1016 6
1017 4
1018 2
1019 2
1020 2
1021 1
1022 75
1023 8
1024 3
1025 1
1026 1
1027 31
1028 2
1029 43
1030 1
1031 76
1032 2
1033 1
1034 1
1035 1
1036 1
1037 1
1038 1
1039 1
1040 5
1041 4
1042 3
1043 44
1044 1
1045 14
1046 2
1047 2
1048 25
1049 1
1050 1
1051 77
1052 6
1053 3
1054 2
1055 1
1056 9
1057 7
1058 4
1059 4
1060 1
1061 1
1062 1
1063 32
1064 2
1065 45
1066 1
1067 22
1068 3
1069 5
1070 2
1071 2
1072 1
1073 1
1074 78
1075 46
1076 1
1077 8
1078 4
1079 2
1080 3
1081 3
1082 1
1083 1
1084 1
1085 1
1086 79
1087 19
1088 2
1089 1
1090 11
1091 6
1092 26
1093 1
1094 1
1095 3
1096 2
1097 2
1098 2
1099 2
1100 10
1101 4
1102 1
1103 12
1104 5
1105 7
1106 2
1107 1
1108 1
1109 1
1110 80
1111 13
1112 3
1113 1
1114 33
1115 2
1116 27
1117 1
1118 1
1119 17
1120 4
1121 9
1122 2
1123 2
1124 1
1125 23
1126 3
1127 6
1128 1
1129 1
1130 1
1131 1
1132 1
1133 34
1134 2
1135 8
1136 5
1137 1
1138 81
1139 4
1140 3
1141 2
1142 1
1143 1
1144 82
1145 47
1146 1
1147 15
1148 2
1149 2
1150 16
1151 1
1152 1
1153 1
1154 7
1155 3
1156 3
1157 20
1158 2
1159 1
1160 18
1161 4
1162 28
1163 1
1164 1
1165 6
1166 5
1167 2
1168 14
1169 3
1170 1
1171 83
1172 2
1173 2
1174 2
1175 1
1176 1
1177 1
1178 1
1179 84
1180 11
1181 4
1182 1
1183 10
1184 3
1185 2
1186 29
1187 1
1188 1
1189 9
1190 8
1191 21
1192 2
1193 1
1194 85
1195 5
1196 3
1197 1
1198 1
1199 1
1200 4
1201 4
1202 2
1203 2
1204 7
1205 6
1206 1
1207 86
1208 12
1209 2
1210 1
1211 1
1212 24
1213 3
1214 48
1215 1
1216 35
1217 2
1218 4
1219 1
1220 1
1221 1
1222 1
1223 1
1224 1
1225 87
1226 3
1227 3
1228 2
1229 2
1230 1
1231 13
1232 5
1233 30
1234 1
1235 1
1236 36
1237 2
1238 49
1239 1
1240 6
1241 4
1242 3
1243 8
1244 2
1245 1
1246 1
1247 1
1248 88
1249 50
1250 1
1251 7
1252 2
1253 2
1254 2
1255 9
1256 3
1257 1
1258 1
1259 89
1260 5
1261 4
1262 2
1263 1
1264 90
1265 10
1266 1
1267 1
1268 1
1269 1
1270 11
1271 3
1272 2
1273 51
1274 1
1275 91
1276 6
1277 2
1278 2
1279 1
1280 1
1281 19
1282 4
1283 15
1284 3
1285 1
1286 37
1287 2
1288 17
1289 1
1290 1
1291 1
1292 14
1293 5
1294 22
1295 2
1296 1
1297 8
1298 3
1299 3
1300 7
1301 4
1302 1
1303 1
1304 16
1305 2
1306 2
1307 52
1308 1
1309 92
1310 3
1311 2
1312 1
1313 1
1314 1
1315 1
1316 1
1317 12
1318 6
1319 53
1320 1
1321 9
1322 4
1323 2
1324 5
1325 5
1326 1
1327 1
1328 25
1329 3
1330 2
1331 2
1332 2
1333 2
1334 2
1335 1
1336 93
1337 18
1338 1
1339 1
1340 1
1341 38
1342 2
1343 4
1344 4
1345 3
1346 1
1347 94
1348 13
1349 2
1350 1
1351 1
1352 10
1353 7
1354 8
1355 6
1356 1
1357 5
1358 3
1359 2
1360 2
1361 11
1362 1
1363 1
1364 1
1365 1
1366 20
1367 4
1368 23
1369 2
1370 1
1371 95
1372 3
1373 3
1374 3
1375 1
1376 1
1377 39
1378 2
1379 54
1380 1
1381 96
1382 4
1383 2
1384 2
1385 1
1386 1
1387 1
1388 26
1389 3
1390 9
1391 5
1392 1
1393 6
1394 6
1395 2
1396 31
1397 1
1398 1
1399 97
1400 7
1401 3
1402 2
1403 1
1404 21
1405 4
1406 1
1407 1
1408 1
1409 1
1410 1
1411 1
1412 1
1413 1
1414 1
1415 8
1416 2
1417 2
1418 2
1419 55
1420 1
1421 27
1422 3
1423 14
1424 2
1425 1
1426 1
1427 15
1428 5
1429 12
1430 4
1431 1
1432 40
1433 2
1434 6
1435 3
1436 1
1437 1
1438 1
1439 98
1440 10
1441 2
1442 2
1443 1
1444 99
1445 32
1446 1
1447 1
1448 4
1449 3
1450 3
1451 2
1452 56
1453 1
1454 11
1455 7
1456 5
1457 2
1458 1
1459 1
1460 1
1461 1
1462 9
1463 9
1464 16
1465 3
1466 1
1467 17
1468 2
1469 2
1470 8
1471 4
1472 1
1473 1
1474 13
1475 6
1476 24
1477 2
1478 1
1479 28
1480 3
1481 19
1482 1
1483 1
1484 1
1485 41
1486 2
1487 57
1488 1
1489 5
1490 4
1491 4
1492 3
1493 2
1494 2
1495 2
1496 1
1497 1
1498 100
1499 58
1500 1
1501 42
1502 2
1503 7
1504 1
1505 1
1506 1
1507 1
1508 1
1509 29
1510 3
1511 6
1512 4
1513 2
1514 1
1515 101
1516 33
1517 1
1518 1
1519 18
1520 2
1521 2
1522 5
1523 3
1524 3
1525 1
1526 10
1527 8
1528 9
1529 2
1530 1
1531 1
1532 1
1533 22
1534 4
1535 59
1536 1
1537 12
1538 3
1539 2
1540 34
1541 1
1542 1
1543 102
1544 11
1545 2
1546 2
1547 1
1548 14
1549 6
1550 4
1551 3
1552 1
1553 1
1554 1
1555 1
1556 7
1557 5
1558 2
1559 60
1560 1
1561 103
1562 15
1563 2
1564 1
1565 1
1566 30
1567 3
1568 61
1569 1
1570 4
1571 2
1572 2
1573 2
1574 2
1575 20
1576 1
1577 1
1578 1
1579 104
1580 8
1581 3
1582 2
1583 1
1584 105
1585 6
1586 5
1587 1
1588 1
1589 43
1590 2
1591 13
1592 4
1593 1
1594 9
1595 3
1596 3
1597 2
1598 2
1599 1
1600 1
1601 1
1602 1
1603 1
1604 1
1605 106
1606 7
1607 7
1608 1
1609 44
1610 2
1611 10
1612 3
1613 1
1614 1
1615 23
1616 4
1617 25
1618 2
1619 1
1620 16
1621 5
1622 21
1623 1
1624 1
1625 1
1626 6
1627 3
1628 2
1629 2
1630 62
1631 1
1632 107
1633 4
1634 4
1635 2
1636 1
1637 1
1638 11
1639 8
1640 17
1641 3
1642 1
1643 45
1644 2
1645 12
1646 1
1647 1
1648 1
1649 1
1650 108
1651 5
1652 2
1653 2
1654 2
1655 1
1656 7
1657 4
1658 3
1659 35
1660 1
1661 1
1662 46
1663 2
1664 9
1665 6
1666 1
1667 109
1668 3
1669 3
1670 2
1671 1
1672 1
1673 1
1674 110
1675 14
1676 4
1677 1
1678 19
1679 2
1680 2
1681 36
1682 1
1683 1
1684 5
1685 5
1686 3
1687 26
1688 2
1689 1
1690 111
1691 8
1692 1
1693 1
1694 1
1695 1
1696 1
1697 10
1698 4
1699 2
1700 18
1701 3
1702 1
1703 15
1704 6
1705 7
1706 2
1707 2
1708 1
1709 1
1710 112
1711 63
1712 1
1713 13
1714 3
1715 2
1716 5
1717 4
1718 1
1719 1
1720 1
1721 113
1722 27
1723 2
1724 1
1725 114
1726 11
1727 3
1728 1
1729 1
1730 9
1731 2
1732 2
1733 2
1734 64
1735 1
1736 24
1737 4
1738 6
1739 2
1740 1
1741 1
1742 1
1743 1
1744 3
1745 3
1746 3
1747 3
1748 65
1749 1
1750 8
1751 5
1752 2
1753 37
1754 1
1755 1
1756 12
1757 7
1758 4
1759 3
1760 2
1761 2
1762 1
1763 115
1764 22
1765 1
1766 1
1767 1
1768 47
1769 2
1770 66
1771 1
1772 31
1773 3
1774 16
1775 2
1776 1
1777 1
1778 6
1779 4
1780 4
1781 10
1782 5
1783 1
1784 20
1785 2
1786 2
1787 3
1788 1
1789 1
1790 1
1791 1
1792 1
1793 1
1794 1
1795 116
1796 28
1797 2
1798 1
1799 117
1800 9
1801 4
1802 1
1803 1
1804 14
1805 3
1806 2
1807 8
1808 7
1809 1
1810 118
1811 2
1812 2
1813 2
1814 2
1815 1
1816 1
1817 1
1818 17
1819 5
1820 6
1821 3
1822 3
1823 1
1824 11
1825 4
1826 2
1827 38
1828 1
1829 1
1830 119
1831 29
1832 2
1833 1
1834 32
1835 3
1836 13
1837 1
1838 1
1839 1
1840 1
1841 21
1842 2
1843 2
1844 15
1845 4
1846 1
1847 120
1848 5
1849 3
1850 2
1851 1
1852 1
1853 121
1854 67
1855 1
1856 7
1857 6
1858 2
1859 23
1860 1
1861 1
1862 1
1863 8
1864 4
1865 3
1866 12
1867 2
1868 2
1869 1
1870 10
1871 9
1872 39
1873 1
1874 1
1875 48
1876 2
1877 19
1878 3
1879 1
1880 18
1881 5
1882 4
1883 2
1884 1
1885 1
1886 1
1887 1
1888 1
1889 122
1890 68
1891 1
1892 3
1893 3
1894 2
1895 2
1896 2
1897 6
1898 6
1899 1
1900 1
1901 123
1902 30
1903 2
1904 1
1905 25
1906 4
1907 7
1908 3
1909 1
1910 1
1911 1
1912 49
1913 2
1914 11
1915 5
1916 1
1917 124
1918 8
1919 2
1920 2
1921 1
1922 1
1923 33
1924 3
1925 4
1926 4
1927 4
1928 1
1929 50
1930 2
1931 14
1932 1
1933 1
1934 1
1935 1
1936 16
1937 6
1938 9
1939 3
1940 2
1941 1
1942 125
1943 40
1944 1
1945 1
1946 5
1947 4
1948 2
1949 2
1950 69
1951 1
1952 34
1953 3
1954 10
1955 2
1956 1
1957 1
1958 1
1959 13
1960 7
1961 70
1962 1
1963 51
1964 2
1965 4
1966 3
1967 3
1968 1
1969 1
1970 126
1971 6
1972 2
1973 2
1974 2
1975 1
1976 12
1977 8
1978 5
1979 1
1980 1
1981 1
1982 1
1983 1
1984 1
1985 15
1986 3
1987 2
1988 71
1989 1
1990 26
1991 4
1992 17
1993 2
1994 1
1995 1
1996 127
1997 20
1998 3
1999 1
2000 22
2001 2
2002 2
2003 24
2004 1
2005 1
2006 1
2007 11
2008 9
2009 7
2010 4
2011 2
2012 1
2013 6
2014 5
2015 3
2016 41
2017 1
2018 1
2019 52
2020 2
2021 72
2022 1
2023 128
2024 3
2025 2
2026 2
2027 1
2028 1
2029 1
2030 1
2031 27
2032 4
2033 8
2034 8
2035 1
2036 53
2037 2
2038 42
2039 1
2040 1
2041 10
2042 3
2043 3
2044 5
2045 5
2046 2
2047 1
2048 129
2049 6
2050 4
2051 1
2052 1
2053 1
2054 2
2055 2
2056 2
2057 2
2058 2
2059 2
2060 21
2061 3
2062 1
2063 14
2064 7
2065 18
2066 2
2067 1
2068 1
2069 130
2070 73
2071 1
2072 4
2073 4
2074 3
2075 2
2076 9
2077 1
2078 1
2079 1
2080 1
2081 1
2082 19
2083 5
2084 13
2085 2
2086 2
2087 1
2088 131
2089 12
2090 3
2091 1
2092 1
2093 8
2094 6
2095 2
2096 16
2097 4
2098 1
2099 132
2100 11
2101 2
2102 1
2103 1
2104 1
2105 35
2106 3
2107 74
2108 1
2109 23
2110 2
2111 2
2112 7
2113 5
2114 1
2115 1
2116 28
2117 4
2118 3
2119 3
2120 3
2121 2
2122 1
2123 133
2124 15
2125 1
2126 1
2127 1
2128 1
2129 54
2130 2
2131 10
2132 6
2133 1
2134 36
2135 3
2136 4
2137 2
2138 2
2139 2
2140 1
2141 1
2142 134
2143 75
2144 1
2145 9
2146 5
2147 2
2148 8
2149 3
2150 1
2151 1
2152 1
2153 135
2154 31
2155 2
2156 1
2157 29
2158 4
2159 43
2160 1
2161 1
2162 7
2163 3
2164 2
2165 2
2166 76
2167 1
2168 17
2169 6
2170 2
2171 1
2172 1
2173 1
2174 1
2175 1
2176 1
2177 1
2178 1
2179 136
2180 5
2181 4
2182 3
2183 1
2184 55
2185 2
2186 44
2187 1
2188 1
2189 137
2190 14
2191 2
2192 2
2193 1
2194 11
2195 3
2196 3
2197 25
2198 1
2199 1
2200 1
2201 12
2202 4
2203 2
2204 77
2205 1
2206 13
2207 8
2208 6
2209 3
2210 2
2211 1
2212 1
2213 20
2214 5
2215 9
2216 7
2217 1
2218 10
2219 2
2220 2
2221 2
2222 4
2223 4
2224 1
2225 1
2226 1
2227 1
2228 37
2229 3
2230 32
2231 2
2232 1
2233 138
2234 45
2235 1
2236 1
2237 56
2238 2
2239 22
2240 3
2241 1
2242 30
2243 4
2244 5
2245 2
2246 2
2247 1
2248 1
2249 1
2250 18
2251 6
2252 78
2253 1
2254 16
2255 3
2256 2
2257 46
2258 1
2259 1
2260 139
2261 8
2262 4
2263 2
2264 1
2265 15
2266 7
2267 3
2268 3
2269 1
2270 1
2271 1
2272 1
2273 1
2274 24
2275 2
2276 2
2277 79
2278 1
2279 21
2280 5
2281 19
2282 2
2283 1
2284 1
2285 9
2286 4
2287 3
2288 11
2289 6
2290 1
2291 57
2292 2
2293 26
2294 1
2295 1
2296 1
2297 140
2298 3
2299 2
2300 2
2301 2
2302 2
2303 1
2304 141
2305 10
2306 4
2307 1
2308 1
2309 58
2310 2
2311 12
2312 5
2313 1
2314 38
2315 3
2316 7
2317 2
2318 1
2319 1
2320 1
2321 1
2322 14
2323 8
2324 80
2325 1
2326 6
2327 4
2328 2
2329 2
2330 13
2331 3
2332 1
2333 1
2334 142
2335 33
2336 2
2337 1
2338 143
2339 27
2340 1
2341 1
2342 1
2343 5
2344 3
2345 3
2346 2
2347 17
2348 4
2349 1
2350 144
2351 9
2352 2
2353 2
2354 1
2355 1
2356 145
2357 23
2358 3
2359 1
2360 59
2361 2
2362 6
2363 1
2364 1
2365 1
2366 1
2367 1
2368 1
2369 7
2370 4
2371 4
2372 34
2373 2
2374 1
2375 39
2376 3
2377 8
2378 5
2379 1
2380 1
2381 11
2382 2
2383 2
2384 2
2385 81
2386 1
2387 146
2388 4
2389 3
2390 2
2391 1
2392 1
2393 1
2394 10
2395 10
2396 82
2397 1
2398 60
2399 2
2400 47
2401 1
2402 1
2403 6
2404 6
2405 3
2406 15
2407 2
2408 2
2409 1
2410 5
2411 5
2412 4
2413 16
2414 1
2415 1
2416 1
2417 1
2418 61
2419 2
2420 7
2421 3
2422 3
2423 1
2424 12
2425 9
2426 20
2427 2
2428 1
2429 1
2430 147
2431 18
2432 4
2433 1
2434 8
2435 3
2436 2
2437 2
2438 28
2439 1
2440 1
2441 1
2442 148
2443 6
2444 5
2445 2
2446 1
2447 149
2448 14
2449 3
2450 1
2451 1
2452 13
2453 4
2454 2
2455 83
2456 1
2457 150
2458 2
2459 2
2460 2
2461 1
2462 1
2463 1
2464 1
2465 1
2466 40
2467 3
2468 84
2469 1
2470 7
2471 7
2472 2
2473 11
2474 4
2475 1
2476 1
2477 22
2478 5
2479 10
2480 3
2481 2
2482 1
2483 19
2484 6
2485 29
2486 1
2487 1
2488 1
2489 25
2490 2
2491 2
2492 9
2493 8
2494 1
2495 4
2496 3
2497 3
2498 3
2499 21
2500 2
2501 1
2502 1
2503 151
2504 85
2505 1
2506 62
2507 2
2508 5
2509 3
2510 1
2511 1
2512 1
2513 1
2514 152
2515 4
2516 4
2517 2
2518 2
2519 1
2520 153
2521 7
2522 6
2523 1
2524 1
2525 17
2526 3
2527 2
2528 86
2529 1
2530 154
2531 12
2532 2
2533 1
2534 1
2535 1
2536 31
2537 4
2538 24
2539 3
2540 1
2541 5
2542 2
2543 2
2544 2
2545 2
2546 48
2547 1
2548 1
2549 15
2550 8
2551 35
2552 2
2553 1
2554 41
2555 3
2556 4
2557 1
2558 1
2559 1
2560 1
2561 1
2562 1
2563 1
2564 9
2565 6
2566 2
2567 87
2568 1
2569 11
2570 10
2571 3
2572 3
2573 2
2574 2
2575 1
2576 1
2577 16
2578 7
2579 13
2580 5
2581 1
2582 14
2583 4
2584 2
2585 30
2586 1
2587 1
2588 1
2589 42
2590 3
2591 36
2592 2
2593 1
2594 155
2595 49
2596 1
2597 1
2598 26
2599 2
2600 2
2601 6
2602 4
2603 3
2604 1
2605 156
2606 8
2607 2
2608 1
2609 1
2610 1
2611 1
2612 23
2613 5
2614 88
2615 1
2616 18
2617 3
2618 2
2619 50
2620 1
2621 1
2622 32
2623 4
2624 7
2625 2
2626 2
2627 2
2628 1
2629 157
2630 9
2631 3
2632 1
2633 1
2634 1
2635 63
2636 2
2637 89
2638 1
2639 20
2640 6
2641 5
2642 4
2643 2
2644 1
2645 1
2646 12
2647 3
2648 3
2649 90
2650 1
2651 27
2652 2
2653 2
2654 10
2655 1
2656 1
2657 1
2658 1
2659 1
2660 158
2661 11
2662 3
2663 2
2664 1
2665 8
2666 4
2667 4
2668 51
2669 1
2670 1
2671 64
2672 2
2673 91
2674 1
2675 7
2676 5
2677 3
2678 6
2679 2
2680 2
2681 1
2682 1
2683 1
2684 159
2685 19
2686 4
2687 1
2688 65
2689 2
2690 15
2691 3
2692 1
2693 1
2694 160
2695 37
2696 2
2697 1
2698 13
2699 9
2700 17
2701 1
2702 1
2703 1
2704 1
2705 4
2706 3
2707 2
2708 2
2709 2
2710 14
2711 5
2712 1
2713 161
2714 22
2715 2
2716 1
2717 1
2718 21
2719 6
2720 8
2721 3
2722 3
2723 1
2724 66
2725 2
2726 7
2727 4
2728 1
2729 1
2730 1
2731 162
2732 16
2733 2
2734 2
2735 1
2736 43
2737 3
2738 52
2739 1
2740 1
2741 10
2742 5
2743 2
2744 92
2745 1
2746 33
2747 4
2748 3
2749 2
2750 1
2751 1
2752 1
2753 1
2754 1
2755 1
2756 11
2757 11
2758 12
2759 6
2760 1
2761 28
2762 2
2763 2
2764 53
2765 1
2766 1
2767 44
2768 3
2769 9
2770 4
2771 2
2772 1
2773 163
2774 5
2775 5
2776 1
2777 1
2778 1
2779 8
2780 7
2781 2
2782 25
2783 3
2784 1
2785 164
2786 2
2787 2
2788 2
2789 2
2790 2
2791 1
2792 1
2793 34
2794 4
2795 93
2796 1
2797 6
2798 3
2799 3
2800 2
2801 18
2802 1
2803 1
2804 1
2805 1
2806 165
2807 38
2808 2
2809 1
2810 24
2811 5
2812 4
2813 4
2814 3
2815 1
2816 1
2817 29
2818 2
2819 2
2820 94
2821 1
2822 166
2823 13
2824 2
2825 1
2826 1
2827 1
2828 45
2829 3
2830 10
2831 7
2832 1
2833 15
2834 4
2835 2
2836 8
2837 6
2838 1
2839 1
2840 14
2841 9
2842 5
2843 3
2844 2
2845 2
2846 1
2847 167
2848 11
2849 1
2850 1
2851 1
2852 1
2853 1
2854 67
2855 2
2856 20
2857 4
2858 1
2859 46
2860 3
2861 23
2862 2
2863 1
2864 1
2865 168
2866 95
2867 1
2868 12
2869 2
2870 2
2871 2
2872 3
2873 3
2874 3
2875 1
2876 1
2877 1
2878 6
2879 5
2880 4
2881 39
2882 2
2883 1
2884 17
2885 7
2886 54
2887 1
2888 1
2889 19
2890 3
2891 2
2892 96
2893 1
2894 16
2895 8
2896 4
2897 2
2898 2
2899 1
2900 1
2901 1
2902 1
2903 169
2904 26
2905 3
2906 1
2907 68
2908 2
2909 9
2910 5
2911 1
2912 1
2913 170
2914 6
2915 6
2916 2
2917 1
2918 10
2919 4
2920 3
2921 31
2922 1
2923 1
2924 1
2925 30
2926 2
2927 2
2928 97
2929 1
2930 171
2931 7
2932 3
2933 2
2934 1
2935 1
2936 172
2937 21
2938 4
2939 1
2940 11
2941 5
2942 2
2943 1
2944 1
2945 1
2946 1
2947 1
2948 1
2949 1
2950 1
2951 1
2952 1
2953 13
2954 3
2955 3
2956 8
2957 2
2958 2
2959 2
2960 1
2961 22
2962 6
2963 55
2964 1
2965 1
2966 4
2967 4
2968 4
2969 2
2970 27
2971 3
2972 1
2973 173
2974 14
2975 2
2976 1
2977 1
2978 1
2979 174
2980 15
2981 5
2982 1
2983 9
2984 3
2985 2
2986 2
2987 12
2988 4
2989 1
2990 1
2991 18
2992 7
2993 40
2994 2
2995 1
2996 175
2997 6
2998 3
2999 1
3000 1
3001 1
3002 1
3003 69
3004 2
3005 98
3006 1
3007 35
3008 4
3009 10
3010 2
3011 2
3012 1
3013 1
3014 8
3015 5
3016 3
3017 99
3018 1
3019 70
3020 2
3021 32
3022 1
3023 1
3024 1
3025 176
3026 4
3027 3
3028 3
3029 2
3030 1
3031 177
3032 56
3033 1
3034 1
3035 6
3036 2
3037 2
3038 2
3039 2
3040 11
3041 7
3042 1
3043 47
3044 3
3045 5
3046 2
3047 1
3048 1
3049 1
3050 1
3051 1
3052 36
3053 4
3054 9
3055 9
3056 1
3057 71
3058 2
3059 16
3060 3
3061 1
3062 1
3063 178
3064 17
3065 2
3066 2
3067 1
3068 179
3069 8
3070 4
3071 1
3072 1
3073 1
3074 20
3075 3
3076 2
3077 13
3078 6
3079 1
3080 25
3081 5
3082 24
3083 2
3084 1
3085 1
3086 180
3087 28
3088 3
3089 1
3090 7
3091 4
3092 2
3093 2
3094 19
3095 1
3096 1
3097 1
3098 1
3099 12
3100 10
3101 41
3102 2
3103 1
3104 14
3105 3
3106 3
3107 57
3108 1
3109 1
3110 72
3111 2
3112 5
3113 4
3114 4
3115 1
3116 23
3117 6
3118 3
3119 2
3120 2
3121 2
3122 1
3123 1
3124 1
3125 15
3126 9
3127 100
3128 1
3129 8
3130 8
3131 2
3132 58
3133 1
3134 1
3135 11
3136 4
3137 3
3138 42
3139 2
3140 1
3141 181
3142 7
3143 1
3144 1
3145 1
3146 1
3147 1
3148 1
3149 5
3150 5
3151 2
3152 2
3153 29
3154 3
3155 1
3156 182
3157 6
3158 4
3159 2
3160 1
3161 1
3162 183
3163 101
3164 1
3165 21
3166 3
3167 2
3168 33
3169 1
3170 1
3171 1
3172 184
3173 18
3174 2
3175 2
3176 1
3177 37
3178 4
3179 5
3180 3
3181 3
3182 1
3183 1
3184 73
3185 2
3186 10
3187 8
3188 1
3189 185
3190 9
3191 2
3192 1
3193 1
3194 1
3195 1
3196 7
3197 6
3198 3
3199 22
3200 4
3201 1
3202 13
3203 2
3204 2
3205 2
3206 59
3207 1
3208 1
3209 186
3210 12
3211 3
3212 2
3213 1
3214 26
3215 5
3216 34
3217 1
3218 1
3219 1
3220 16
3221 4
3222 2
3223 102
3224 1
3225 48
3226 3
3227 11
3228 2
3229 2
3230 1
3231 1
3232 187
3233 14
3234 6
3235 1
3236 74
3237 2
3238 4
3239 3
3240 1
3241 1
3242 1
3243 1
3244 1
3245 17
3246 8
3247 7
3248 5
3249 2
3250 1
3251 188
3252 60
3253 1
3254 1
3255 3
3256 3
3257 3
3258 2
3259 2
3260 103
3261 1
3262 9
3263 4
3264 4
3265 15
3266 2
3267 1
3268 1
3269 1
3270 189
3271 30
3272 3
3273 1
3274 10
3275 6
3276 2
3277 61
3278 1
3279 1
3280 27
3281 5
3282 4
3283 2
3284 2
3285 2
3286 2
3287 1
3288 49
3289 3
3290 20
3291 1
3292 1
3293 1
3294 1
3295 75
3296 2
3297 104
3298 1
3299 19
3300 7
3301 8
3302 3
3303 2
3304 1
3305 1
3306 38
3307 4
3308 105
3309 1
3310 31
3311 2
3312 2
3313 6
3314 5
3315 1
3316 1
3317 1
3318 50
3319 3
3320 43
3321 2
3322 1
3323 12
3324 11
3325 13
3326 4
3327 1
3328 1
3329 76
3330 2
3331 9
3332 3
3333 3
3334 1
3335 190
3336 2
3337 2
3338 1
3339 1
3340 1
3341 1
3342 1
3343 1
3344 1
3345 191
3346 106
3347 1
3348 5
3349 4
3350 3
3351 2
3352 7
3353 7
3354 1
3355 1
3356 24
3357 6
3358 44
3359 2
3360 1
3361 18
3362 8
3363 10
3364 3
3365 1
3366 1
3367 1
3368 14
3369 2
3370 2
3371 2
3372 23
3373 4
3374 1
3375 192
3376 25
3377 2
3378 1
3379 1
3380 51
3381 3
3382 16
3383 5
3384 1
3385 77
3386 2
3387 21
3388 1
3389 1
3390 1
3391 1
3392 39
3393 4
3394 6
3395 3
3396 2
3397 2
3398 1
3399 193
3400 62
3401 1
3402 1
3403 9
3404 7
3405 2
3406 107
3407 1
3408 15
3409 3
3410 3
3411 4
3412 4
3413 2
3414 1
3415 1
3416 1
3417 28
3418 5
3419 11
3420 8
3421 1
3422 32
3423 2
3424 2
3425 17
3426 3
3427 1
3428 1
3429 194
3430 45
3431 2
3432 1
3433 6
3434 6
3435 4
3436 12
3437 1
3438 1
3439 1
3440 1
3441 1
3442 22
3443 3
3444 2
3445 108
3446 1
3447 195
3448 5
3449 2
3450 2
3451 2
3452 1
3453 1
3454 13
3455 10
3456 7
3457 4
3458 3
3459 1
3460 78
3461 2
3462 35
3463 1
3464 1
3465 1
3466 196
3467 46
3468 2
3469 1
3470 52
3471 3
3472 9
3473 6
3474 1
3475 1
3476 8
3477 4
3478 2
3479 2
3480 109
3481 1
3482 29
3483 5
3484 3
3485 3
3486 2
3487 1
3488 1
3489 1
3490 1
3491 197
3492 110
3493 1
3494 79
3495 2
3496 14
3497 4
3498 1
3499 1
3500 53
3501 3
3502 19
3503 2
3504 2
3505 1
3506 20
3507 7
3508 36
3509 1
3510 1
3511 1
3512 11
3513 6
3514 2
3515 5
3516 5
3517 3
3518 1
3519 40
3520 4
3521 26
3522 2
3523 1
3524 1
3525 198
3526 111
3527 1
3528 3
3529 2
3530 2
3531 2
3532 2
3533 2
3534 8
3535 1
3536 1
3537 1
3538 1
3539 1
3540 1
3541 199
3542 10
3543 4
3544 2
3545 1
3546 16
3547 9
3548 18
3549 3
3550 1
3551 1
3552 12
3553 5
3554 2
3555 15
3556 6
3557 1
3558 200
3559 7
3560 2
3561 2
3562 1
3563 1
3564 1
3565 4
3566 4
3567 3
3568 3
3569 112
3570 1
3571 80
3572 2
3573 63
3574 1
3575 1
3576 201
3577 13
3578 3
3579 2
3580 1
3581 202
3582 5
3583 4
3584 1
3585 1
3586 1
3587 1
3588 33
3589 2
3590 2
3591 113
3592 1
3593 8
3594 6
3595 3
3596 27
3597 2
3598 1
3599 1
3600 203
3601 114
3602 1
3603 17
3604 4
3605 2
3606 11
3607 3
3608 1
3609 1
3610 1
3611 21
3612 7
3613 9
3614 2
3615 2
3616 2
3617 1
3618 30
3619 5
3620 64
3621 1
3622 1
3623 23
3624 3
3625 2
3626 24
3627 4
3628 1
3629 14
3630 10
3631 6
3632 2
3633 1
3634 1
3635 1
3636 1
3637 1
3638 204
3639 3
3640 3
3641 3
3642 3
3643 1
3644 34
3645 2
3646 2
3647 65
3648 1
3649 1
3650 41
3651 4
3652 8
3653 5
3654 2
3655 1
3656 54
3657 3
3658 37
3659 1
3660 1
3661 1
3662 81
3663 2
3664 12
3665 7
3666 1
3667 205
3668 4
3669 3
3670 2
3671 2
3672 1
3673 1
3674 25
3675 6
3676 115
3677 1
3678 82
3679 2
3680 22
3681 1
3682 1
3683 1
3684 1
3685 9
3686 5
3687 3
3688 47
3689 2
3690 1
3691 42
3692 4
3693 66
3694 1
3695 1
3696 15
3697 2
3698 2
3699 2
3700 31
3701 3
3702 1
3703 13
3704 11
3705 16
3706 2
3707 1
3708 1
3709 1
3710 19
3711 8
3712 6
3713 4
3714 4
3715 1
3716 7
3717 3
3718 3
3719 2
3720 10
3721 5
3722 1
3723 1
3724 206
3725 20
3726 2
3727 2
3728 1
3729 207
3730 3
3731 1
3732 1
3733 1
3734 1
3735 1
3736 1
3737 1
3738 1
3739 18
3740 4
3741 2
3742 116
3743 1
3744 208
3745 28
3746 2
3747 1
3748 1
3749 55
3750 3
3751 117
3752 1
3753 6
3754 5
3755 2
3756 2
3757 9
3758 4
3759 1
3760 1
3761 1
3762 209
3763 14
3764 3
3765 2
3766 1
3767 210
3768 8
3769 7
3770 1
3771 1
3772 83
3773 2
3774 118
3775 1
3776 12
3777 4
3778 3
3779 2
3780 2
3781 2
3782 2
3783 1
3784 1
3785 1
3786 1
3787 211
3788 17
3789 5
3790 1
3791 84
3792 2
3793 6
3794 3
3795 3
3796 1
3797 1
3798 212
3799 11
3800 4
3801 2
3802 1
3803 213
3804 38
3805 1
3806 1
3807 1
3808 10
3809 3
3810 2
3811 2
3812 119
3813 1
3814 214
3815 29
3816 2
3817 1
3818 1
3819 7
3820 5
3821 4
3822 32
3823 3
3824 1
3825 9
3826 8
3827 2
3828 13
3829 1
3830 1
3831 1
3832 1
3833 1
3834 26
3835 6
3836 21
3837 2
3838 2
3839 1
3840 56
3841 3
3842 15
3843 4
3844 1
3845 1
3846 85
3847 2
3848 120
3849 1
3850 215
3851 5
3852 3
3853 2
3854 1
3855 1
3856 1
3857 216
3858 121
3859 1
3860 4
3861 4
3862 2
3863 2
3864 2
3865 67
3866 1
3867 1
3868 16
3869 3
3870 3
3871 7
3872 6
3873 2
3874 1
3875 217
3876 23
3877 1
3878 1
3879 1
3880 1
3881 86
3882 2
3883 8
3884 4
3885 3
3886 1
3887 5
3888 5
3889 5
3890 12
3891 2
3892 2
3893 1
3894 1
3895 14
3896 11
3897 10
3898 9
3899 1
3900 24
3901 3
3902 2
3903 39
3904 1
3905 1
3906 1
3907 43
3908 4
3909 48
3910 2
3911 1
3912 27
3913 6
3914 19
3915 3
3916 1
3917 1
3918 35
3919 2
3920 2
3921 18
3922 5
3923 1
3924 22
3925 7
3926 4
3927 2
3928 1
3929 1
3930 1
3931 1
3932 1
3933 1
3934 57
3935 3
3936 122
3937 1
3938 87
3939 2
3940 68
3941 1
3942 1
3943 20
3944 8
3945 3
3946 3
3947 2
3948 2
3949 2
3950 1
3951 44
3952 4
3953 6
3954 6
3955 1
3956 1
3957 1
3958 13
3959 5
3960 2
3961 123
3962 1
3963 58
3964 3
3965 30
3966 2
3967 1
3968 1
3969 17
3970 9
3971 25
3972 4
3973 1
3974 36
3975 2
3976 2
3977 7
3978 3
3979 1
3980 1
3981 1
3982 1
3983 218
3984 49
3985 2
3986 1
3987 15
3988 10
3989 11
3990 5
3991 1
3992 1
3993 6
3994 4
3995 3
3996 2
3997 124
3998 1
3999 219
4000 8
4001 2
4002 2
4003 1
4004 1
4005 1
4006 12
4007 12
4008 33
4009 3
4010 1
4011 88
4012 2
4013 4
4014 4
4015 4
4016 1
4017 1
4018 220
4019 50
4020 2
4021 1
4022 5
4023 3
4024 3
4025 3
4026 14
4027 1
4028 1
4029 1
4030 1
4031 1
4032 7
4033 2
4034 2
4035 2
4036 2
4037 16
4038 6
4039 1
4040 45
4041 4
4042 9
4043 3
4044 2
4045 1
4046 1
4047 221
4048 125
4049 1
4050 89
4051 2
4052 40
4053 1
4054 1
4055 1
4056 59
4057 3
4058 5
4059 4
4060 2
4061 2
4062 1
4063 21
4064 8
4065 69
4066 1
4067 1
4068 90
4069 2
4070 34
4071 3
4072 1
4073 28
4074 6
4075 10
4076 2
4077 1
4078 1
4079 1
4080 1
4081 46
4082 4
4083 13
4084 7
4085 1
4086 11
4087 3
4088 2
4089 2
4090 70
4091 1
4092 1
4093 31
4094 5
4095 51
4096 2
4097 1
4098 222
4099 4
4100 3
4101 3
4102 1
4103 1
4104 1
4105 91
4106 2
4107 126
4108 1
4109 18
4110 9
4111 6
4112 2
4113 2
4114 2
4115 1
4116 1
4117 60
4118 3
4119 12
4120 8
4121 1
4122 19
4123 4
4124 2
4125 5
4126 1
4127 1
4128 1
4129 1
4130 1
4131 1
4132 1
4133 223
4134 15
4135 3
4136 2
4137 1
4138 23
4139 7
4140 71
4141 1
4142 1
4143 37
4144 2
4145 2
4146 26
4147 4
4148 1
4149 61
4150 3
4151 17
4152 2
4153 1
4154 1
4155 1
4156 29
4157 6
4158 127
4159 1
4160 14
4161 5
4162 2
4163 20
4164 3
4165 1
4166 1
4167 10
4168 4
4169 4
4170 22
4171 2
4172 2
4173 1
4174 224
4175 24
4176 1
4177 1
4178 1
4179 1
4180 8
4181 3
4182 3
4183 2
4184 11
4185 9
4186 1
4187 225
4188 7
4189 4
4190 2
4191 1
4192 1
4193 226
4194 6
4195 5
4196 3
4197 1
4198 16
4199 2
4200 2
4201 2
4202 41
4203 1
4204 1
4205 1
4206 227
4207 52
4208 2
4209 1
4210 13
4211 4
4212 3
4213 72
4214 1
4215 1
4216 92
4217 2
4218 128
4219 1
4220 228
4221 3
4222 2
4223 2
4224 1
4225 1
4226 1
4227 1
4228 1
4229 32
4230 5
4231 27
4232 4
4233 1
4234 12
4235 6
4236 2
4237 8
4238 8
4239 1
4240 1
4241 7
4242 7
4243 3
4244 53
4245 2
4246 1
4247 229
4248 42
4249 1
4250 1
4251 1
4252 9
4253 4
4254 2
4255 2
4256 10
4257 3
4258 3
4259 1
4260 230
4261 5
4262 5
4263 2
4264 1
4265 1
4266 231
4267 129
4268 1
4269 25
4270 3
4271 2
4272 6
4273 4
4274 1
4275 1
4276 1
4277 1
4278 15
4279 11
4280 2
4281 2
4282 2
4283 2
4284 2
4285 2
4286 1
4287 232
4288 21
4289 3
4290 1
4291 1
4292 93
4293 2
4294 14
4295 7
4296 1
4297 8
4298 5
4299 4
4300 18
4301 2
4302 1
4303 1
4304 1
4305 62
4306 3
4307 130
4308 1
4309 38
4310 2
4311 2
4312 73
4313 1
4314 1
4315 30
4316 6
4317 4
4318 4
4319 3
4320 2
4321 1
4322 233
4323 9
4324 1
4325 1
4326 1
4327 1
4328 1
4329 1
4330 94
4331 2
4332 19
4333 5
4334 1
4335 17
4336 3
4337 3
4338 13
4339 2
4340 2
4341 1
4342 1
4343 47
4344 4
4345 131
4346 1
4347 10
4348 7
4349 2
4350 12
4351 3
4352 1
4353 1
4354 1
4355 234
4356 8
4357 6
4358 2
4359 1
4360 235
4361 16
4362 4
4363 1
4364 1
4365 5
4366 3
4367 2
4368 2
4369 2
4370 132
4371 1
4372 236
4373 11
4374 2
4375 1
4376 1
4377 1
4378 1
4379 237
4380 35
4381 3
4382 1
4383 20
4384 4
4385 2
4386 74
4387 1
4388 1
4389 238
4390 23
4391 2
4392 2
4393 1
4394 9
4395 6
4396 3
4397 7
4398 5
4399 1
4400 1
4401 1
4402 95
4403 2
4404 28
4405 4
4406 1
4407 239
4408 3
4409 3
4410 3
4411 2
4412 1
4413 1
4414 22
4415 8
4416 133
4417 1
4418 39
4419 2
4420 2
4421 15
4422 1
4423 1
4424 1
4425 1
4426 1
4427 14
4428 4
4429 3
4430 54
4431 2
4432 1
4433 33
4434 5
4435 10
4436 6
4437 1
4438 1
4439 96
4440 2
4441 36
4442 3
4443 1
4444 240
4445 4
4446 2
4447 2
4448 2
4449 1
4450 1
4451 1
4452 24
4453 7
4454 134
4455 1
4456 26
4457 3
4458 2
4459 75
4460 1
4461 1
4462 13
4463 12
4464 9
4465 5
4466 2
4467 1
4468 11
4469 4
4470 4
4471 8
4472 3
4473 1
4474 1
4475 1
4476 1
4477 6
4478 6
4479 2
4480 2
4481 135
4482 1
4483 241
4484 31
4485 2
4486 1
4487 1
4488 18
4489 3
4490 3
4491 29
4492 4
4493 1
4494 97
4495 2
4496 43
4497 1
4498 1
4499 1
4500 34
4501 5
4502 7
4503 3
4504 2
4505 2
4506 1
4507 242
4508 76
4509 1
4510 1
4511 21
4512 4
4513 2
4514 17
4515 6
4516 1
4517 63
4518 3
4519 2
4520 1
4521 1
4522 1
4523 1
4524 1
4525 1
4526 1
4527 1
4528 1
4529 16
4530 10
4531 136
4532 1
4533 8
4534 2
4535 2
4536 2
4537 2
4538 5
4539 4
4540 3
4541 1
4542 1
4543 19
4544 9
4545 55
4546 2
4547 1
4548 243
4549 44
4550 1
4551 1
4552 1
4553 27
4554 3
4555 2
4556 137
4557 1
4558 7
4559 6
4560 4
4561 14
4562 2
4563 2
4564 1
4565 1
4566 244
4567 11
4568 3
4569 3
4570 1
4571 15
4572 5
4573 2
4574 25
4575 1
4576 1
4577 1
4578 1
4579 245
4580 12
4581 4
4582 2
4583 1
4584 64
4585 3
4586 77
4587 1
4588 1
4589 40
4590 2
4591 2
4592 13
4593 8
4594 1
4595 246
4596 6
4597 3
4598 2
4599 1
4600 1
4601 1
4602 48
4603 4
4604 20
4605 5
4606 1
4607 98
4608 2
4609 9
4610 7
4611 1
4612 1
4613 65
4614 3
4615 10
4616 2
4617 2
4618 2
4619 1
4620 247
4621 4
4622 4
4623 1
4624 1
4625 1
4626 1
4627 1
4628 99
4629 2
4630 37
4631 3
4632 1
4633 248
4634 32
4635 2
4636 1
4637 1
4638 6
4639 5
4640 5
4641 138
4642 1
4643 4
4644 3
4645 3
4646 2
4647 2
4648 45
4649 1
4650 1
4651 1
4652 23
4653 8
4654 56
4655 2
4656 1
4657 249
4658 22
4659 3
4660 1
4661 1
4662 11
4663 7
4664 2
4665 30
4666 4
4667 1
4668 250
4669 5
4670 2
4671 2
4672 1
4673 1
4674 1
4675 1
4676 66
4677 3
4678 18
4679 6
4680 1
4681 9
4682 9
4683 2
4684 78
4685 1
4686 1
4687 49
4688 4
4689 16
4690 3
4691 2
4692 1
4693 14
4694 12
4695 46
4696 1
4697 1
4698 1
4699 17
4700 2
4701 2
4702 2
4703 139
4704 1
4705 10
4706 5
4707 3
4708 8
4709 4
4710 2
4711 1
4712 1
4713 251
4714 15
4715 7
4716 1
4717 13
4718 6
4719 2
4720 3
4721 3
4722 1
4723 1
4724 1
4725 1
4726 1
4727 1
4728 252
4729 24
4730 2
4731 2
4732 1
4733 50
4734 4
4735 79
4736 1
4737 1
4738 28
4739 3
4740 2
4741 21
4742 5
4743 1
4744 253
4745 19
4746 2
4747 1
4748 1
4749 1
4750 254
4751 9
4752 4
4753 3
4754 1
4755 41
4756 2
4757 2
4758 11
4759 6
4760 1
4761 1
4762 255
4763 57
4764 2
4765 1
4766 8
4767 7
4768 3
4769 26
4770 1
4771 1
4772 1
4773 1
4774 5
4775 4
4776 4
4777 2
4778 140
4779 1
4780 256
4781 3
4782 2
4783 2
4784 2
4785 2
4786 1
4787 1
4788 257
4789 141
4790 1
4791 100
4792 2
4793 10
4794 4
4795 1
4796 1
4797 1
4798 6
4799 3
4800 3
4801 3
4802 58
4803 2
4804 1
4805 258
4806 12
4807 5
4808 1
4809 1
4810 42
4811 2
4812 2
4813 38
4814 3
4815 1
4816 51
4817 4
4818 7
4819 2
4820 1
4821 1
4822 1
4823 1
4824 1
4825 20
4826 9
4827 14
4828 8
4829 1
4830 29
4831 3
4832 2
4833 80
4834 1
4835 1
4836 259
4837 6
4838 4
4839 2
4840 2
4841 1
4842 35
4843 5
4844 13
4845 3
4846 1
4847 1
4848 1
4849 101
4850 2
4851 142
4852 1
4853 16
4854 11
4855 33
4856 2
4857 1
4858 1
4859 15
4860 4
4861 3
4862 143
4863 1
4864 18
4865 2
4866 2
4867 2
4868 27
4869 1
4870 1
4871 1
4872 1
4873 25
4874 7
4875 5
4876 3
4877 3
4878 2
4879 1
4880 31
4881 6
4882 17
4883 4
4884 1
4885 1
4886 10
4887 8
4888 2
4889 144
4890 1
4891 67
4892 3
4893 9
4894 2
4895 2
4896 1
4897 1
4898 1
4899 260
4900 145
4901 1
4902 22
4903 4
4904 2
4905 23
4906 3
4907 1
4908 1
4909 36
4910 5
4911 59
4912 2
4913 1
4914 261
4915 6
4916 1
4917 1
4918 1
4919 1
4920 1
4921 1
4922 1
4923 12
4924 3
4925 2
4926 2
4927 7
4928 4
4929 4
4930 1
4931 262
4932 34
4933 2
4934 1
4935 1
4936 263
4937 39
4938 3
4939 1
4940 102
4941 2
4942 8
4943 5
4944 1
4945 1
4946 1
4947 52
4948 4
4949 11
4950 2
4951 2
4952 2
4953 1
4954 19
4955 3
4956 3
4957 81
4958 1
4959 1
4960 14
4961 6
4962 2
4963 146
4964 1
4965 21
4966 9
4967 4
4968 3
4969 2
4970 1
4971 1
4972 1
4973 1
4974 13
4975 13
4976 10
4977 10
4978 1
4979 7
4980 5
4981 2
4982 2
4983 82
4984 1
4985 1
4986 68
4987 3
4988 60
4989 2
4990 1
4991 53
4992 4
4993 47
4994 1
4995 1
4996 1
4997 103
4998 2
4999 6
5000 6
5001 3
5002 1
5003 24
5004 8
5005 15
5006 2
5007 2
5008 1
5009 1
5010 264
5011 5
5012 5
5013 4
5014 1
5015 30
5016 3
5017 2
5018 16
5019 1
5020 1
5021 1
5022 1
5023 1
5024 265
5025 61
5026 2
5027 1
5028 266
5029 7
5030 3
5031 3
5032 1
5033 1
5034 4
5035 2
5036 2
5037 2
5038 2
5039 2
5040 12
5041 9
5042 1
5043 32
5044 6
5045 20
5046 2
5047 1
5048 1
5049 1
5050 11
5051 5
5052 3
5053 147
5054 1
5055 104
5056 2
5057 18
5058 4
5059 1
5060 1
5061 267
5062 8
5063 3
5064 2
5065 2
5066 1
5067 17
5068 10
5069 28
5070 1
5071 1
5072 1
5073 1
5074 105
5075 2
5076 148
5077 1
5078 4
5079 4
5080 4
5081 3
5082 6
5083 5
5084 2
5085 1
5086 1
5087 26
5088 7
5089 149
5090 1
5091 43
5092 2
5093 2
5094 14
5095 3
5096 1
5097 1
5098 1
5099 268
5100 13
5101 4
5102 2
5103 1
5104 269
5105 83
5106 1
5107 1
5108 9
5109 3
5110 3
5111 2
5112 150
5113 1
5114 37
5115 5
5116 2
5117 2
5118 2
5119 1
5120 1
5121 1
5122 1
5123 1
5124 1
5125 8
5126 6
5127 4
5128 40
5129 3
5130 1
5131 106
5132 2
5133 84
5134 1
5135 1
5136 270
5137 7
5138 7
5139 2
5140 1
5141 69
5142 3
5143 11
5144 4
5145 1
5146 1
5147 1
5148 44
5149 2
5150 2
5151 22
5152 5
5153 1
5154 15
5155 12
5156 10
5157 3
5158 2
5159 1
5160 1
5161 271
5162 19
5163 6
5164 1
5165 23
5166 4
5167 2
5168 29
5169 1
5170 1
5171 1
5172 1
5173 70
5174 3
5175 25
5176 2
5177 2
5178 1
5179 272
5180 9
5181 8
5182 1
5183 1
5184 16
5185 5
5186 2
5187 4
5188 3
5189 3
5190 3
5191 1
5192 27
5193 7
5194 21
5195 2
5196 1
5197 1
5198 1
5199 273
5200 151
5201 1
5202 6
5203 3
5204 2
5205 2
5206 2
5207 85
5208 1
5209 1
5210 54
5211 4
5212 62
5213 2
5214 1
5215 274
5216 5
5217 3
5218 1
5219 1
5220 1
5221 1
5222 1
5223 107
5224 2
5225 152
5226 1
5227 14
5228 13
5229 4
5230 4
5231 2
5232 2
5233 1
5234 1
5235 71
5236 3
5237 153
5238 1
5239 11
5240 8
5241 2
5242 7
5243 6
5244 1
5245 1
5246 1
5247 18
5248 10
5249 17
5250 3
5251 2
5252 1
5253 9
5254 5
5255 4
5256 86
5257 1
5258 1
5259 45
5260 2
5261 2
5262 154
5263 1
5264 20
5265 3
5266 3
5267 12
5268 2
5269 1
5270 1
5271 1
5272 1
5273 275
5274 31
5275 4
5276 1
5277 108
5278 2
5279 24
5280 3
5281 1
5282 1
5283 33
5284 6
5285 5
5286 2
5287 2
5288 2
5289 2
5290 1
5291 276
5292 48
5293 1
5294 1
5295 1
5296 7
5297 4
5298 3
5299 2
5300 15
5301 8
5302 1
5303 277
5304 35
5305 2
5306 1
5307 1
5308 278
5309 41
5310 3
5311 1
5312 46
5313 2
5314 2
5315 4
5316 1
5317 1
5318 1
5319 1
5320 1
5321 1
5322 1
5323 1
5324 38
5325 5
5326 9
5327 6
5328 2
5329 1
5330 72
5331 3
5332 87
5333 1
5334 1
5335 109
5336 2
5337 11
5338 10
5339 1
5340 55
5341 4
5342 3
5343 3
5344 2
5345 2
5346 1
5347 1
5348 1
5349 279
5350 16
5351 7
5352 1
5353 110
5354 2
5355 13
5356 5
5357 1
5358 1
5359 8
5360 8
5361 3
5362 14
5363 4
5364 2
5365 1
5366 34
5367 6
5368 30
5369 1
5370 1
5371 1
5372 1
5373 19
5374 2
5375 2
5376 2
5377 42
5378 3
5379 1
5380 280
5381 36
5382 2
5383 1
5384 1
5385 12
5386 4
5387 4
5388 155
5389 1
5390 5
5391 5
5392 3
5393 2
5394 49
5395 1
5396 1
5397 1
5398 22
5399 9
5400 26
5401 2
5402 2
5403 1
5404 28
5405 7
5406 6
5407 4
5408 3
5409 1
5410 1
5411 111
5412 2
5413 156
5414 1
5415 281
5416 8
5417 2
5418 1
5419 1
5420 1
5421 1
5422 1
5423 21
5424 3
5425 3
5426 23
5427 5
5428 1
5429 10
5430 4
5431 2
5432 2
5433 88
5434 1
5435 1
5436 17
5437 11
5438 18
5439 3
5440 2
5441 1
5442 282
5443 50
5444 1
5445 1
5446 1
5447 15
5448 6
5449 2
5450 32
5451 4
5452 1
5453 73
5454 3
5455 7
5456 2
5457 2
5458 2
5459 1
5460 1
5461 39
5462 5
5463 157
5464 1
5465 112
5466 2
5467 9
5468 3
5469 1
5470 1
5471 1
5472 1
5473 56
5474 4
5475 63
5476 2
5477 1
5478 25
5479 8
5480 89
5481 1
5482 1
5483 13
5484 3
5485 2
5486 2
5487 20
5488 6
5489 1
5490 283
5491 5
5492 4
5493 2
5494 1
5495 1
5496 1
5497 14
5498 14
5499 12
5500 3
5501 3
5502 1
5503 113
5504 2
5505 90
5506 1
5507 1
5508 29
5509 7
5510 27
5511 2
5512 2
5513 1
5514 16
5515 4
5516 3
5517 10
5518 1
5519 1
5520 1
5521 1
5522 1
5523 1
5524 114
5525 2
5526 158
5527 1
5528 6
5529 6
5530 5
5531 11
5532 3
5533 2
5534 1
5535 1
5536 284
5537 8
5538 4
5539 4
5540 1
5541 9
5542 2
5543 2
5544 2
5545 2
5546 51
5547 1
5548 1
5549 1
5550 74
5551 3
5552 64
5553 2
5554 1
5555 285
5556 91
5557 1
5558 1
5559 24
5560 4
5561 2
5562 7
5563 5
5564 3
5565 1
5566 286
5567 6
5568 2
5569 2
5570 1
5571 1
5572 1
5573 1
5574 287
5575 159
5576 1
5577 3
5578 3
5579 3
5580 3
5581 2
5582 19
5583 4
5584 1
5585 1
5586 288
5587 65
5588 2
5589 1
5590 289
5591 15
5592 3
5593 1
5594 1
5595 1
5596 8
5597 5
5598 2
5599 2
5600 160
5601 1
5602 57
5603 4
5604 37
5605 2
5606 1
5607 1
5608 10
5609 6
5610 3
5611 13
5612 9
5613 1
5614 12
5615 7
5616 2
5617 17
5618 1
5619 1
5620 1
5621 1
5622 1
5623 290
5624 4
5625 3
5626 2
5627 2
5628 2
5629 1
5630 18
5631 11
5632 14
5633 5
5634 1
5635 1
5636 115
5637 2
5638 161
5639 1
5640 75
5641 3
5642 22
5643 2
5644 1
5645 1
5646 1
5647 58
5648 4
5649 21
5650 6
5651 1
5652 47
5653 2
5654 2
5655 8
5656 3
5657 3
5658 1
5659 1
5660 291
5661 66
5662 2
5663 1
5664 40
5665 5
5666 7
5667 4
5668 1
5669 1
5670 1
5671 1
5672 31
5673 3
5674 2
5675 162
5676 1
5677 292
5678 16
5679 2
5680 2
5681 1
5682 1
5683 23
5684 9
5685 43
5686 3
5687 1
5688 6
5689 4
5690 4
5691 2
5692 52
5693 1
5694 1
5695 1
5696 293
5697 10
5698 5
5699 2
5700 1
5701 76
5702 3
5703 92
5704 1
5705 1
5706 20
5707 2
5708 2
5709 2
5710 33
5711 4
5712 1
5713 26
5714 8
5715 3
5716 2
5717 1
5718 1
5719 1
5720 1
5721 1
5722 1
5723 1
5724 30
5725 7
5726 11
5727 11
5728 1
5729 116
5730 2
5731 12
5732 6
5733 1
5734 1
5735 5
5736 4
5737 3
5738 3
5739 28
5740 2
5741 2
5742 1
5743 15
5744 13
5745 53
5746 1
5747 1
5748 1
5749 117
5750 2
5751 44
5752 3
5753 1
5754 294
5755 9
5756 4
5757 2
5758 1
5759 1
5760 295
5761 163
5762 1
5763 14
5764 3
5765 2
5766 2
5767 5
5768 5
5769 1
5770 1
5771 1
5772 1
5773 35
5774 6
5775 8
5776 7
5777 2
5778 1
5779 59
5780 4
5781 25
5782 3
5783 1
5784 1
5785 118
5786 2
5787 164
5788 1
5789 19
5790 10
5791 2
5792 2
5793 2
5794 2
5795 2
5796 1
5797 1
5798 1
5799 77
5800 3
5801 34
5802 4
5803 1
5804 17
5805 5
5806 2
5807 93
5808 1
5809 1
5810 296
5811 6
5812 3
5813 3
5814 2
5815 1
5816 297
5817 18
5818 1
5819 1
5820 1
5821 1
5822 1
5823 11
5824 4
5825 2
5826 2
5827 165
5828 1
5829 9
5830 7
5831 3
5832 38
5833 2
5834 1
5835 1
5836 27
5837 8
5838 24
5839 5
5840 1
5841 119
5842 2
5843 4
5844 4
5845 3
5846 1
5847 1
5848 1
5849 16
5850 12
5851 29
5852 2
5853 2
5854 1
5855 36
5856 6
5857 94
5858 1
5859 1
5860 32
5861 3
5862 2
5863 166
5864 1
5865 60
5866 4
5867 13
5868 2
5869 1
5870 1
5871 1
5872 1
5873 41
5874 5
5875 45
5876 3
5877 1
5878 21
5879 2
5880 2
5881 2
5882 10
5883 7
5884 1
5885 1
5886 298
5887 15
5888 4
5889 2
5890 1
5891 22
5892 3
5893 3
5894 8
5895 6
5896 1
5897 1
5898 1
5899 120
5900 2
5901 14
5902 9
5903 1
5904 299
5905 5
5906 3
5907 2
5908 2
5909 1
5910 1
5911 61
5912 4
5913 167
5914 1
5915 121
5916 2
5917 11
5918 1
5919 1
5920 1
5921 1
5922 1
5923 1
5924 78
5925 3
5926 67
5927 2
5928 1
5929 300
5930 20
5931 4
5932 1
5933 1
5934 7
5935 6
5936 2
5937 2
5938 46
5939 3
5940 1
5941 42
5942 5
5943 23
5944 2
5945 1
5946 1
5947 1
5948 301
5949 168
5950 1
5951 8
5952 4
5953 3
5954 2
5955 95
5956 1
5957 1
5958 302
5959 12
5960 2
5961 2
5962 2
5963 1
5964 303
5965 3
5966 3
5967 3
5968 1
5969 1
5970 1
5971 1
5972 10
5973 9
5974 2
5975 6
5976 5
5977 4
5978 1
5979 304
5980 39
5981 2
5982 1
5983 1
5984 79
5985 3
5986 17
5987 7
5988 1
5989 48
5990 2
5991 2
5992 54
5993 1
5994 1
5995 1
5996 13
5997 4
5998 4
5999 19
6000 3
6001 2
6002 1
6003 305
6004 96
6005 1
6006 1
6007 18
6008 5
6009 2
6010 16
6011 8
6012 1
6013 11
6014 6
6015 3
6016 4
6017 2
6018 2
6019 1
6020 1
6021 1
6022 1
6023 1
6024 306
6025 169
6026 1
6027 122
6028 2
6029 26
6030 3
6031 1
6032 1
6033 15
6034 14
6035 68
6036 2
6037 1
6038 7
6039 7
6040 4
6041 9
6042 5
6043 1
6044 1
6045 1
6046 3
6047 3
6048 2
6049 2
6050 2
6051 2
6052 170
6053 1
6054 307
6055 6
6056 6
6057 2
6058 1
6059 1
6060 308
6061 10
6062 4
6063 3
6064 1
6065 123
6066 2
6067 31
6068 1
6069 1
6070 1
6071 1
6072 28
6073 8
6074 30
6075 2
6076 2
6077 1
6078 12
6079 5
6080 3
6081 97
6082 1
6083 1
6084 25
6085 4
6086 2
6087 171
6088 1
6089 309
6090 7
6091 3
6092 2
6093 1
6094 1
6095 1
6096 37
6097 6
6098 172
6099 1
6100 49
6101 2
6102 2
6103 21
6104 4
6105 1
6106 1
6107 80
6108 3
6109 11
6110 5
6111 2
6112 1
6113 24
6114 9
6115 1
6116 1
6117 1
6118 1
6119 1
6120 1
6121 1
6122 1
6123 1
6124 1
6125 1
6126 124
6127 2
6128 13
6129 3
6130 3
6131 1
6132 62
6133 4
6134 8
6135 2
6136 2
6137 2
6138 1
6139 1
6140 310
6141 22
6142 6
6143 1
6144 33
6145 3
6146 2
6147 55
6148 1
6149 1
6150 1
6151 7
6152 5
6153 5
6154 4
6155 4
6156 4
6157 2
6158 1
6159 20
6160 10
6161 27
6162 3
6163 1
6164 1
6165 50
6166 2
6167 2
6168 173
6169 1
6170 311
6171 14
6172 2
6173 1
6174 1
6175 1
6176 1
6177 17
6178 4
6179 3
6180 174
6181 1
6182 16
6183 6
6184 2
6185 15
6186 5
6187 1
6188 1
6189 312
6190 9
6191 3
6192 2
6193 2
6194 1
6195 29
6196 8
6197 12
6198 4
6199 1
6200 1
6201 1
6202 125
6203 2
6204 18
6205 7
6206 1
6207 23
6208 3
6209 3
6210 40
6211 2
6212 1
6213 1
6214 19
6215 11
6216 175
6217 1
6218 5
6219 4
6220 2
6221 2
6222 2
6223 6
6224 3
6225 1
6226 1
6227 1
6228 1
6229 1
6230 313
6231 69
6232 2
6233 1
6234 314
6235 98
6236 1
6237 1
6238 34
6239 3
6240 2
6241 35
6242 4
6243 1
6244 315
6245 10
6246 2
6247 2
6248 1
6249 1
6250 1
6251 316
6252 8
6253 5
6254 3
6255 1
6256 13
6257 7
6258 2
6259 99
6260 1
6261 1
6262 9
6263 6
6264 4
6265 70
6266 2
6267 1
6268 81
6269 3
6270 32
6271 1
6272 1
6273 1
6274 1
6275 51
6276 2
6277 2
6278 176
6279 1
6280 317
6281 4
6282 3
6283 3
6284 2
6285 1
6286 1
6287 43
6288 5
6289 177
6290 1
6291 126
6292 2
6293 56
6294 1
6295 1
6296 1
6297 82
6298 3
6299 6
6300 2
6301 2
6302 2
6303 2
6304 1
6305 14
6306 4
6307 4
6308 11
6309 7
6310 1
6311 1
6312 12
6313 8
6314 2
6315 47
6316 3
6317 1
6318 318
6319 5
6320 2
6321 1
6322 1
6323 1
6324 1
6325 1
6326 1
6327 319
6328 36
6329 4
6330 1
6331 15
6332 3
6333 2
6334 2
6335 9
6336 9
6337 1
6338 1
6339 21
6340 10
6341 71
6342 2
6343 1
6344 38
6345 6
6346 16
6347 3
6348 1
6349 1
6350 1
6351 26
6352 4
6353 2
6354 178
6355 1
6356 44
6357 5
6358 17
6359 2
6360 2
6361 1
6362 1
6363 7
6364 3
6365 3
6366 3
6367 179
6368 1
6369 127
6370 2
6371 8
6372 4
6373 1
6374 1
6375 1
6376 1
6377 320
6378 20
6379 3
6380 2
6381 1
6382 321
6383 13
6384 6
6385 1
6386 1
6387 22
6388 2
6389 2
6390 2
6391 25
6392 5
6393 1
6394 18
6395 4
6396 3
6397 24
6398 2
6399 1
6400 1
6401 1
6402 322
6403 180
6404 1
6405 11
6406 9
6407 2
6408 28
6409 3
6410 1
6411 1
6412 323
6413 7
6414 4
6415 2
6416 2
6417 1
6418 324
6419 19
6420 1
6421 1
6422 1
6423 1
6424 1
6425 6
6426 5
6427 3
6428 2
6429 12
6430 10
6431 1
6432 30
6433 8
6434 41
6435 2
6436 1
6437 1
6438 63
6439 4
6440 14
6441 3
6442 3
6443 1
6444 52
6445 2
6446 2
6447 57
6448 1
6449 1
6450 1
6451 325
6452 72
6453 2
6454 1
6455 83
6456 3
6457 5
6458 4
6459 4
6460 1
6461 1
6462 128
6463 2
6464 23
6465 6
6466 1
6467 31
6468 7
6469 3
6470 2
6471 2
6472 2
6473 1
6474 1
6475 1
6476 1
6477 326
6478 15
6479 9
6480 1
6481 27
6482 4
6483 2
6484 100
6485 1
6486 1
6487 84
6488 3
6489 8
6490 8
6491 2
6492 1
6493 45
6494 5
6495 58
6496 1
6497 1
6498 1
6499 53
6500 2
6501 2
6502 11
6503 4
6504 3
6505 1
6506 39
6507 6
6508 42
6509 2
6510 1
6511 1
6512 16
6513 13
6514 181
6515 1
6516 10
6517 3
6518 3
6519 2
6520 7
6521 1
6522 1
6523 1
6524 1
6525 1
6526 1
6527 1
6528 64
6529 4
6530 5
6531 5
6532 2
6533 2
6534 1
6535 327
6536 29
6537 3
6538 1
6539 1
6540 129
6541 2
6542 182
6543 1
6544 17
6545 12
6546 6
6547 4
6548 2
6549 1
6550 1
6551 1
6552 9
6553 8
6554 3
6555 183
6556 1
6557 2
6558 2
6559 2
6560 2
6561 2
6562 2
6563 2
6564 101
6565 1
6566 1
6567 46
6568 5
6569 21
6570 3
6571 2
6572 1
6573 65
6574 4
6575 33
6576 1
6577 1
6578 1
6579 1
6580 14
6581 7
6582 2
6583 184
6584 1
6585 85
6586 3
6587 18
6588 2
6589 2
6590 1
6591 1
6592 6
6593 6
6594 6
6595 37
6596 4
6597 1
6598 130
6599 2
6600 5
6601 3
6602 3
6603 1
6604 1
6605 1
6606 20
6607 11
6608 73
6609 2
6610 1
6611 328
6612 10
6613 8
6614 1
6615 1
6616 4
6617 4
6618 3
6619 2
6620 2
6621 185
6622 1
6623 329
6624 9
6625 2
6626 1
6627 1
6628 1
6629 1
6630 1
6631 15
6632 15
6633 7
6634 6
6635 3
6636 1
6637 19
6638 5
6639 2
6640 22
6641 4
6642 1
6643 1
6644 330
6645 13
6646 2
6647 2
6648 2
6649 1
6650 86
6651 3
6652 59
6653 1
6654 1
6655 1
6656 131
6657 2
6658 186
6659 1
6660 66
6661 4
6662 12
6663 3
6664 2
6665 1
6666 1
6667 331
6668 26
6669 5
6670 1
6671 8
6672 6
6673 2
6674 2
6675 34
6676 1
6677 1
6678 1
6679 1
6680 24
6681 3
6682 3
6683 16
6684 4
6685 2
6686 1
6687 32
6688 7
6689 102
6690 1
6691 1
6692 132
6693 2
6694 48
6695 3
6696 1
6697 25
6698 9
6699 11
6700 2
6701 2
6702 1
6703 1
6704 1
6705 10
6706 5
6707 4
6708 187
6709 1
6710 35
6711 3
6712 2
6713 14
6714 6
6715 1
6716 1
6717 332
6718 74
6719 2
6720 1
6721 333
6722 4
6723 3
6724 1
6725 1
6726 1
6727 1
6728 1
6729 1
6730 23
6731 2
6732 2
6733 2
6734 17
6735 8
6736 1
6737 334
6738 7
6739 5
6740 2
6741 1
6742 1
6743 87
6744 3
6745 188
6746 1
6747 28
6748 4
6749 2
6750 60
6751 1
6752 1
6753 1
6754 40
6755 6
6756 3
6757 3
6758 3
6759 2
6760 2
6761 1
6762 335
6763 103
6764 1
6765 1
6766 133
6767 2
6768 9
6769 4
6770 4
6771 1
6772 13
6773 5
6774 3
6775 15
6776 2
6777 1
6778 1
6779 1
6780 1
6781 18
6782 12
6783 189
6784 1
6785 54
6786 2
6787 2
6788 30
6789 3
6790 1
6791 1
6792 8
6793 7
6794 4
6795 10
6796 6
6797 2
6798 1
6799 21
6800 11
6801 61
6802 1
6803 1
6804 1
6805 36
6806 3
6807 2
6808 27
6809 5
6810 1
6811 336
6812 4
6813 2
6814 2
6815 2
6816 2
6817 1
6818 1
6819 337
6820 49
6821 3
6822 1
6823 134
6824 2
6825 20
6826 1
6827 1
6828 1
6829 1
6830 1
6831 338
6832 75
6833 2
6834 1
6835 6
6836 4
6837 3
6838 3
6839 104
6840 1
6841 1
6842 9
6843 5
6844 2
6845 2
6846 19
6847 7
6848 1
6849 16
6850 14
6851 8
6852 3
6853 2
6854 1
6855 1
6856 1
6857 339
6858 38
6859 4
6860 1
6861 135
6862 2
6863 105
6864 1
6865 1
6866 88
6867 3
6868 31
6869 2
6870 2
6871 1
6872 340
6873 6
6874 5
6875 1
6876 1
6877 1
6878 1
6879 29
6880 4
6881 2
6882 50
6883 3
6884 1
6885 22
6886 10
6887 43
6888 2
6889 1
6890 1
6891 341
6892 12
6893 11
6894 1
6895 7
6896 3
6897 2
6898 2
6899 2
6900 13
6901 4
6902 1
6903 1
6904 1
6905 342
6906 76
6907 2
6908 1
6909 8
6910 5
6911 5
6912 9
6913 3
6914 3
6915 1
6916 1
6917 17
6918 6
6919 2
6920 190
6921 1
6922 15
6923 4
6924 4
6925 2
6926 2
6927 1
6928 1
6929 1
6930 1
6931 1
6932 1
6933 1
6934 1
6935 89
6936 3
6937 191
6938 1
6939 136
6940 2
6941 106
6942 1
6943 1
6944 343
6945 5
6946 4
6947 3
6948 2
6949 1
6950 344
6951 7
6952 7
6953 1
6954 1
6955 1
6956 55
6957 2
6958 2
6959 24
6960 6
6961 1
6962 90
6963 3
6964 44
6965 2
6966 1
6967 1
6968 67
6969 4
6970 18
6971 8
6972 1
6973 137
6974 2
6975 10
6976 3
6977 1
6978 1
6979 1
6980 1
6981 47
6982 5
6983 14
6984 2
6985 2
6986 2
6987 1
6988 26
6989 9
6990 23
6991 4
6992 1
6993 1
6994 11
6995 3
6996 3
6997 2
6998 192
6999 1
7000 41
7001 6
7002 25
7003 2
7004 1
7005 1
7006 1
7007 33
7008 7
7009 51
7010 3
7011 1
7012 12
7013 4
7014 2
7015 2
7016 16
7017 5
7018 1
7019 1
7020 345
7021 77
7022 2
7023 1
7024 91
7025 3
7026 21
7027 1
7028 1
7029 1
7030 1
7031 1
7032 13
7033 8
7034 2
7035 39
7036 4
7037 1
7038 346
7039 6
7040 3
7041 2
7042 2
7043 1
7044 1
7045 347
7046 193
7047 1
7048 20
7049 5
7050 2
7051 62
7052 1
7053 1
7054 1
7055 19
7056 4
7057 3
7058 9
7059 7
7060 2
7061 1
7062 348
7063 107
7064 1
7065 1
7066 10
7067 2
7068 2
7069 2
7070 2
7071 15
7072 3
7073 3
7074 1
7075 349
7076 4
7077 4
7078 2
7079 1
7080 1
7081 1
7082 1
7083 42
7084 6
7085 28
7086 5
7087 1
7088 37
7089 3
7090 2
7091 11
7092 8
7093 1
7094 1
7095 350
7096 32
7097 2
7098 2
7099 1
7100 68
7101 4
7102 17
7103 3
7104 1
7105 1
7106 1
7107 138
7108 2
7109 194
7110 1
7111 34
7112 7
7113 45
7114 2
7115 1
7116 1
7117 14
7118 5
7119 3
7120 6
7121 6
7122 4
7123 1
7124 56
7125 2
7126 2
7127 12
7128 1
7129 1
7130 1
7131 1
7132 1
7133 1
7134 27
7135 9
7136 22
7137 3
7138 2
7139 1
7140 351
7141 108
7142 1
7143 1
7144 30
7145 4
7146 2
7147 195
7148 1
7149 8
7150 3
7151 3
7152 3
7153 5
7154 2
7155 2
7156 2
7157 1
7158 1
7159 1
7160 352
7161 13
7162 10
7163 1
7164 18
7165 6
7166 2
7167 7
7168 4
7169 3
7170 1
7171 1
7172 353
7173 78
7174 2
7175 1
7176 354
7177 35
7178 1
7179 1
7180 1
7181 1
7182 16
7183 3
7184 2
7185 2
7186 196
7187 1
7188 11
7189 5
7190 4
7191 46
7192 2
7193 1
7194 1
7195 355
7196 52
7197 3
7198 1
7199 139
7200 2
7201 9
7202 6
7203 1
7204 1
7205 1
7206 356
7207 8
7208 4
7209 2
7210 2
7211 1
7212 92
7213 3
7214 109
7215 1
7216 1
7217 15
7218 7
7219 2
7220 29
7221 5
7222 1
7223 357
7224 3
7225 3
7226 2
7227 1
7228 1
7229 1
7230 1
7231 1
7232 4
7233 4
7234 4
7235 4
7236 197
7237 1
7238 24
7239 2
7240 2
7241 2
7242 110
7243 1
7244 1
7245 12
7246 6
7247 3
7248 79
7249 2
7250 1
7251 23
7252 10
7253 14
7254 4
7255 1
7256 1
7257 1
7258 21
7259 5
7260 2
7261 53
7262 3
7263 1
7264 358
7265 19
7266 2
7267 2
7268 1
7269 1
7270 31
7271 8
7272 20
7273 7
7274 1
7275 9
7276 4
7277 3
7278 2
7279 36
7280 1
7281 1
7282 1
7283 1
7284 359
7285 11
7286 6
7287 2
7288 1
7289 17
7290 13
7291 5
7292 5
7293 3
7294 1
7295 1
7296 57
7297 2
7298 2
7299 40
7300 4
7301 1
7302 360
7303 26
7304 2
7305 1
7306 1
7307 1
7308 25
7309 3
7310 3
7311 198
7312 1
7313 140
7314 2
7315 111
7316 1
7317 1
7318 69
7319 4
7320 3
7321 2
7322 2
7323 2
7324 2
7325 2
7326 1
7327 7
7328 6
7329 5
7330 8
7331 1
7332 1
7333 1
7334 1
7335 1
7336 1
7337 1
7338 141
7339 2
7340 199
7341 1
7342 93
7343 3
7344 10
7345 4
7346 2
7347 1
7348 1
7349 361
7350 16
7351 9
7352 1
7353 58
7354 2
7355 2
7356 18
7357 3
7358 1
7359 1
7360 1
7361 362
7362 12
7363 5
7364 2
7365 1
7366 70
7367 4
7368 15
7369 6
7370 1
7371 1
7372 38
7373 3
7374 2
7375 200
7376 1
7377 363
7378 7
7379 2
7380 2
7381 1
7382 1
7383 1
7384 1
7385 22
7386 11
7387 4
7388 4
7389 3
7390 3
7391 1
7392 14
7393 8
7394 2
7395 112
7396 1
7397 1
7398 48
7399 5
7400 80
7401 2
7402 1
7403 94
7404 3
7405 63
7406 1
7407 1
7408 1
7409 6
7410 4
7411 2
7412 2
7413 2
7414 201
7415 1
7416 364
7417 13
7418 3
7419 2
7420 1
7421 1
7422 28
7423 9
7424 202
7425 1
7426 142
7427 2
7428 5
7429 4
7430 1
7431 1
7432 1
7433 1
7434 1
7435 10
7436 7
7437 3
7438 33
7439 2
7440 2
7441 1
7442 365
7443 113
7444 1
7445 1
7446 143
7447 2
7448 8
7449 6
7450 3
7451 1
7452 71
7453 4
7454 27
7455 2
7456 1
7457 1
7458 1
7459 366
7460 203
7461 1
7462 5
7463 3
7464 3
7465 2
7466 2
7467 114
7468 1
7469 1
7470 367
7471 17
7472 4
7473 2
7474 1
7475 19
7476 12
7477 11
7478 3
7479 1
7480 1
7481 1
7482 1
7483 144
7484 2
7485 21
7486 7
7487 1
7488 43
7489 6
7490 9
7491 2
7492 2
7493 2
7494 1
7495 1
7496 20
7497 4
7498 3
7499 30
7500 5
7501 1
7502 145
7503 2
7504 64
7505 1
7506 1
7507 1
7508 32
7509 8
7510 23
7511 3
7512 2
7513 1
7514 16
7515 15
7516 24
7517 4
7518 1
7519 1
7520 59
7521 2
7522 2
7523 14
7524 10
7525 1
7526 95
7527 3
7528 6
7529 2
7530 1
7531 1
7532 1
7533 1
7534 1
7535 1
7536 49
7537 5
7538 204
7539 1
7540 7
7541 4
7542 4
7543 2
7544 3
7545 3
7546 3
7547 3
7548 1
7549 1
7550 18
7551 13
7552 34
7553 2
7554 2
7555 1
7556 368
7557 65
7558 1
7559 1
7560 1
7561 39
7562 3
7563 2
7564 41
7565 4
7566 1
7567 29
7568 9
7569 8
7570 5
7571 2
7572 1
7573 1
7574 44
7575 6
7576 54
7577 3
7578 1
7579 11
7580 2
7581 2
7582 2
7583 2
7584 37
7585 1
7586 1
7587 1
7588 1
7589 72
7590 4
7591 81
7592 2
7593 1
7594 96
7595 3
7596 12
7597 7
7598 1
7599 1
7600 146
7601 2
7602 205
7603 1
7604 50
7605 5
7606 4
7607 3
7608 2
7609 2
7610 1
7611 1
7612 1
7613 369
7614 25
7615 6
7616 1
7617 10
7618 10
7619 2
7620 115
7621 1
7622 1
7623 26
7624 3
7625 3
7626 82
7627 2
7628 1
7629 8
7630 8
7631 4
7632 22
7633 1
7634 1
7635 1
7636 1
7637 1
7638 60
7639 2
7640 2
7641 9
7642 5
7643 3
7644 1
7645 370
7646 47
7647 2
7648 1
7649 1
7650 35
7651 7
7652 42
7653 4
7654 1
7655 6
7656 6
7657 3
7658 2
7659 66
7660 1
7661 1
7662 1
7663 17
7664 14
7665 15
7666 2
7667 2
7668 2
7669 1
7670 371
7671 31
7672 3
7673 1
7674 1
7675 5
7676 5
7677 4
7678 2
7679 13
7680 11
7681 1
7682 372
7683 16
7684 2
7685 1
7686 1
7687 1
7688 1
7689 97
7690 3
7691 19
7692 8
7693 1
7694 61
7695 2
7696 2
7697 6
7698 4
7699 4
7700 1
7701 1
7702 373
7703 7
7704 3
7705 3
7706 2
7707 1
7708 374
7709 10
7710 5
7711 1
7712 1
7713 1
7714 12
7715 9
7716 2
7717 206
7718 1
7719 21
7720 4
7721 3
7722 20
7723 2
7724 2
7725 1
7726 1
7727 375
7728 207
7729 1
7730 147
7731 2
7732 3
7733 1
7734 1
7735 1
7736 1
7737 1
7738 1
7739 1
7740 1
7741 1
7742 45
7743 6
7744 18
7745 4
7746 2
7747 1
7748 51
7749 5
7750 116
7751 1
7752 1
7753 8
7754 3
7755 2
7756 2
7757 2
7758 208
7759 1
7760 36
7761 7
7762 28
7763 2
7764 1
7765 1
7766 1
7767 73
7768 4
7769 55
7770 3
7771 1
7772 148
7773 2
7774 117
7775 1
7776 1
7777 23
7778 11
7779 6
7780 5
7781 2
7782 2
7783 1
7784 27
7785 3
7786 3
7787 9
7788 4
7789 1
7790 1
7791 1
7792 1
7793 149
7794 2
7795 209
7796 1
7797 376
7798 14
7799 3
7800 2
7801 1
7802 1
7803 24
7804 10
7805 210
7806 1
7807 13
7808 4
7809 2
7810 2
7811 8
7812 7
7813 1
7814 1
7815 1
7816 15
7817 5
7818 3
7819 83
7820 2
7821 1
7822 46
7823 6
7824 118
7825 1
7826 1
7827 150
7828 2
7829 12
7830 4
7831 3
7832 1
7833 377
7834 2
7835 2
7836 2
7837 2
7838 1
7839 1
7840 1
7841 1
7842 1
7843 378
7844 211
7845 1
7846 40
7847 3
7848 2
7849 17
7850 5
7851 1
7852 1
7853 16
7854 4
7855 4
7856 84
7857 2
7858 1
7859 30
7860 9
7861 6
7862 3
7863 3
7864 1
7865 1
7866 1
7867 7
7868 7
7869 2
7870 2
7871 212
7872 1
7873 33
7874 8
7875 11
7876 4
7877 2
7878 1
7879 1
7880 98
7881 3
7882 213
7883 1
7884 22
7885 5
7886 2
7887 38
7888 1
7889 1
7890 1
7891 1
7892 379
7893 10
7894 3
7895 2
7896 2
7897 1
7898 74
7899 4
7900 119
7901 1
7902 1
7903 19
7904 6
7905 2
7906 214
7907 1
7908 99
7909 3
7910 29
7911 2
7912 1
7913 1
7914 1
7915 380
7916 7
7917 5
7918 4
7919 1
7920 25
7921 2
7922 2
7923 2
7924 32
7925 3
7926 1
7927 1
7928 381
7929 9
7930 8
7931 2
7932 1
7933 18
7934 14
7935 13
7936 1
7937 1
7938 1
7939 1
7940 1
7941 1
7942 4
7943 3
7944 3
7945 3
7946 2
7947 26
7948 6
7949 1
7950 20
7951 12
7952 21
7953 2
7954 2
7955 1
7956 1
7957 52
7958 5
7959 56
7960 3
7961 1
7962 151
7963 2
7964 15
7965 4
7966 1
7967 1
7968 1
7969 382
7970 85
7971 2
7972 1
7973 11
7974 7
7975 3
7976 120
7977 1
7978 1
7979 62
7980 2
7981 2
7982 215
7983 1
7984 10
7985 6
7986 4
7987 5
7988 3
7989 2
7990 1
7991 1
7992 1
7993 1
7994 34
7995 8
7996 216
7997 1
7998 152
7999 2
8000 121
8001 1
8002 1
8003 9
8004 9
8005 3
8006 4
8007 4
8008 2
8009 2
8010 2
8011 1
8012 383
8013 67
8014 1
8015 1
8016 1
8017 153
8018 2
8019 16
8020 3
8021 3
8022 1
8023 53
8024 5
8025 7
8026 6
8027 2
8028 1
8029 1
8030 75
8031 4
8032 217
8033 1
8034 17
8035 3
8036 2
8037 2
8038 23
8039 1
8040 1
8041 1
8042 1
8043 1
8044 384
8045 86
8046 2
8047 1
8048 385
8049 8
8050 4
8051 3
8052 1
8053 1
8054 154
8055 2
8056 5
8057 5
8058 5
8059 1
8060 386
8061 12
8062 2
8063 2
8064 1
8065 1
8066 1
8067 13
8068 6
8069 3
8070 14
8071 11
8072 1
8073 31
8074 4
8075 2
8076 10
8077 9
8078 1
8079 1
8080 37
8081 7
8082 24
8083 3
8084 2
8085 1
8086 387
8087 39
8088 1
8089 1
8090 1
8091 1
8092 5
8093 2
8094 2
8095 2
8096 2
8097 2
8098 43
8099 4
8100 1
8101 28
8102 3
8103 3
8104 48
8105 2
8106 1
8107 1
8108 388
8109 27
8110 6
8111 1
8112 15
8113 8
8114 2
8115 19
8116 3
8117 1
8118 1
8119 1
8120 76
8121 4
8122 35
8123 2
8124 2
8125 1
8126 389
8127 18
8128 5
8129 1
8130 1
8131 41
8132 3
8133 2
8134 22
8135 7
8136 1
8137 390
8138 4
8139 2
8140 1
8141 1
8142 1
8143 1
8144 1
8145 1
8146 1
8147 391
8148 57
8149 3
8150 1
8151 9
8152 6
8153 2
8154 2
8155 122
8156 1
8157 1
8158 392
8159 87
8160 2
8161 1
8162 5
8163 4
8164 4
8165 3
8166 68
8167 1
8168 1
8169 1
8170 11
8171 10
8172 2
8173 20
8174 8
8175 1
8176 393
8177 3
8178 3
8179 2
8180 2
8181 2
8182 1
8183 1
8184 21
8185 12
8186 44
8187 4
8188 1
8189 16
8190 7
8191 2
8192 6
8193 6
8194 1
8195 1
8196 1
8197 1
8198 100
8199 3
8200 13
8201 5
8202 2
8203 1
8204 394
8205 123
8206 1
8207 1
8208 14
8209 4
8210 2
8211 2
8212 58
8213 3
8214 1
8215 395
8216 30
8217 2
8218 1
8219 1
8220 1
8221 396
8222 17
8223 9
8224 1
8225 42
8226 3
8227 2
8228 25
8229 4
8230 1
8231 1
8232 8
8233 6
8234 5
8235 36
8236 2
8237 2
8238 1
8239 397
8240 7
8241 3
8242 1
8243 1
8244 1
8245 1
8246 1
8247 155
8248 2
8249 218
8250 1
8251 77
8252 4
8253 49
8254 2
8255 1
8256 1
8257 29
8258 3
8259 3
8260 15
8261 10
8262 1
8263 26
8264 2
8265 2
8266 2
8267 11
8268 5
8269 1
8270 1
8271 1
8272 398
8273 6
8274 4
8275 3
8276 2
8277 1
8278 399
8279 124
8280 1
8281 1
8282 156
8283 2
8284 219
8285 1
8286 101
8287 3
8288 8
8289 2
8290 2
8291 1
8292 1
8293 1
8294 1
8295 9
8296 7
8297 4
8298 12
8299 12
8300 1
8301 23
8302 5
8303 2
8304 33
8305 3
8306 1
8307 1
8308 400
8309 88
8310 2
8311 1
8312 47
8313 6
8314 4
8315 4
8316 4
8317 1
8318 1
8319 1
8320 18
8321 3
8322 2
8323 2
8324 220
8325 1
8326 19
8327 13
8328 50
8329 2
8330 1
8331 1
8332 401
8333 5
8334 3
8335 3
8336 3
8337 1
8338 32
8339 4
8340 2
8341 14
8342 1
8343 1
8344 1
8345 1
8346 1
8347 1
8348 402
8349 7
8350 2
8351 2
8352 2
8353 2
8354 1
8355 10
8356 8
8357 3
8358 16
8359 6
8360 1
8361 1
8362 157
8363 2
8364 45
8365 4
8366 1
8367 24
8368 11
8369 9
8370 3
8371 2
8372 1
8373 1
8374 1
8375 54
8376 5
8377 221
8378 1
8379 63
8380 2
8381 2
8382 125
8383 1
8384 1
8385 22
8386 4
8387 3
8388 89
8389 2
8390 1
8391 403
8392 40
8393 1
8394 1
8395 1
8396 1
8397 20
8398 6
8399 2
8400 59
8401 3
8402 1
8403 38
8404 7
8405 5
8406 4
8407 2
8408 2
8409 1
8410 1
8411 17
8412 15
8413 21
8414 8
8415 1
8416 12
8417 3
8418 3
8419 2
8420 69
8421 1
8422 1
8423 1
8424 404
8425 90
8426 2
8427 1
8428 78
8429 4
8430 34
8431 3
8432 1
8433 1
8434 27
8435 2
8436 2
8437 2
8438 28
8439 6
8440 1
8441 9
8442 5
8443 5
8444 10
8445 2
8446 1
8447 1
8448 1
8449 1
8450 1
8451 102
8452 3
8453 46
8454 4
8455 1
8456 158
8457 2
8458 13
8459 7
8460 1
8461 1
8462 405
8463 11
8464 3
8465 2
8466 2
8467 1
8468 406
8469 70
8470 1
8471 1
8472 1
8473 8
8474 4
8475 4
8476 2
8477 31
8478 5
8479 1
8480 14
8481 6
8482 3
8483 51
8484 2
8485 1
8486 1
8487 407
8488 222
8489 1
8490 64
8491 2
8492 2
8493 4
8494 3
8495 3
8496 1
8497 1
8498 1
8499 1
8500 408
8501 91
8502 2
8503 1
8504 409
8505 126
8506 1
8507 1
8508 7
8509 5
8510 3
8511 2
8512 18
8513 9
8514 1
8515 79
8516 4
8517 6
8518 2
8519 2
8520 2
8521 1
8522 1
8523 1
8524 16
8525 16
8526 60
8527 3
8528 1
8529 159
8530 2
8531 12
8532 8
8533 1
8534 1
8535 25
8536 10
8537 19
8538 4
8539 2
8540 1
8541 103
8542 3
8543 5
8544 1
8545 1
8546 1
8547 1
8548 1
8549 1
8550 1
8551 1
8552 65
8553 2
8554 2
8555 223
8556 1
8557 410
8558 15
8559 3
8560 2
8561 1
8562 1
8563 11
8564 6
8565 4
8566 23
8567 7
8568 1
8569 160
8570 2
8571 71
8572 1
8573 1
8574 1
8575 30
8576 3
8577 3
8578 37
8579 2
8580 2
8581 1
8582 55
8583 5
8584 26
8585 4
8586 1
8587 1
8588 13
8589 9
8590 2
8591 61
8592 3
8593 1
8594 35
8595 8
8596 17
8597 2
8598 1
8599 1
8600 1
8601 1
8602 411
8603 29
8604 6
8605 1
8606 4
8607 3
8608 2
8609 2
8610 2
8611 2
8612 127
8613 1
8614 1
8615 412
8616 14
8617 5
8618 2
8619 1
8620 39
8621 7
8622 20
8623 3
8624 1
8625 1
8626 1
8627 161
8628 2
8629 10
8630 4
8631 4
8632 1
8633 413
8634 22
8635 2
8636 2
8637 1
8638 1
8639 104
8640 3
8641 224
8642 1
8643 21
8644 6
8645 2
8646 24
8647 1
8648 1
8649 1
8650 1
8651 1
8652 12
8653 5
8654 4
8655 8
8656 3
8657 3
8658 2
8659 1
8660 414
8661 11
8662 9
8663 1
8664 1
8665 66
8666 2
8667 2
8668 225
8669 1
8670 105
8671 3
8672 7
8673 4
8674 2
8675 1
8676 1
8677 1
8678 415
8679 226
8680 1
8681 162
8682 2
8683 6
8684 5
8685 3
8686 1
8687 1
8688 416
8689 16
8690 2
8691 2
8692 2
8693 1
8694 80
8695 4
8696 41
8697 1
8698 1
8699 1
8700 1
8701 43
8702 3
8703 2
8704 227
8705 1
8706 18
8707 15
8708 52
8709 2
8710 1
8711 1
8712 36
8713 8
8714 13
8715 4
8716 3
8717 1
8718 10
8719 5
8720 2
8721 2
8722 72
8723 1
8724 1
8725 1
8726 7
8727 6
8728 6
8729 92
8730 2
8731 1
8732 9
8733 3
8734 3
8735 3
8736 128
8737 1
8738 1
8739 33
8740 4
8741 2
8742 228
8743 1
8744 417
8745 3
8746 2
8747 2
8748 1
8749 1
8750 1
8751 1
8752 1
8753 1
8754 19
8755 14
8756 32
8757 5
8758 1
8759 11
8760 11
8761 2
8762 27
8763 4
8764 1
8765 1
8766 106
8767 3
8768 12
8769 6
8770 2
8771 1
8772 418
8773 8
8774 8
8775 1
8776 1
8777 1
8778 28
8779 2
8780 2
8781 2
8782 7
8783 7
8784 3
8785 1
8786 17
8787 4
8788 4
8789 53
8790 2
8791 1
8792 1
8793 56
8794 5
8795 229
8796 1
8797 44
8798 3
8799 2
8800 42
8801 1
8802 1
8803 1
8804 1
8805 419
8806 9
8807 4
8808 2
8809 2
8810 1
8811 48
8812 6
8813 10
8814 3
8815 3
8816 1
8817 1
8818 163
8819 2
8820 230
8821 1
8822 420
8823 5
8824 5
8825 2
8826 1
8827 1
8828 1
8829 23
8830 4
8831 3
8832 231
8833 1
8834 8
8835 7
8836 2
8837 2
8838 129
8839 1
8840 1
8841 421
8842 25
8843 3
8844 2
8845 1
8846 20
8847 13
8848 6
8849 4
8850 1
8851 1
8852 1
8853 1
8854 1
8855 164
8856 2
8857 15
8858 11
8859 1
8860 16
8861 5
8862 3
8863 2
8864 2
8865 2
8866 2
8867 2
8868 2
8869 1
8870 1
8871 422
8872 232
8873 1
8874 34
8875 4
8876 2
8877 21
8878 3
8879 1
8880 1
8881 1
8882 31
8883 9
8884 93
8885 2
8886 1
8887 22
8888 12
8889 14
8890 7
8891 1
8892 1
8893 6
8894 3
8895 3
8896 2
8897 2
8898 8
8899 5
8900 4
8901 1
8902 423
8903 18
8904 2
8905 1
8906 1
8907 1
8908 1
8909 26
8910 10
8911 62
8912 3
8913 1
8914 165
8915 2
8916 130
8917 1
8918 1
8919 81
8920 4
8921 38
8922 2
8923 2
8924 1
8925 107
8926 3
8927 73
8928 1
8929 1
8930 1
8931 24
8932 5
8933 2
8934 30
8935 6
8936 1
8937 424
8938 4
8939 4
8940 3
8941 2
8942 1
8943 1
8944 40
8945 7
8946 233
8947 1
8948 29
8949 2
8950 2
8951 2
8952 9
8953 1
8954 1
8955 1
8956 1
8957 1
8958 1
8959 1
8960 11
8961 8
8962 3
8963 94
8964 2
8965 1
8966 82
8967 4
8968 19
8969 5
8970 1
8971 1
8972 166
8973 2
8974 17
8975 3
8976 3
8977 1
8978 49
8979 6
8980 13
8981 2
8982 2
8983 1
8984 1
8985 1
8986 425
8987 47
8988 4
8989 1
8990 45
8991 3
8992 2
8993 131
8994 1
8995 1
8996 426
8997 10
8998 7
8999 2
9000 1
9001 57
9002 5
9003 12
9004 3
9005 1
9006 1
9007 1
9008 1
9009 15
9010 4
9011 2
9012 2
9013 234
9014 1
9015 427
9016 8
9017 6
9018 2
9019 1
9020 1
9021 108
9022 3
9023 235
9024 1
9025 14
9026 9
9027 2
9028 16
9029 4
9030 1
9031 1
9032 1
9033 428
9034 5
9035 3
9036 2
9037 2
9038 2
9039 1
9040 429
9041 132
9042 1
9043 1
9044 167
9045 2
9046 236
9047 1
9048 7
9049 4
9050 3
9051 3
9052 11
9053 2
9054 1
9055 1
9056 1
9057 1
9058 1
9059 50
9060 6
9061 237
9062 1
9063 67
9064 2
9065 2
9066 35
9067 3
9068 1
9069 1
9070 58
9071 5
9072 20
9073 4
9074 2
9075 1
9076 37
9077 8
9078 74
9079 1
9080 1
9081 1
9082 46
9083 3
9084 2
9085 238
9086 1
9087 27
9088 10
9089 23
9090 2
9091 2
9092 1
9093 1
9094 18
9095 4
9096 4
9097 9
9098 6
9099 3
9100 1
9101 168
9102 2
9103 7
9104 5
9105 1
9106 1
9107 1
9108 1
9109 21
9110 13
9111 95
9112 2
9113 1
9114 109
9115 3
9116 28
9117 4
9118 1
9119 1
9120 12
9121 2
9122 2
9123 2
9124 2
9125 239
9126 1
9127 430
9128 3
9129 3
9130 3
9131 2
9132 1
9133 1
9134 1
9135 431
9136 22
9137 8
9138 1
9139 6
9140 5
9141 4
9142 2
9143 133
9144 1
9145 1
9146 110
9147 3
9148 39
9149 2
9150 2
9151 1
9152 25
9153 11
9154 15
9155 1
9156 1
9157 1
9158 1
9159 1
9160 1
9161 17
9162 7
9163 2
9164 14
9165 4
9166 3
9167 1
9168 432
9169 54
9170 2
9171 1
9172 1
9173 32
9174 9
9175 33
9176 5
9177 1
9178 19
9179 3
9180 2
9181 2
9182 10
9183 6
9184 1
9185 1
9186 1
9187 83
9188 4
9189 96
9190 2
9191 1
9192 433
9193 36
9194 3
9195 1
9196 1
9197 16
9198 8
9199 2
9200 240
9201 1
9202 434
9203 4
9204 2
9205 2
9206 2
9207 1
9208 1
9209 1
9210 1
9211 5
9212 5
9213 3
9214 3
9215 24
9216 7
9217 1
9218 169
9219 2
9220 134
9221 1
9222 1
9223 51
9224 6
9225 26
9226 3
9227 2
9228 1
9229 84
9230 4
9231 75
9232 1
9233 1
9234 1
9235 68
9236 2
9237 2
9238 13
9239 12
9240 1
9241 111
9242 3
9243 9
9244 5
9245 2
9246 1
9247 1
9248 435
9249 11
9250 4
9251 4
9252 1
9253 170
9254 2
9255 8
9256 3
9257 1
9258 1
9259 1
9260 1
9261 1
9262 436
9263 6
9264 6
9265 2
9266 2
9267 1
9268 41
9269 7
9270 135
9271 1
9272 1
9273 10
9274 4
9275 3
9276 2
9277 241
9278 1
9279 59
9280 5
9281 31
9282 2
9283 1
9284 1
9285 1
9286 437
9287 18
9288 3
9289 3
9290 1
9291 30
9292 2
9293 2
9294 2
9295 29
9296 4
9297 1
9298 1
9299 20
9300 14
9301 97
9302 2
9303 1
9304 15
9305 6
9306 3
9307 43
9308 1
9309 1
9310 1
9311 1
9312 171
9313 2
9314 34
9315 5
9316 1
9317 9
9318 8
9319 4
9320 7
9321 3
9322 2
9323 2
9324 1
9325 1
9326 438
9327 242
9328 1
9329 172
9330 2
9331 76
9332 1
9333 1
9334 1
9335 112
9336 3
9337 21
9338 4
9339 2
9340 1
9341 439
9342 17
9343 6
9344 1
9345 1
9346 11
9347 5
9348 2
9349 2
9350 63
9351 3
9352 1
9353 23
9354 12
9355 2
9356 1
9357 1
9358 1
9359 1
9360 1
9361 1
9362 1
9363 1
9364 1
9365 1
9366 85
9367 4
9368 16
9369 10
9370 1
9371 13
9372 3
9373 3
9374 2
9375 136
9376 1
9377 1
9378 42
9379 7
9380 8
9381 2
9382 2
9383 2
9384 2
9385 1
9386 440
9387 5
9388 4
9389 3
9390 1
9391 1
9392 1
9393 22
9394 6
9395 2
9396 19
9397 9
9398 1
9399 441
9400 55
9401 2
9402 1
9403 1
9404 113
9405 3
9406 243
9407 1
9408 4
9409 4
9410 4
9411 2
9412 2
9413 44
9414 1
9415 1
9416 1
9417 1
9418 442
9419 27
9420 3
9421 2
9422 1
9423 60
9424 5
9425 137
9426 1
9427 1
9428 173
9429 2
9430 7
9431 6
9432 4
9433 1
9434 114
9435 3
9436 14
9437 2
9438 2
9439 1
9440 1
9441 1
9442 38
9443 8
9444 244
9445 1
9446 174
9447 2
9448 11
9449 3
9450 3
9451 1
9452 1
9453 86
9454 4
9455 15
9456 5
9457 2
9458 1
9459 28
9460 10
9461 25
9462 1
9463 1
9464 1
9465 1
9466 1
9467 9
9468 3
9469 2
9470 2
9471 2
9472 245
9473 1
9474 52
9475 6
9476 12
9477 4
9478 2
9479 1
9480 1
9481 443
9482 64
9483 3
9484 1
9485 18
9486 7
9487 2
9488 77
9489 1
9490 1
9491 1
9492 61
9493 5
9494 40
9495 2
9496 2
9497 1
9498 24
9499 4
9500 3
9501 13
9502 8
9503 1
9504 1
9505 175
9506 2
9507 246
9508 1
9509 444
9510 6
9511 3
9512 2
9513 1
9514 1
9515 1
9516 1
9517 445
9518 48
9519 4
9520 1
9521 69
9522 2
9523 2
9524 20
9525 5
9526 1
9527 1
9528 3
9529 3
9530 3
9531 3
9532 3
9533 98
9534 2
9535 1
9536 17
9537 16
9538 9
9539 7
9540 1
9541 1
9542 1
9543 35
9544 4
9545 2
9546 65
9547 3
9548 1
9549 26
9550 11
9551 10
9552 2
9553 2
9554 2
9555 1
9556 1
9557 53
9558 6
9559 247
9560 1
9561 8
9562 5
9563 3
9564 2
9565 4
9566 4
9567 1
9568 1
9569 1
9570 1
9571 1
9572 1
9573 446
9574 99
9575 2
9576 1
9577 21
9578 14
9579 37
9580 3
9581 1
9582 1
9583 70
9584 2
9585 2
9586 248
9587 1
9588 87
9589 4
9590 32
9591 2
9592 1
9593 1
9594 1
9595 12
9596 7
9597 3
9598 6
9599 5
9600 5
9601 1
9602 176
9603 2
9604 138
9605 1
9606 1
9607 19
9608 15
9609 4
9610 3
9611 3
9612 2
9613 2
9614 1
9615 33
9616 9
9617 45
9618 1
9619 1
9620 1
9621 1
9622 177
9623 2
9624 23
9625 8
9626 1
9627 115
9628 3
9629 56
9630 2
9631 1
9632 1
9633 13
9634 5
9635 4
9636 249
9637 1
9638 6
9639 2
9640 2
9641 2
9642 2
9643 2
9644 22
9645 3
9646 1
9647 1
9648 1
9649 29
9650 10
9651 11
9652 7
9653 2
9654 1
9655 447
9656 30
9657 4
9658 1
9659 1
9660 47
9661 3
9662 2
9663 250
9664 1
9665 448
9666 5
9667 2
9668 2
9669 1
9670 1
9671 1
9672 1
9673 1
9674 449
9675 66
9676 3
9677 1
9678 36
9679 4
9680 2
9681 18
9682 6
9683 1
9684 1
9685 39
9686 8
9687 9
9688 9
9689 2
9690 1
9691 31
9692 3
9693 3
9694 78
9695 1
9696 1
9697 1
9698 71
9699 2
9700 2
9701 49
9702 4
9703 1
9704 7
9705 7
9706 5
9707 16
9708 3
9709 2
9710 1
9711 1
9712 450
9713 14
9714 12
9715 1
9716 178
9717 2
9718 46
9719 1
9720 1
9721 1
9722 1
9723 6
9724 4
9725 4
9726 3
9727 17
9728 2
9729 2
9730 2
9731 1
9732 451
9733 139
9734 1
9735 1
9736 179
9737 2
9738 10
9739 5
9740 3
9741 1
9742 452
9743 8
9744 4
9745 2
9746 1
9747 1
9748 1
9749 27
9750 11
9751 251
9752 1
9753 20
9754 3
9755 2
9756 2
9757 15
9758 7
9759 1
9760 1
9761 34
9762 9
9763 13
9764 6
9765 2
9766 1
9767 88
9768 4
9769 3
9770 3
9771 1
9772 1
9773 1
9774 1
9775 1
9776 1
9777 1
9778 25
9779 5
9780 2
9781 252
9782 1
9783 453
9784 24
9785 2
9786 2
9787 1
9788 1
9789 116
9790 3
9791 50
9792 4
9793 1
9794 180
9795 2
9796 79
9797 1
9798 1
9799 1
9800 454
9801 28
9802 3
9803 2
9804 1
9805 8
9806 6
9807 6
9808 21
9809 5
9810 1
9811 1
9812 7
9813 4
9814 2
9815 2
9816 2
9817 253
9818 1
9819 117
9820 3
9821 19
9822 2
9823 1
9824 1
9825 1
9826 1
9827 455
9828 254
9829 1
9830 12
9831 10
9832 2
9833 9
9834 4
9835 3
9836 1
9837 1
9838 456
9839 41
9840 2
9841 2
9842 1
9843 62
9844 5
9845 11
9846 6
9847 1
9848 1
9849 1
9850 14
9851 3
9852 3
9853 2
9854 255
9855 1
9856 89
9857 4
9858 57
9859 2
9860 1
9861 1
9862 457
9863 8
9864 7
9865 3
9866 1
9867 72
9868 2
9869 2
9870 26
9871 1
9872 1
9873 1
9874 1
9875 1
9876 18
9877 16
9878 5
9879 4
9880 4
9881 2
9882 1
9883 118
9884 3
9885 140
9886 1
9887 1
9888 23
9889 6
9890 2
9891 256
9892 1
9893 22
9894 13
9895 3
9896 2
9897 2
9898 2
9899 2
9900 1
9901 1
9902 1
9903 90
9904 4
9905 257
9906 1
9907 15
9908 9
9909 2
9910 141
9911 1
9912 1
9913 17
9914 5
9915 3
9916 100
9917 2
9918 1
9919 43
9920 7
9921 10
9922 4
9923 1
9924 1
9925 1
9926 1
9927 8
9928 8
9929 2
9930 2
9931 6
9932 3
9933 3
9934 3
9935 1
9936 458
9937 58
9938 2
9939 1
9940 1
9941 459
9942 258
9943 1
9944 11
9945 4
9946 3
9947 2
9948 12
9949 5
9950 1
9951 1
9952 1
9953 460
9954 42
9955 2
9956 2
9957 1
9958 461
9959 38
9960 3
9961 1
9962 1
9963 181
9964 2
9965 51
9966 4
9967 1
9968 54
9969 6
9970 7
9971 2
9972 1
9973 1
9974 1
9975 1
9976 1
9977 1
9978 119
9979 3
9980 20
9981 9
9982 1
9983 5
9984 5
9985 2
9986 2
9987 2
9988 14
9989 8
9990 1
9991 1
9992 91
9993 4
9994 29
9995 3
9996 2
9997 1
9998 462
9999 80
10000 1
10001 1
10002 1
