007318
000120
007953
139250
002260
004086
027750
003415
008292
002487
237593
064989
139251
005185
005940
000523
064413
008284
006577
237270
064989
139251
005185
005940
000523
064413
008284
006577
237270
054429
139251
005185
005940
000523
064413
008284
006577
237270
054429
019565
005185
005940
000523
064413
008284
006577
237270
054429
019565
003714
005940
000523
064413
008284
006577
237270
054429
019565
003714
002375
000523
064413
008284
006577
237270
054429
019565
003714
002375
000030
064413
008284
006577
237270
054429
019565
003714
002375
000030
003987
008284
006577
237270
054429
019565
003714
002375
000030
003987
296150
006577
237270
054429
019565
003714
002375
000030
003987
296150
005132
237270
054429
019565
003714
002375
000030
003987
296150
005132
215366
054429
019565
003714
002375
000030
003987
296150
005132
215366
030101
019565
003714
002375
000030
003987
296150
005132
215366
030101
262626
003714
002375
000030
003987
296150
005132
215366
030101
262626
008302
002375
000030
003987
296150
005132
215366
030101
262626
008302
036040
000030
003987
296150
005132
215366
030101
262626
008302
036040
054055
003987
296150
005132
215366
030101
262626
008302
036040
054055
260443
296150
005132
215366
030101
262626
008302
036040
054055
260443
182703
005132
215366
030101
262626
008302
036040
054055
260443
182703
045917
215366
030101
262626
008302
036040
054055
260443
182703
045917
011540
030101
262626
008302
036040
054055
260443
182703
045917
011540
083221
262626
008302
036040
054055
260443
182703
045917
011540
083221
002618
008302
036040
054055
260443
182703
045917
011540
083221
002618
003991
036040
054055
260443
182703
045917
011540
083221
002618
003991
004198
054055
260443
182703
045917
011540
083221
002618
003991
004198
008406
260443
182703
045917
011540
083221
002618
003991
004198
008406
163511
182703
045917
011540
083221
002618
003991
004198
008406
163511
265509
045917
011540
083221
002618
003991
004198
008406
163511
265509
036036
011540
083221
002618
003991
004198
008406
163511
265509
036036
036039
083221
002618
003991
004198
008406
163511
265509
036036
036039
052126
002618
003991
004198
008406
163511
265509
036036
036039
052126
051027
003991
004198
008406
163511
265509
036036
036039
052126
051027
003986
004198
008406
163511
265509
036036
036039
052126
051027
003986
102370
008406
163511
265509
036036
036039
052126
051027
003986
102370
000119
163511
265509
036036
036039
052126
051027
003986
102370
000119
006046
265509
036036
036039
052126
051027
003986
102370
000119
006046
048724
036036
036039
052126
051027
003986
102370
000119
006046
048724
059893
036039
052126
051027
003986
102370
000119
006046
048724
059893
007305
052126
051027
003986
102370
000119
006046
048724
059893
007305
239660
051027
003986
102370
000119
006046
048724
059893
007305
239660
007434
003986
102370
000119
006046
048724
059893
007305
239660
007434
045763
102370
000119
006046
048724
059893
007305
239660
007434
045763
072649
000119
006046
048724
059893
007305
239660
007434
045763
072649
003313
006046
048724
059893
007305
239660
007434
045763
072649
003313
018900
048724
059893
007305
239660
007434
045763
072649
003313
018900
155043
059893
007305
239660
007434
045763
072649
003313
018900
155043
020338
007305
239660
007434
045763
072649
003313
018900
155043
020338
055012
239660
007434
045763
072649
003313
018900
155043
020338
055012
036038
007434
045763
072649
003313
018900
155043
020338
055012
036038
152980
045763
072649
003313
018900
155043
020338
055012
036038
152980
269526
072649
003313
018900
155043
020338
055012
036038
152980
269526
255127
003313
018900
155043
020338
055012
036038
152980
269526
255127
065621
018900
155043
020338
055012
036038
152980
269526
255127
065621
025586
155043
020338
055012
036038
152980
269526
255127
065621
025586
052330
020338
055012
036038
152980
269526
255127
065621
025586
052330
048760
055012
036038
152980
269526
255127
065621
025586
052330
048760
006666
036038
152980
269526
255127
065621
025586
052330
048760
006666
008289
152980
269526
255127
065621
025586
052330
048760
006666
008289
031298
269526
255127
065621
025586
052330
048760
006666
008289
031298
228474
255127
065621
025586
052330
048760
006666
008289
031298
228474
243752
065621
025586
052330
048760
006666
008289
031298
228474
243752
018818
025586
052330
048760
006666
008289
031298
228474
243752
018818
051885
052330
048760
006666
008289
031298
228474
243752
018818
051885
057506
048760
006666
008289
031298
228474
243752
018818
051885
057506
005245
006666
008289
031298
228474
243752
018818
051885
057506
005245
116608
008289
031298
228474
243752
018818
051885
057506
005245
116608
220466
031298
228474
243752
018818
051885
057506
005245
116608
220466
286622
228474
243752
018818
051885
057506
005245
116608
220466
286622
163357
243752
018818
051885
057506
005245
116608
220466
286622
163357
087061
018818
051885
057506
005245
116608
220466
286622
163357
087061
004488
051885
057506
005245
116608
220466
286622
163357
087061
004488
037861
057506
005245
116608
220466
286622
163357
087061
004488
037861
057889
005245
116608
220466
286622
163357
087061
004488
037861
057889
009994
116608
220466
286622
163357
087061
004488
037861
057889
009994
014261
220466
286622
163357
087061
004488
037861
057889
009994
014261
163334
286622
163357
087061
004488
037861
057889
009994
014261
163334
258851
163357
087061
004488
037861
057889
009994
014261
163334
258851
004185
087061
004488
037861
057889
009994
014261
163334
258851
004185
035327
004488
037861
057889
009994
014261
163334
258851
004185
035327
121032
037861
057889
009994
014261
163334
258851
004185
035327
121032
135141
057889
009994
014261
163334
258851
004185
035327
121032
135141
227413
009994
014261
163334
258851
004185
035327
121032
135141
227413
228074
014261
163334
258851
004185
035327
121032
135141
227413
228074
035517
163334
258851
004185
035327
121032
135141
227413
228074
035517
050873
258851
004185
035327
121032
135141
227413
228074
035517
050873
061909
004185
035327
121032
135141
227413
228074
035517
050873
061909
043276
035327
121032
135141
227413
228074
035517
050873
061909
043276
151843
121032
135141
227413
228074
035517
050873
061909
043276
151843
008908
135141
227413
228074
035517
050873
061909
043276
151843
008908
162499
227413
228074
035517
050873
061909
043276
151843
008908
162499
054225
228074
035517
050873
061909
043276
151843
008908
162499
054225
289813
035517
050873
061909
043276
151843
008908
162499
054225
289813
289814
050873
061909
043276
151843
008908
162499
054225
289813
289814
003434
061909
043276
151843
008908
162499
054225
289813
289814
003434
004087
043276
151843
008908
162499
054225
289813
289814
003434
004087
004186
151843
008908
162499
054225
289813
289814
003434
004087
004186
030102
008908
162499
054225
289813
289814
003434
004087
004186
030102
066520
162499
054225
289813
289814
003434
004087
004186
030102
066520
084937
054225
289813
289814
003434
004087
004186
030102
066520
084937
036044
289813
289814
003434
004087
004186
030102
066520
084937
036044
056539
